,0,1,user_id,x,y,clusters
0,30.85182858389243,-5.8440942249873835,37,18.937510567705566,1.034768221250525,27
1,-10.81494646711991,1.9147396217943204,43,-6.878718007946434,-1.0926682779646681,10
2,-111.0619571822289,4.096511679660021,49,-114.33047638704419,5.73481138949136,19
3,-77.80655671480193,0.08343554025225769,62,-77.6204452281073,-4.536559244831727,5
4,-22.860359830509072,2.1866894025533568,64,-29.714479793685786,-1.264748112657314,8
5,-110.60222124250008,-3.92975490678208,72,-109.71624596876933,-1.0040630408538558,16
6,109.1466105101949,7.856529609299008,86,104.96211155305676,-0.5414592591613776,31
7,81.5775604311372,-0.513296451924427,89,78.01149217232324,3.6022338347977136,6
8,-126.40900251378235,-7.409391076174408,93,-130.75996572568545,-6.6137591708523855,18
9,-99.16141492718086,5.454203563922774,102,-96.6939343764425,2.7165835152131033,15
10,-101.99660855204321,2.2935681166422563,111,-104.7190727296112,3.8815952186994593,7
11,-152.918513950096,-1.2911414368431153,113,-148.09620948762597,-1.1157003398540595,36
12,-37.97471271375254,4.94954096220755,117,-29.714479793685786,-1.264748112657314,8
13,-78.9456512564674,2.0900483344637126,124,-77.6204452281073,-4.536559244831727,5
14,-132.02027624508244,0.7855292572806031,135,-134.89656831690453,-0.030690791204986433,34
15,211.97799619631965,-16.18419083803559,142,227.03647807555316,-5.020718083634986,26
16,-94.57633729023178,-3.6932713449665706,147,-96.6939343764425,2.7165835152131033,15
17,106.91959714642829,10.210898566227561,160,104.96211155305676,-0.5414592591613776,31
18,-80.61471822308997,-3.6573905683100967,163,-77.6204452281073,-4.536559244831727,5
19,-73.21101314924897,6.972733684798017,169,-66.8889597803445,2.169628081691683,14
20,-115.12096500830145,4.307183580317443,176,-114.33047638704419,5.73481138949136,19
21,-118.15686711744334,5.027376724259545,185,-114.33047638704419,5.73481138949136,19
22,-116.26826744214107,6.983289025223101,192,-114.33047638704419,5.73481138949136,19
23,30.29075340759233,-41.340408349326864,195,28.39696760572947,-22.91072472808294,12
24,-104.78415026920625,-2.403838509601106,201,-109.71624596876933,-1.0040630408538558,16
25,-146.94318734882077,-1.6830126721391017,203,-148.09620948762597,-1.1157003398540595,36
26,-108.53857794358545,-5.266163471110249,205,-109.71624596876933,-1.0040630408538558,16
27,-64.23519619122915,-8.098138124895476,208,-66.8889597803445,2.169628081691683,14
28,1321.0450941263953,6.796069451593574,210,1342.5649032771717,32.04824045393157,32
29,-128.5575032808834,-5.202148313975088,212,-130.75996572568545,-6.6137591708523855,18
30,-101.82149830514555,0.00786749683928795,230,-104.7190727296112,3.8815952186994593,7
31,43.66618882979986,11.635347218695197,238,47.997068783449585,1.2679199422360634,13
32,-113.14999029860171,4.426815972900913,239,-114.33047638704419,5.73481138949136,19
33,-111.2835401446106,7.4087371064977345,245,-114.33047638704419,5.73481138949136,19
34,-101.6954832993299,-3.767748747198357,261,-96.6939343764425,2.7165835152131033,15
35,533.1080172329754,21.98015771912525,264,586.0312761189704,-1.722944617346204,30
36,165.43731073183022,20.2264341275656,267,172.66355239880147,-2.7112682595768685,38
37,-90.93071644398802,-13.17274049708433,270,-95.36861679384212,-10.95784818293233,28
38,-92.8775612452427,0.8784598775013426,272,-96.6939343764425,2.7165835152131033,15
39,112.80144906187412,-46.00280990168376,278,110.19899446847099,-35.665903512662624,21
40,199.88303109879013,14.631407568750939,284,172.66355239880147,-2.7112682595768685,38
41,-120.26768330301825,6.399969170424941,285,-123.80894152337959,5.566802721935252,23
42,-44.08575355021194,5.759194304450031,293,-49.93530245157272,-0.19848027172185767,2
43,633.6632670253098,-40.2354692159006,313,586.0312761189704,-1.722944617346204,30
44,-124.06545864162639,1.9169222305078908,315,-123.94204162798616,-1.5144507595891967,3
45,-118.16231464672981,4.121823055196749,317,-118.09857507912784,0.7103841694799473,11
46,-64.75760922680361,-0.25939102736249925,324,-66.8889597803445,2.169628081691683,14
47,-124.98699128594379,2.212868390893447,329,-123.80894152337959,5.566802721935252,23
48,-18.612514744858768,-0.0970218532672245,342,-29.714479793685786,-1.264748112657314,8
49,13.368283801384761,-0.16487062365053826,350,18.937510567705566,1.034768221250525,27
50,22.25652489056339,2.4443762313245663,351,18.937510567705566,1.034768221250525,27
51,41.199898489039086,4.518827550152542,359,47.997068783449585,1.2679199422360634,13
52,-69.00695166171988,3.6022113456310394,376,-66.8889597803445,2.169628081691683,14
53,-137.94811356237796,1.1439169941219327,378,-134.89656831690453,-0.030690791204986433,34
54,-111.99150026404453,1.4965664063588606,404,-109.71624596876933,-1.0040630408538558,16
55,-96.28588509200176,7.199084931939711,406,-96.6939343764425,2.7165835152131033,15
56,-76.99787670829029,3.775765852410975,417,-77.6204452281073,-4.536559244831727,5
57,-117.51327212010278,-5.472395448765876,426,-118.09857507912784,0.7103841694799473,11
58,-56.52767424150724,-17.828155226244256,429,-49.93530245157272,-0.19848027172185767,2
59,289.26585055867423,-17.594116258688928,432,302.44973475302317,-5.405747081354008,25
60,501.913367293707,-5.274524325601603,454,586.0312761189704,-1.722944617346204,30
61,-33.10894001758547,5.41161130389448,471,-29.714479793685786,-1.264748112657314,8
62,64.06049653404544,5.8870159587874795,473,78.01149217232324,3.6022338347977136,6
63,-136.98700105149058,-0.04840799481629457,477,-134.89656831690453,-0.030690791204986433,34
64,18.28409701383688,0.7510988545825805,480,18.937510567705566,1.034768221250525,27
65,-119.88619318873756,1.1194351585543199,484,-118.09857507912784,0.7103841694799473,11
66,-75.09859598389794,4.989394371162967,489,-66.8889597803445,2.169628081691683,14
67,-55.281030662284195,7.295804804678651,494,-49.93530245157272,-0.19848027172185767,2
68,39.73169050189247,-18.31645165868781,525,28.39696760572947,-22.91072472808294,12
69,-3.418983768715035,11.678115509656813,526,-6.878718007946434,-1.0926682779646681,10
70,-133.36404248250778,7.758785656796295,536,-132.1080396739421,5.887059356646324,17
71,-131.0986708686633,3.0134973911835923,541,-129.1025175244067,1.5488809909733745,1
72,-146.08867633035263,1.5256178401243599,542,-146.59606179012786,4.113086925586259,4
73,-145.1142885135939,3.65781404638283,546,-146.59606179012786,4.113086925586259,4
74,6.716430782425703,-19.548862380279743,560,28.39696760572947,-22.91072472808294,12
75,-151.00926858261627,0.21952700310842685,561,-148.09620948762597,-1.1157003398540595,36
76,-90.0511822625145,3.182722200600115,570,-85.91178621041317,3.2728237667350073,24
77,-84.16366196619443,5.758715332916302,571,-85.91178621041317,3.2728237667350073,24
78,-135.0915094433726,1.7753504023158568,572,-134.89656831690453,-0.030690791204986433,34
79,-98.08428965044325,3.2788721457767838,577,-96.6939343764425,2.7165835152131033,15
80,-64.14836859268668,6.26730282296712,597,-66.8889597803445,2.169628081691683,14
81,15.387522571169782,-14.241066103209057,606,28.39696760572947,-22.91072472808294,12
82,-60.886344556374716,2.1204913084302475,607,-66.8889597803445,2.169628081691683,14
83,-154.10325307039577,2.206704989029869,619,-152.23629829764135,4.213482038439798,37
84,-72.70630864883134,-1.516950209087332,634,-77.6204452281073,-4.536559244831727,5
85,-102.14719254258338,3.5671989866429215,639,-104.7190727296112,3.8815952186994593,7
86,-148.97813239421504,-0.9450601884992054,644,-148.09620948762597,-1.1157003398540595,36
87,697.49225849014,-35.39950565371172,690,586.0312761189704,-1.722944617346204,30
88,-151.9472505340757,-0.6543069347228192,697,-148.09620948762597,-1.1157003398540595,36
89,-117.50569503728319,-5.126737586741413,708,-118.09857507912784,0.7103841694799473,11
90,-139.96647180930555,-0.041335536816393535,711,-141.0346653257256,-1.1036168920026446,0
91,-110.42442312792265,-6.272318664499579,714,-109.71624596876933,-1.0040630408538558,16
92,-138.14572661547112,2.9369093055574775,724,-137.57400940459857,4.493303950559668,20
93,-47.92025040809448,2.552879823689452,725,-49.93530245157272,-0.19848027172185767,2
94,91.2838682744817,5.0480590197430315,728,78.01149217232324,3.6022338347977136,6
95,-45.460733022513914,-4.397131142889608,737,-49.93530245157272,-0.19848027172185767,2
96,-43.77325494725511,-13.779387241616469,777,-49.93530245157272,-0.19848027172185767,2
97,-140.9796572539821,1.2624300855161854,781,-141.0346653257256,-1.1036168920026446,0
98,856.1267416864221,-24.72238242901683,786,861.6475783799328,6.515082937232454,35
99,-139.27321487850432,5.683049465621844,788,-137.57400940459857,4.493303950559668,20
100,-123.60315752090355,-4.1126759987491255,795,-123.94204162798616,-1.5144507595891967,3
101,-68.03732515680888,-10.958517702096934,800,-77.6204452281073,-4.536559244831727,5
102,-139.17622844812715,3.5403073620897003,814,-137.57400940459857,4.493303950559668,20
103,-124.18180970801923,3.9350653766050665,821,-123.80894152337959,5.566802721935252,23
104,-126.50878270660525,-5.717009584865889,836,-130.75996572568545,-6.6137591708523855,18
105,108.69528115688799,-1.6180808240129416,845,104.96211155305676,-0.5414592591613776,31
106,493.7471789609409,11.419206310878792,847,417.6915390220547,-4.11857226961515,29
107,157.97979407014995,-18.149380712490363,848,172.66355239880147,-2.7112682595768685,38
108,379.6495600748373,-5.6576820953930245,857,417.6915390220547,-4.11857226961515,29
109,-24.965480636027362,3.4160005299453644,873,-29.714479793685786,-1.264748112657314,8
110,-16.746976964619083,-0.1936924722302529,899,-6.878718007946434,-1.0926682779646681,10
111,-120.11087679372142,2.972430204485387,905,-118.09857507912784,0.7103841694799473,11
112,118.68550015318891,-0.7215598692068518,907,104.96211155305676,-0.5414592591613776,31
113,-151.11151243848468,2.953454672243527,934,-152.23629829764135,4.213482038439798,37
114,109.28245122224025,5.379292140281734,935,104.96211155305676,-0.5414592591613776,31
115,-97.1091323287396,4.344486436910134,939,-96.6939343764425,2.7165835152131033,15
116,-32.62478589072455,-0.5767758268246185,950,-29.714479793685786,-1.264748112657314,8
117,-116.33788780529059,7.985130591082473,967,-114.33047638704419,5.73481138949136,19
118,406.40247898818427,-15.542321931743082,968,417.6915390220547,-4.11857226961515,29
119,396.1304413027873,17.14085768451946,973,417.6915390220547,-4.11857226961515,29
120,-64.62228176976528,-2.1983910427870086,977,-66.8889597803445,2.169628081691683,14
121,-118.79610115034092,-2.8867124124898695,981,-118.09857507912784,0.7103841694799473,11
122,-45.90545247199943,1.7846330412545688,1003,-49.93530245157272,-0.19848027172185767,2
123,-105.09328124473132,3.8538726499831903,1008,-104.7190727296112,3.8815952186994593,7
124,-149.84395417687765,-2.8811470912812767,1026,-148.09620948762597,-1.1157003398540595,36
125,301.9269066888277,-12.520232853562154,1027,302.44973475302317,-5.405747081354008,25
126,-114.95953878396654,0.7617970337829858,1034,-118.09857507912784,0.7103841694799473,11
127,-21.675635964172397,0.21406597413874862,1038,-29.714479793685786,-1.264748112657314,8
128,-83.97001734154924,2.0187253198607364,1042,-85.91178621041317,3.2728237667350073,24
129,-94.10879542352507,4.398127428114277,1069,-96.6939343764425,2.7165835152131033,15
130,-119.25703621019767,6.167165477784538,1070,-123.80894152337959,5.566802721935252,23
131,-94.9518693673806,1.9645517109217998,1079,-96.6939343764425,2.7165835152131033,15
132,-78.52484445742827,-5.078982436764906,1080,-77.6204452281073,-4.536559244831727,5
133,110.37838173306646,-10.915343441245382,1084,104.96211155305676,-0.5414592591613776,31
134,-150.13761519926874,2.524508716843335,1085,-152.23629829764135,4.213482038439798,37
135,54.182011088432745,5.132068083140963,1088,47.997068783449585,1.2679199422360634,13
136,-123.04176267118571,1.9091442388318591,1094,-123.94204162798616,-1.5144507595891967,3
137,-113.73261635497877,-3.1654325218442474,1106,-109.71624596876933,-1.0040630408538558,16
138,-133.34984224939097,7.4563988239805985,1114,-132.1080396739421,5.887059356646324,17
139,-115.05306415342615,1.2650824013658053,1129,-118.09857507912784,0.7103841694799473,11
140,-128.06322280109262,2.8267974501550324,1133,-129.1025175244067,1.5488809909733745,1
141,106.77100758536142,-1.771584714703915,1136,104.96211155305676,-0.5414592591613776,31
142,-127.28784910319361,6.198670714425539,1144,-123.80894152337959,5.566802721935252,23
143,239.09243814659547,-17.207693422746324,1150,227.03647807555316,-5.020718083634986,26
144,-7.518811480042268,14.303077427739671,1151,-6.878718007946434,-1.0926682779646681,10
145,410.7291948805281,-34.27646218567994,1164,417.6915390220547,-4.11857226961515,29
146,-111.05843498577752,2.464058502529147,1167,-109.71624596876933,-1.0040630408538558,16
147,41.88898083190186,9.297088110169728,1180,47.997068783449585,1.2679199422360634,13
148,-41.229895461387095,-7.830260010386124,1206,-49.93530245157272,-0.19848027172185767,2
149,-138.1075436076098,3.0884371983551295,1207,-137.57400940459857,4.493303950559668,20
150,9.42997674080943,-0.041660665289039084,1210,18.937510567705566,1.034768221250525,27
151,-16.734784780401796,1.5996073313031633,1215,-6.878718007946434,-1.0926682779646681,10
152,192.86256580592598,-0.7880102902952936,1216,172.66355239880147,-2.7112682595768685,38
153,602.8289914836658,-14.919592321907572,1242,586.0312761189704,-1.722944617346204,30
154,-35.89462538400705,-11.484942690826855,1254,-29.714479793685786,-1.264748112657314,8
155,-118.61133171586576,-4.370093714501687,1260,-118.09857507912784,0.7103841694799473,11
156,544.3838194407895,3.971975531733064,1271,586.0312761189704,-1.722944617346204,30
157,-89.9479898062033,-13.803521938924415,1291,-95.36861679384212,-10.95784818293233,28
158,8.80178168976791,-6.649625838266923,1293,18.937510567705566,1.034768221250525,27
159,-62.099246361076865,5.727212780197532,1298,-66.8889597803445,2.169628081691683,14
160,-114.2326517201357,5.729043647167291,1304,-114.33047638704419,5.73481138949136,19
161,-86.90792214175632,1.6404613363040126,1315,-85.91178621041317,3.2728237667350073,24
162,39.90849710845871,8.83194952140477,1331,47.997068783449585,1.2679199422360634,13
163,-99.57573163537033,-18.529360616053978,1344,-95.36861679384212,-10.95784818293233,28
164,175.95451717247477,-2.569250473137255,1352,172.66355239880147,-2.7112682595768685,38
165,-96.15430629791956,5.850739095894982,1353,-96.6939343764425,2.7165835152131033,15
166,20.070319425255487,5.976530272477123,1356,18.937510567705566,1.034768221250525,27
167,-88.33457983115234,8.386220673556974,1362,-85.91178621041317,3.2728237667350073,24
168,-114.40824249896414,9.064131480275563,1369,-114.33047638704419,5.73481138949136,19
169,213.17166753735503,10.585945530346711,1372,227.03647807555316,-5.020718083634986,26
170,-135.1739082379639,3.5909428424138845,1383,-137.57400940459857,4.493303950559668,20
171,108.05021348831312,7.892021697415489,1388,104.96211155305676,-0.5414592591613776,31
172,-137.15555087221546,4.678297180394856,1392,-137.57400940459857,4.493303950559668,20
173,-68.24298831184126,-8.000004637131816,1400,-77.6204452281073,-4.536559244831727,5
174,186.21877825971916,8.07871580809041,1410,172.66355239880147,-2.7112682595768685,38
175,114.47062446054802,2.3723582526729587,1432,104.96211155305676,-0.5414592591613776,31
176,19.117187902102646,4.9224745744039105,1439,18.937510567705566,1.034768221250525,27
177,-18.492345195785084,-2.7247163914292165,1443,-29.714479793685786,-1.264748112657314,8
178,-92.1870000662532,6.141451719967472,1449,-96.6939343764425,2.7165835152131033,15
179,16.265198160588056,2.150798958510505,1456,18.937510567705566,1.034768221250525,27
180,-129.1668147745606,4.04659987237002,1462,-129.1025175244067,1.5488809909733745,1
181,-9.511500909129778,-1.6489372920992176,1466,-6.878718007946434,-1.0926682779646681,10
182,-125.24470151071752,5.297081517601754,1472,-123.80894152337959,5.566802721935252,23
183,-99.89397948691939,1.6495430321139761,1497,-96.6939343764425,2.7165835152131033,15
184,357.74698644233155,6.576763569894241,1498,302.44973475302317,-5.405747081354008,25
185,-95.03656685664203,1.7502459376674315,1500,-96.6939343764425,2.7165835152131033,15
186,-140.2035500777036,4.126596428547223,1528,-142.14616351708418,5.245197398204194,22
187,-114.01873804270326,1.5719481165353377,1529,-118.09857507912784,0.7103841694799473,11
188,-113.41390013707556,9.213232978159065,1533,-114.33047638704419,5.73481138949136,19
189,-113.18070440461629,5.629671641979239,1543,-114.33047638704419,5.73481138949136,19
190,250.88110071539646,-13.397127424976379,1553,227.03647807555316,-5.020718083634986,26
191,-10.9646012685322,3.644704901934223,1562,-6.878718007946434,-1.0926682779646681,10
192,-61.68343600953686,-1.321899173540575,1570,-66.8889597803445,2.169628081691683,14
193,271.90043668037225,1.772802614612458,1575,302.44973475302317,-5.405747081354008,25
194,-79.94067754295692,2.479497866807424,1580,-85.91178621041317,3.2728237667350073,24
195,209.45925593194028,5.764650219054534,1595,227.03647807555316,-5.020718083634986,26
196,-94.927328061254,1.9299039358614345,1602,-96.6939343764425,2.7165835152131033,15
197,29.623399792841195,-2.4117495602280727,1613,18.937510567705566,1.034768221250525,27
198,-126.87765767337504,-1.2313930852943251,1619,-123.94204162798616,-1.5144507595891967,3
199,305.56863924890615,21.2471838284214,1640,302.44973475302317,-5.405747081354008,25
200,193.3538822957964,6.246305129364671,1648,172.66355239880147,-2.7112682595768685,38
201,-108.18279600618757,5.258044834944872,1653,-104.7190727296112,3.8815952186994593,7
202,-71.61897820870692,-2.382537013877269,1654,-77.6204452281073,-4.536559244831727,5
203,-96.11721034342928,4.011655082066955,1660,-96.6939343764425,2.7165835152131033,15
204,-141.69738720299688,-3.8953560576866857,1662,-141.0346653257256,-1.1036168920026446,0
205,-64.76422696368381,-1.137073891322562,1682,-66.8889597803445,2.169628081691683,14
206,-39.070573618703165,3.9389843228944934,1691,-29.714479793685786,-1.264748112657314,8
207,-64.0038080627327,4.63843114430009,1698,-66.8889597803445,2.169628081691683,14
208,-116.33154635612266,7.872363677140995,1700,-114.33047638704419,5.73481138949136,19
209,-7.530758212215563,-1.7032712441990288,1707,-6.878718007946434,-1.0926682779646681,10
210,-131.30416095932762,7.025247259500931,1720,-132.1080396739421,5.887059356646324,17
211,-154.31279242059568,6.274628374522188,1728,-152.23629829764135,4.213482038439798,37
212,84.45200808583698,2.278581352322063,1730,78.01149217232324,3.6022338347977136,6
213,-144.95688463902096,-0.8331121757170702,1733,-148.09620948762597,-1.1157003398540595,36
214,92.95710967131309,-5.05304761454681,1737,104.96211155305676,-0.5414592591613776,31
215,498.5988564828129,13.72025496804253,1750,417.6915390220547,-4.11857226961515,29
216,392.567857947858,-18.381129230700395,1759,417.6915390220547,-4.11857226961515,29
217,-89.03197152898835,3.2964376641579882,1760,-85.91178621041317,3.2728237667350073,24
218,-96.48755700429659,-4.645731303491725,1766,-95.36861679384212,-10.95784818293233,28
219,-43.62582390298987,-1.769391687747067,1768,-49.93530245157272,-0.19848027172185767,2
220,164.809571641399,-0.6094654598451685,1781,172.66355239880147,-2.7112682595768685,38
221,-121.06135265582158,1.8506507949398188,1783,-118.09857507912784,0.7103841694799473,11
222,-93.85206958973511,0.29175440663868923,1788,-96.6939343764425,2.7165835152131033,15
223,-134.28652881405978,6.055639665502325,1794,-132.1080396739421,5.887059356646324,17
224,186.25045222659145,7.884043517050812,1802,172.66355239880147,-2.7112682595768685,38
225,-144.94965138778633,1.066006823552963,1808,-146.59606179012786,4.113086925586259,4
226,-13.757739914967997,1.6381203189337061,1832,-6.878718007946434,-1.0926682779646681,10
227,57.269052252329985,-11.465766241521578,1833,70.166569844569,-14.692630117552799,9
228,-103.99545969128931,2.2328324494698757,1843,-104.7190727296112,3.8815952186994593,7
229,778.1559045193275,29.672220507230602,1859,861.6475783799328,6.515082937232454,35
230,-65.56304681661669,-3.5001497399714068,1863,-66.8889597803445,2.169628081691683,14
231,-120.07568588078264,3.2302512915178947,1867,-118.09857507912784,0.7103841694799473,11
232,-101.56761906078462,-4.5203186796638075,1885,-96.6939343764425,2.7165835152131033,15
233,-20.751324418917264,-13.87700194003646,1886,-29.714479793685786,-1.264748112657314,8
234,44.96946384343995,-7.167400003727674,1890,47.997068783449585,1.2679199422360634,13
235,-73.0887898016319,3.7858786418756156,1921,-66.8889597803445,2.169628081691683,14
236,-85.9142607844143,2.321084253275307,1926,-85.91178621041317,3.2728237667350073,24
237,-123.01182127748413,2.7990783785739373,1931,-123.80894152337959,5.566802721935252,23
238,14.446731296050594,-0.3310091335017642,1935,18.937510567705566,1.034768221250525,27
239,204.68915679562443,2.69760628129353,1965,227.03647807555316,-5.020718083634986,26
240,4.955075836112501,-22.751922361394254,1967,28.39696760572947,-22.91072472808294,12
241,-71.83908614447846,-0.13254653119406246,1974,-66.8889597803445,2.169628081691683,14
242,-45.70491559955594,-0.05476335391236441,1978,-49.93530245157272,-0.19848027172185767,2
243,-111.11649976651391,3.742986741663124,1988,-114.33047638704419,5.73481138949136,19
244,-143.16114988665427,3.174476551683567,1995,-142.14616351708418,5.245197398204194,22
245,-4.994474368492225,-9.806479438652886,2012,-6.878718007946434,-1.0926682779646681,10
246,134.43605553946318,-11.25812894049094,2022,135.4076551174278,-1.697351881935795,33
247,109.79733360295829,-2.8058147123784822,2033,104.96211155305676,-0.5414592591613776,31
248,-133.3647903331265,7.792155311147135,2035,-132.1080396739421,5.887059356646324,17
249,-149.15312079545666,3.9135775963080484,2036,-146.59606179012786,4.113086925586259,4
250,356.3330186397198,-44.829639765780506,2055,302.44973475302317,-5.405747081354008,25
251,-123.17729833938739,3.8591982999192846,2063,-123.80894152337959,5.566802721935252,23
252,-88.47458046120525,-5.3122810819179875,2071,-95.36861679384212,-10.95784818293233,28
253,-109.08770536114557,2.6344681448999734,2077,-109.71624596876933,-1.0040630408538558,16
254,-121.95218345816383,-0.02675968128063802,2089,-123.94204162798616,-1.5144507595891967,3
255,364.37144109186204,-30.813088224815306,2094,417.6915390220547,-4.11857226961515,29
256,-138.06512932153453,2.683442695735686,2097,-137.57400940459857,4.493303950559668,20
257,107.00715456543831,8.29588172426958,2099,104.96211155305676,-0.5414592591613776,31
258,-148.21170731375227,4.7195090880486905,2125,-146.59606179012786,4.113086925586259,4
259,-126.93625239502093,0.5705096960900652,2128,-129.1025175244067,1.5488809909733745,1
260,246.39372078035075,-6.391744333464349,2130,227.03647807555316,-5.020718083634986,26
261,-66.02922915563997,4.652090978499811,2135,-66.8889597803445,2.169628081691683,14
262,-153.06854167551174,1.4797184957002136,2138,-152.23629829764135,4.213482038439798,37
263,-138.1733907338902,4.028507945225815,2141,-137.57400940459857,4.493303950559668,20
264,154.26074004948907,7.13205863396272,2143,135.4076551174278,-1.697351881935795,33
265,14.081963537460014,4.596060111583515,2156,18.937510567705566,1.034768221250525,27
266,-41.945662040683054,3.7217519373154033,2165,-49.93530245157272,-0.19848027172185767,2
267,-133.09902422069433,1.9603422079511161,2170,-134.89656831690453,-0.030690791204986433,34
268,-105.23684711385322,6.482140705210265,2187,-104.7190727296112,3.8815952186994593,7
269,-137.73030812793783,-3.620125880657424,2197,-141.0346653257256,-1.1036168920026446,0
270,-32.152363221891925,6.8813770234762925,2198,-29.714479793685786,-1.264748112657314,8
271,56.42630455866903,1.3429750690618916,2199,47.997068783449585,1.2679199422360634,13
272,-22.48148742307185,-17.245189099569348,2212,-29.714479793685786,-1.264748112657314,8
273,-28.105040209347173,5.920496788608802,2214,-29.714479793685786,-1.264748112657314,8
274,115.19853427380369,-7.919788548403112,2217,104.96211155305676,-0.5414592591613776,31
275,-139.35054215765823,7.364346214459437,2219,-137.57400940459857,4.493303950559668,20
276,-90.821267004012,-14.541925824107725,2237,-95.36861679384212,-10.95784818293233,28
277,-101.08509466508224,3.2307135724065774,2239,-104.7190727296112,3.8815952186994593,7
278,-105.03583485904134,1.5731534138771641,2247,-104.7190727296112,3.8815952186994593,7
279,3.23604045504077,-12.165147041515244,2255,-6.878718007946434,-1.0926682779646681,10
280,-132.16415925672874,3.9058854429463716,2261,-132.1080396739421,5.887059356646324,17
281,-64.45730393620059,11.47955674900827,2263,-66.8889597803445,2.169628081691683,14
282,-92.39386480184479,9.62409894557652,2273,-96.6939343764425,2.7165835152131033,15
283,110.54065789472189,1.2686432517355504,2282,104.96211155305676,-0.5414592591613776,31
284,13.895852675118292,8.144925595413307,2285,18.937510567705566,1.034768221250525,27
285,-102.68793939813072,-3.4356549538952446,2309,-109.71624596876933,-1.0040630408538558,16
286,-115.90437079550767,1.0651938430841665,2315,-118.09857507912784,0.7103841694799473,11
287,284.3471428707472,25.23891488734537,2316,302.44973475302317,-5.405747081354008,25
288,-76.9604657071471,3.4680779762518523,2328,-77.6204452281073,-4.536559244831727,5
289,-31.683994325057597,0.22917145240656567,2332,-29.714479793685786,-1.264748112657314,8
290,-96.93833855022471,1.1075651492231393,2338,-96.6939343764425,2.7165835152131033,15
291,-101.69956541647083,-1.6271357554426922,2345,-104.7190727296112,3.8815952186994593,7
292,-129.84552571668473,-1.4888174286695253,2353,-129.1025175244067,1.5488809909733745,1
293,-23.93173389762653,4.2426689693220645,2354,-29.714479793685786,-1.264748112657314,8
294,145.70904278902822,0.24718317959313854,2355,135.4076551174278,-1.697351881935795,33
295,-119.04644178552547,2.5833058250421104,2360,-118.09857507912784,0.7103841694799473,11
296,177.0217515594287,-3.5138403292509834,2362,172.66355239880147,-2.7112682595768685,38
297,134.4899644026673,-11.927034988761969,2365,135.4076551174278,-1.697351881935795,33
298,-20.75408341845645,-13.813865991555295,2371,-29.714479793685786,-1.264748112657314,8
299,-87.04177872399916,2.531231462959872,2373,-85.91178621041317,3.2728237667350073,24
300,316.28479280696774,-31.260570201976037,2383,302.44973475302317,-5.405747081354008,25
301,-112.3094973909279,-8.317755467692576,2386,-115.69510858146283,-11.595084171039186,39
302,-151.01097283482187,0.7699226991588543,2391,-148.09620948762597,-1.1157003398540595,36
303,101.0201436128688,-21.029116198855448,2397,110.19899446847099,-35.665903512662624,21
304,-17.071257024499584,-8.330851895535547,2403,-6.878718007946434,-1.0926682779646681,10
305,523.9042973078733,-47.347566828782035,2405,586.0312761189704,-1.722944617346204,30
306,283.1992609263166,-2.540004689979165,2415,302.44973475302317,-5.405747081354008,25
307,-20.927595780032973,3.689006707653887,2416,-29.714479793685786,-1.264748112657314,8
308,-127.1906462946975,4.587280315522351,2417,-123.80894152337959,5.566802721935252,23
309,-43.70218039954865,-1.1238161258367498,2422,-49.93530245157272,-0.19848027172185767,2
310,-118.99087056795423,0.8759431870220136,2438,-118.09857507912784,0.7103841694799473,11
311,142.09216943150284,-6.161820736954671,2439,135.4076551174278,-1.697351881935795,33
312,-100.7146217864563,-3.3328873609151595,2460,-96.6939343764425,2.7165835152131033,15
313,-90.86038458031054,0.518988893283641,2486,-85.91178621041317,3.2728237667350073,24
314,61.841669442601216,10.149195169147779,2487,47.997068783449585,1.2679199422360634,13
315,16.250153341049646,2.485263603565383,2490,18.937510567705566,1.034768221250525,27
316,-91.1088687674654,2.8983678601761214,2494,-85.91178621041317,3.2728237667350073,24
317,255.03799532779342,-1.0271551406933879,2495,227.03647807555316,-5.020718083634986,26
318,-54.44669006454101,-19.060715460896162,2501,-49.93530245157272,-0.19848027172185767,2
319,198.85022675308892,-14.629291406101036,2505,172.66355239880147,-2.7112682595768685,38
320,508.4455514758971,15.713294300473882,2518,586.0312761189704,-1.722944617346204,30
321,-127.97006294075975,-0.7768728052935057,2521,-129.1025175244067,1.5488809909733745,1
322,-86.07695125943077,4.347062195177121,2540,-85.91178621041317,3.2728237667350073,24
323,-149.81166172594442,-3.600527842128499,2547,-148.09620948762597,-1.1157003398540595,36
324,-61.7246056461568,-0.907187866726336,2551,-66.8889597803445,2.169628081691683,14
325,245.74589378074697,-11.557187041049275,2555,227.03647807555316,-5.020718083634986,26
326,-35.23637087434819,8.17830281887327,2572,-29.714479793685786,-1.264748112657314,8
327,193.6285928416982,2.805374957726126,2584,172.66355239880147,-2.7112682595768685,38
328,-127.09491466122077,2.499593240268366,2585,-129.1025175244067,1.5488809909733745,1
329,8.650989423286017,10.842630866025923,2587,18.937510567705566,1.034768221250525,27
330,265.4740860905838,-6.794969052422753,2591,302.44973475302317,-5.405747081354008,25
331,302.54566982983323,8.006612334186611,2592,302.44973475302317,-5.405747081354008,25
332,-16.86086776898166,2.3005723435125165,2602,-6.878718007946434,-1.0926682779646681,10
333,-120.07895853422676,2.7697048645580566,2606,-118.09857507912784,0.7103841694799473,11
334,-144.2662610411404,5.970407369420529,2607,-142.14616351708418,5.245197398204194,22
335,-150.04746276291274,1.0774710099027824,2612,-148.09620948762597,-1.1157003398540595,36
336,-58.471008562532404,-4.378349365018775,2620,-49.93530245157272,-0.19848027172185767,2
337,85.76143420720244,-2.4254635707104737,2627,78.01149217232324,3.6022338347977136,6
338,-47.859506334463376,1.2398684188426636,2630,-49.93530245157272,-0.19848027172185767,2
339,-26.391001923274256,11.71940531665405,2664,-29.714479793685786,-1.264748112657314,8
340,-45.24050651109313,-7.662216536415224,2668,-49.93530245157272,-0.19848027172185767,2
341,283.19671939843323,-16.70558611286359,2676,302.44973475302317,-5.405747081354008,25
342,-124.97287105050553,0.37620710975910343,2695,-123.94204162798616,-1.5144507595891967,3
343,-129.94658489280232,-0.8031633438838788,2697,-129.1025175244067,1.5488809909733745,1
344,309.7231332001458,5.272637799006914,2701,302.44973475302317,-5.405747081354008,25
345,-134.62562119333967,-5.867532950831895,2704,-130.75996572568545,-6.6137591708523855,18
346,-109.05802369552198,3.0303141919533845,2705,-109.71624596876933,-1.0040630408538558,16
347,-59.20328579682729,7.5537419776022405,2707,-66.8889597803445,2.169628081691683,14
348,-72.82520490734063,1.0923604317299092,2713,-66.8889597803445,2.169628081691683,14
349,-22.550692799854964,-1.5161195367723983,2722,-29.714479793685786,-1.264748112657314,8
350,-86.74544539463324,-0.8828359875866066,2729,-85.91178621041317,3.2728237667350073,24
351,584.008885684844,-32.370537399152866,2735,586.0312761189704,-1.722944617346204,30
352,-16.175146245971163,7.665687995005016,2738,-6.878718007946434,-1.0926682779646681,10
353,-92.00955100451536,2.747421242189878,2752,-96.6939343764425,2.7165835152131033,15
354,459.00575715079447,-8.021063008709456,2765,417.6915390220547,-4.11857226961515,29
355,-35.75105207263837,1.1326661966265645,2767,-29.714479793685786,-1.264748112657314,8
356,30.113262587684616,3.657514467184673,2788,18.937510567705566,1.034768221250525,27
357,-135.8038934305271,-3.0056963441652047,2793,-134.89656831690453,-0.030690791204986433,34
358,-52.83125111517069,1.5521129866892425,2794,-49.93530245157272,-0.19848027172185767,2
359,101.39858789196249,3.7450964927524284,2800,104.96211155305676,-0.5414592591613776,31
360,-30.928639884497066,-40.122824025739135,2807,-29.714479793685786,-1.264748112657314,8
361,-95.36706802480016,9.004574180629973,2810,-96.6939343764425,2.7165835152131033,15
362,151.06769930857092,10.278332153470872,2818,135.4076551174278,-1.697351881935795,33
363,-60.95303585275842,2.0481904810520346,2819,-66.8889597803445,2.169628081691683,14
364,-97.76439235803925,-1.6752919853718617,2822,-96.6939343764425,2.7165835152131033,15
365,-110.8761729763009,-0.49346648953718236,2836,-109.71624596876933,-1.0040630408538558,16
366,-123.15321168834163,3.826549441255175,2853,-123.80894152337959,5.566802721935252,23
367,-24.283314696575914,9.88741164476095,2860,-29.714479793685786,-1.264748112657314,8
368,-79.07138411343895,3.8065441786384495,2862,-85.91178621041317,3.2728237667350073,24
369,-93.06381891058855,3.4013794146586998,2869,-96.6939343764425,2.7165835152131033,15
370,-109.24752860135887,5.6262023336404114,2870,-104.7190727296112,3.8815952186994593,7
371,-112.2624744557517,6.946091727506883,2872,-114.33047638704419,5.73481138949136,19
372,-138.92905286302246,-1.3354291333123547,2874,-141.0346653257256,-1.1036168920026446,0
373,-51.77541905126283,0.8604109662121934,2875,-49.93530245157272,-0.19848027172185767,2
374,-48.4702480416751,-3.723808596216155,2876,-49.93530245157272,-0.19848027172185767,2
375,-47.06633471908364,5.269368849280685,2884,-49.93530245157272,-0.19848027172185767,2
376,-114.1613508336552,5.193432165829579,2888,-114.33047638704419,5.73481138949136,19
377,105.15188043512838,7.151896858844612,2897,104.96211155305676,-0.5414592591613776,31
378,537.3649333882815,-10.465054552726311,2899,586.0312761189704,-1.722944617346204,30
379,-126.35949501998087,7.783462860491139,2912,-123.80894152337959,5.566802721935252,23
380,-131.1565236566969,3.2539774026025157,2925,-129.1025175244067,1.5488809909733745,1
381,-148.26438715262617,5.843256258537984,2929,-146.59606179012786,4.113086925586259,4
382,-79.10763109107506,4.102001701935395,2931,-85.91178621041317,3.2728237667350073,24
383,-73.60474620768304,-2.217548086609985,2933,-77.6204452281073,-4.536559244831727,5
384,-28.74702513505995,-13.586604380168774,2935,-29.714479793685786,-1.264748112657314,8
385,-110.33050828920116,7.929475062713506,2942,-114.33047638704419,5.73481138949136,19
386,-101.35899934715087,8.702581084048742,2958,-104.7190727296112,3.8815952186994593,7
387,277.5979950653012,-8.296022699019836,2967,302.44973475302317,-5.405747081354008,25
388,-114.99558661156739,1.5453730560941827,2982,-118.09857507912784,0.7103841694799473,11
389,-38.741901198430135,-0.6680972191856928,2986,-29.714479793685786,-1.264748112657314,8
390,188.97621542656273,-31.2608620829849,2991,172.66355239880147,-2.7112682595768685,38
391,-135.06298731401688,2.6903563744084296,2996,-134.89656831690453,-0.030690791204986433,34
392,-145.1523039915712,3.4420799531089403,3002,-146.59606179012786,4.113086925586259,4
393,-59.925919610663726,2.4699612321416398,3003,-66.8889597803445,2.169628081691683,14
394,-145.04053340113532,0.5018767741206441,3008,-148.09620948762597,-1.1157003398540595,36
395,-123.31975902866871,7.465752608441924,3012,-123.80894152337959,5.566802721935252,23
396,-128.2586695064596,5.5350337066804824,3028,-132.1080396739421,5.887059356646324,17
397,-70.31344866943121,8.738886718246713,3036,-66.8889597803445,2.169628081691683,14
398,-131.88219961984808,-0.7207531852110151,3061,-134.89656831690453,-0.030690791204986433,34
399,-121.86005148742296,0.0038193942388521527,3069,-123.94204162798616,-1.5144507595891967,3
400,-4.249035524149312,-6.288193945940014,3070,-6.878718007946434,-1.0926682779646681,10
401,-32.72716462057834,-0.37981686988299324,3076,-29.714479793685786,-1.264748112657314,8
402,-66.11306189964813,5.460728010013341,3077,-66.8889597803445,2.169628081691683,14
403,-98.92125674467715,0.19830453683939883,3081,-96.6939343764425,2.7165835152131033,15
404,-127.01124907843446,0.12856006566782568,3082,-129.1025175244067,1.5488809909733745,1
405,-96.63529639923335,-3.468399268774573,3085,-96.6939343764425,2.7165835152131033,15
406,-72.08906351235838,-11.438509759347575,3086,-77.6204452281073,-4.536559244831727,5
407,-134.89026938082125,-2.1315646196152636,3093,-134.89656831690453,-0.030690791204986433,34
408,112.23134423644358,-8.675475906056818,3097,104.96211155305676,-0.5414592591613776,31
409,-1.5899184888550677,-15.541970468639198,3098,-6.878718007946434,-1.0926682779646681,10
410,-53.74775524245487,0.22426096953057412,3111,-49.93530245157272,-0.19848027172185767,2
411,46.920919362111114,7.642393914107632,3115,47.997068783449585,1.2679199422360634,13
412,113.9933576552912,10.256595868279826,3121,104.96211155305676,-0.5414592591613776,31
413,-152.2742445684169,5.498991531170553,3129,-152.23629829764135,4.213482038439798,37
414,-31.0954711055453,6.705309382543405,3145,-29.714479793685786,-1.264748112657314,8
415,-133.95517493137524,-0.1590981048413044,3147,-134.89656831690453,-0.030690791204986433,34
416,-140.31805138662352,6.634620149464402,3158,-142.14616351708418,5.245197398204194,22
417,-95.08528830814981,3.844245649011491,3173,-96.6939343764425,2.7165835152131033,15
418,55.08633959254494,6.206333943938657,3188,47.997068783449585,1.2679199422360634,13
419,-136.98802325947003,-0.5291278524860741,3195,-134.89656831690453,-0.030690791204986433,34
420,568.3132960412098,-8.820088398182833,3199,586.0312761189704,-1.722944617346204,30
421,-120.52074493927222,-5.882933510941801,3201,-123.94204162798616,-1.5144507595891967,3
422,-142.34383055284016,7.1633453451139,3211,-142.14616351708418,5.245197398204194,22
423,-76.05978945184656,3.603014561149479,3217,-77.6204452281073,-4.536559244831727,5
424,443.8452712447714,-6.300682708968633,3219,417.6915390220547,-4.11857226961515,29
425,189.83700741361488,-29.22094168959281,3221,172.66355239880147,-2.7112682595768685,38
426,524.5481336256454,15.266698368293225,3226,586.0312761189704,-1.722944617346204,30
427,-115.1872229590432,4.193661179092855,3227,-114.33047638704419,5.73481138949136,19
428,-129.9776993613372,-0.10647306242069908,3239,-129.1025175244067,1.5488809909733745,1
429,471.09650919634976,20.16429837367237,3242,417.6915390220547,-4.11857226961515,29
430,-63.95947060509267,-12.614881566365572,3257,-66.8889597803445,2.169628081691683,14
431,-150.12129520744543,2.6700454710304036,3271,-152.23629829764135,4.213482038439798,37
432,547.5928126483274,0.9853351547261489,3273,586.0312761189704,-1.722944617346204,30
433,-136.96495785617242,-1.031205773864545,3288,-134.89656831690453,-0.030690791204986433,34
434,-114.23164812972553,5.70354929555099,3292,-114.33047638704419,5.73481138949136,19
435,-138.62902549150309,-5.861697719212053,3294,-141.0346653257256,-1.1036168920026446,0
436,1102.7535781973656,46.506185647009204,3298,1342.5649032771717,32.04824045393157,32
437,671.1157545940903,26.693925819745463,3309,586.0312761189704,-1.722944617346204,30
438,-83.70597507526574,-2.2258224345181827,3315,-85.91178621041317,3.2728237667350073,24
439,160.1868833040344,-6.400327043440303,3321,172.66355239880147,-2.7112682595768685,38
440,-111.29507364911312,7.168733339393783,3333,-114.33047638704419,5.73481138949136,19
441,48.56477522420924,-1.3145251458765022,3334,47.997068783449585,1.2679199422360634,13
442,-84.24168035009981,7.470727676807531,3335,-85.91178621041317,3.2728237667350073,24
443,554.1035390084627,8.212765812442935,3338,586.0312761189704,-1.722944617346204,30
444,4.785540215972447,8.366508780954305,3339,-6.878718007946434,-1.0926682779646681,10
445,-129.82852312414423,-1.3364710653814078,3343,-129.1025175244067,1.5488809909733745,1
446,-129.97795472373008,-0.6362509776407671,3347,-129.1025175244067,1.5488809909733745,1
447,48.142109063172846,-9.346190108230262,3358,47.997068783449585,1.2679199422360634,13
448,-31.83106841506172,0.8885436017609106,3365,-29.714479793685786,-1.264748112657314,8
449,-142.34300089039664,7.155390007229971,3366,-142.14616351708418,5.245197398204194,22
450,-20.47593815508256,-2.090531716878285,3374,-29.714479793685786,-1.264748112657314,8
451,-122.11256312726547,4.497617233996235,3390,-123.80894152337959,5.566802721935252,23
452,-130.81093433953023,-2.243778747089519,3402,-129.1025175244067,1.5488809909733745,1
453,-14.557746585069518,-1.2294602541041957,3421,-6.878718007946434,-1.0926682779646681,10
454,55.60293277541212,-1.0096966646659482,3430,47.997068783449585,1.2679199422360634,13
455,-87.09618220860987,5.26910180163268,3437,-85.91178621041317,3.2728237667350073,24
456,-132.13507148664348,2.7628340015915223,3444,-132.1080396739421,5.887059356646324,17
457,-67.4562869887536,-5.356972170301318,3446,-66.8889597803445,2.169628081691683,14
458,-67.42853574626501,-5.966926952103284,3455,-66.8889597803445,2.169628081691683,14
459,-117.34333699100186,7.576697486830133,3459,-114.33047638704419,5.73481138949136,19
460,50.907580421120755,9.035903220240586,3462,47.997068783449585,1.2679199422360634,13
461,-73.99269750292974,1.6523828070546607,3470,-66.8889597803445,2.169628081691683,14
462,-8.440119930067175,-2.668451670476857,3471,-6.878718007946434,-1.0926682779646681,10
463,-108.18808841838684,4.326115930729013,3479,-104.7190727296112,3.8815952186994593,7
464,-90.86671114338142,0.6630173755660171,3480,-85.91178621041317,3.2728237667350073,24
465,367.7523739003245,-7.583617423546662,3492,417.6915390220547,-4.11857226961515,29
466,-127.12794319572181,2.7170158900336467,3498,-129.1025175244067,1.5488809909733745,1
467,-138.02026973154923,1.1876529899212942,3501,-137.57400940459857,4.493303950559668,20
468,-119.95375618783605,2.0811834857872937,3502,-118.09857507912784,0.7103841694799473,11
469,-105.4380816533081,-7.428959834059424,3505,-109.71624596876933,-1.0040630408538558,16
470,-138.1210762833832,2.364627562997618,3511,-137.57400940459857,4.493303950559668,20
471,10.953535781157258,7.350195157331555,3513,18.937510567705566,1.034768221250525,27
472,-134.24337242567083,5.620212298456976,3535,-132.1080396739421,5.887059356646324,17
473,-76.93772870041137,2.953075687379103,3540,-77.6204452281073,-4.536559244831727,5
474,-24.89719459375998,3.481836857534843,3546,-29.714479793685786,-1.264748112657314,8
475,-77.79222737756365,-0.7481706924766962,3557,-77.6204452281073,-4.536559244831727,5
476,106.967640509069,-5.566769835954113,3594,104.96211155305676,-0.5414592591613776,31
477,583.3715056057874,5.414569304409069,3600,586.0312761189704,-1.722944617346204,30
478,-25.837306381062536,-12.585171721396925,3606,-29.714479793685786,-1.264748112657314,8
479,37.37012435856617,1.2241997316947433,3608,47.997068783449585,1.2679199422360634,13
480,-147.8626587807138,-1.91778010015879,3609,-148.09620948762597,-1.1157003398540595,36
481,-108.14744342114594,4.48794813373207,3619,-104.7190727296112,3.8815952186994593,7
482,55.4908272259164,-15.330600912963938,3621,70.166569844569,-14.692630117552799,9
483,-130.05755405072054,2.6483864258457213,3633,-129.1025175244067,1.5488809909733745,1
484,-121.39296792351584,8.624042697863215,3638,-123.80894152337959,5.566802721935252,23
485,-144.25077456914946,5.635136382460954,3641,-142.14616351708418,5.245197398204194,22
486,-71.06698387392775,3.8648592280490237,3643,-66.8889597803445,2.169628081691683,14
487,-117.78628497358578,-16.273044821343458,3650,-115.69510858146283,-11.595084171039186,39
488,232.02038679170974,-1.5365383098112113,3651,227.03647807555316,-5.020718083634986,26
489,-98.2066809793112,5.9588436351943574,3662,-96.6939343764425,2.7165835152131033,15
490,-133.12030627859133,2.4437827465509354,3668,-134.89656831690453,-0.030690791204986433,34
491,-132.9250351801195,1.2222889881673895,3670,-134.89656831690453,-0.030690791204986433,34
492,-93.03283949806456,4.271532857267123,3671,-96.6939343764425,2.7165835152131033,15
493,-57.853527448143716,0.42288996031567816,3677,-49.93530245157272,-0.19848027172185767,2
494,-48.53099846536955,-2.8991099196853765,3679,-49.93530245157272,-0.19848027172185767,2
495,-133.6147962061768,-4.026519846164727,3688,-130.75996572568545,-6.6137591708523855,18
496,153.46337866000283,-11.022551853770139,3690,135.4076551174278,-1.697351881935795,33
497,-111.35148977893493,8.403335547241895,3694,-114.33047638704419,5.73481138949136,19
498,-88.40779899201947,-6.261304754367212,3701,-95.36861679384212,-10.95784818293233,28
499,-150.2583144330634,5.668945802485431,3731,-152.23629829764135,4.213482038439798,37
500,-134.09134189583716,1.7858335221436488,3732,-134.89656831690453,-0.030690791204986433,34
501,-137.95649720390742,-0.7103139213241354,3734,-141.0346653257256,-1.1036168920026446,0
502,108.20119980957384,-8.097219332151772,3744,104.96211155305676,-0.5414592591613776,31
503,-114.8575600978797,-0.9452529175736315,3748,-118.09857507912784,0.7103841694799473,11
504,22.296612205401114,1.0366047604335116,3750,18.937510567705566,1.034768221250525,27
505,-124.67287314484146,-4.126207114575705,3754,-123.94204162798616,-1.5144507595891967,3
506,-126.16556335864033,4.571940690119602,3763,-123.80894152337959,5.566802721935252,23
507,-15.685512297430757,-14.71639543751245,3777,-6.878718007946434,-1.0926682779646681,10
508,-103.37549100945594,8.531365494262063,3784,-104.7190727296112,3.8815952186994593,7
509,-8.322575691933002,-4.730609255754842,3789,-6.878718007946434,-1.0926682779646681,10
510,-121.18597665424056,5.110496721019806,3802,-123.80894152337959,5.566802721935252,23
511,35.15929800880078,3.767691059604168,3809,47.997068783449585,1.2679199422360634,13
512,2185.0226804721415,79.84144235884855,3830,1342.5649032771717,32.04824045393157,32
513,-134.29402289428535,6.725998611924145,3833,-132.1080396739421,5.887059356646324,17
514,139.06793213084507,8.542287710656941,3837,135.4076551174278,-1.697351881935795,33
515,656.135477645774,11.280677449055386,3838,586.0312761189704,-1.722944617346204,30
516,-104.02750363217987,2.429263082114923,3847,-104.7190727296112,3.8815952186994593,7
517,-84.42655488818151,-5.260908573794448,3855,-77.6204452281073,-4.536559244831727,5
518,-102.8839151740944,-0.17835607294591269,3862,-104.7190727296112,3.8815952186994593,7
519,-140.1906491285679,4.868228217554319,3863,-142.14616351708418,5.245197398204194,22
520,-82.46526705223424,10.836564426629133,3865,-85.91178621041317,3.2728237667350073,24
521,181.73619952059101,-42.38645800977934,3890,172.66355239880147,-2.7112682595768685,38
522,128.83883335755309,-31.32143389260502,3905,110.19899446847099,-35.665903512662624,21
523,-140.1809283903367,3.641589117646284,3911,-142.14616351708418,5.245197398204194,22
524,78.20267247339625,5.063617850612559,3919,78.01149217232324,3.6022338347977136,6
525,-129.16658062383019,4.043841696158674,3931,-129.1025175244067,1.5488809909733745,1
526,-123.07619617070941,2.651019906392724,3938,-123.80894152337959,5.566802721935252,23
527,-79.9538756271586,3.270303372725228,3948,-85.91178621041317,3.2728237667350073,24
528,-115.21601091464923,5.35011564941812,3953,-114.33047638704419,5.73481138949136,19
529,-0.970641361493656,5.996731110173362,3965,-6.878718007946434,-1.0926682779646681,10
530,-140.91429012126082,0.8662625061617365,3983,-141.0346653257256,-1.1036168920026446,0
531,125.21279067249,-22.797529933195623,3985,110.19899446847099,-35.665903512662624,21
532,176.72796484633713,0.8577010566850941,3990,172.66355239880147,-2.7112682595768685,38
533,-148.92495364133103,-1.5965506630963258,3995,-148.09620948762597,-1.1157003398540595,36
534,-82.8972125011452,-13.776748422656679,4001,-77.6204452281073,-4.536559244831727,5
535,-130.95159178653896,-0.20792499492111954,4003,-129.1025175244067,1.5488809909733745,1
536,112.56316577562208,-13.383490878841224,4004,104.96211155305676,-0.5414592591613776,31
537,-143.00118891494986,-0.35263884681283547,4011,-141.0346653257256,-1.1036168920026446,0
538,-14.75327995328402,2.042687195207905,4022,-6.878718007946434,-1.0926682779646681,10
539,-82.98778375982111,1.3923257804923521,4043,-85.91178621041317,3.2728237667350073,24
540,393.6805384133585,-5.571890805936024,4076,417.6915390220547,-4.11857226961515,29
541,-107.86462095874707,0.3237920032462717,4086,-109.71624596876933,-1.0040630408538558,16
542,-143.22132153811265,4.484763950861091,4096,-142.14616351708418,5.245197398204194,22
543,158.09743609277612,9.22699034477144,4114,172.66355239880147,-2.7112682595768685,38
544,214.90510689467345,-15.057085005099204,4130,227.03647807555316,-5.020718083634986,26
545,-125.16924097220682,4.664822627946672,4136,-123.80894152337959,5.566802721935252,23
546,-117.28477240399141,6.81439444697188,4137,-114.33047638704419,5.73481138949136,19
547,-112.99065078402508,3.0129386706051524,4141,-114.33047638704419,5.73481138949136,19
548,-34.83776742882967,1.5028715896590534,4146,-29.714479793685786,-1.264748112657314,8
549,-75.10686512751435,4.669701786942228,4152,-66.8889597803445,2.169628081691683,14
550,-41.08313575279287,4.716009828260056,4156,-49.93530245157272,-0.19848027172185767,2
551,-120.39308462908849,8.62977576797983,4162,-123.80894152337959,5.566802721935252,23
552,-147.13012761845226,2.4331120844812086,4164,-146.59606179012786,4.113086925586259,4
553,-75.75801846855428,-0.4186777090177445,4167,-77.6204452281073,-4.536559244831727,5
554,-119.12135074461919,2.7025443116287273,4169,-118.09857507912784,0.7103841694799473,11
555,-119.72369097090498,-3.4632380800444733,4175,-118.09857507912784,0.7103841694799473,11
556,168.18703379708646,8.977501964035868,4178,172.66355239880147,-2.7112682595768685,38
557,-131.37201827600194,7.990748913488732,4188,-132.1080396739421,5.887059356646324,17
558,-82.87319462133146,1.4629206074431969,4189,-85.91178621041317,3.2728237667350073,24
559,-93.81230718474933,-0.5844336422922968,4197,-96.6939343764425,2.7165835152131033,15
560,546.8330722559201,-45.404619319462974,4199,586.0312761189704,-1.722944617346204,30
561,-79.97600303339603,1.6973736243761248,4217,-85.91178621041317,3.2728237667350073,24
562,-103.88410424417248,-29.143255150442265,4228,-95.36861679384212,-10.95784818293233,28
563,-65.76434808484093,-1.15683097787842,4242,-66.8889597803445,2.169628081691683,14
564,134.70393012378003,-0.34548086996825933,4255,135.4076551174278,-1.697351881935795,33
565,36.599469264029636,-2.7845971396790175,4258,47.997068783449585,1.2679199422360634,13
566,-112.10883392969043,3.0425468459373377,4264,-114.33047638704419,5.73481138949136,19
567,-102.04868413673582,2.430830432695536,4269,-104.7190727296112,3.8815952186994593,7
568,-30.365376553927565,-5.199876094413001,4280,-29.714479793685786,-1.264748112657314,8
569,-78.19843495172088,5.574935083614378,4296,-85.91178621041317,3.2728237667350073,24
570,-75.88131959660676,-0.3001635106807741,4316,-77.6204452281073,-4.536559244831727,5
571,-117.05663088634259,3.3535882034263076,4338,-118.09857507912784,0.7103841694799473,11
572,-93.78497348342485,-1.1694552233527002,4350,-96.6939343764425,2.7165835152131033,15
573,-149.19560617433822,4.851078169386242,4355,-146.59606179012786,4.113086925586259,4
574,-109.33663033591195,8.100134265093903,4373,-114.33047638704419,5.73481138949136,19
575,-106.72215192937935,-2.7652415851537366,4380,-109.71624596876933,-1.0040630408538558,16
576,-55.405388478618676,-4.730246134094973,4396,-49.93530245157272,-0.19848027172185767,2
577,-80.22794167177113,7.24119930776749,4408,-85.91178621041317,3.2728237667350073,24
578,-41.0308068753083,5.612491913028926,4414,-49.93530245157272,-0.19848027172185767,2
579,26.451952065614922,-14.965667834929594,4418,28.39696760572947,-22.91072472808294,12
580,78.14666826483075,6.299252936551001,4419,78.01149217232324,3.6022338347977136,6
581,44.85280347440473,-48.79146794048836,4424,28.39696760572947,-22.91072472808294,12
582,-124.24292943827484,5.300493059725184,4445,-123.80894152337959,5.566802721935252,23
583,-19.933514545383904,3.8415141060064064,4453,-29.714479793685786,-1.264748112657314,8
584,-102.05223713252504,3.512278221967053,4461,-104.7190727296112,3.8815952186994593,7
585,195.22464452106482,-5.614801980351132,4486,172.66355239880147,-2.7112682595768685,38
586,-133.0348200938329,1.1010631269110573,4489,-134.89656831690453,-0.030690791204986433,34
587,113.1800876672817,6.1569966100589495,4495,104.96211155305676,-0.5414592591613776,31
588,463.8777845812865,-20.377058542962924,4503,417.6915390220547,-4.11857226961515,29
589,-75.18077146126008,6.269558120089578,4504,-66.8889597803445,2.169628081691683,14
590,-105.02335547389362,1.7998439257315149,4506,-104.7190727296112,3.8815952186994593,7
591,-50.06987690743814,4.281259174031684,4515,-49.93530245157272,-0.19848027172185767,2
592,-124.20773741061393,5.521373848737315,4523,-123.80894152337959,5.566802721935252,23
593,-116.40430051203583,8.944445772202187,4542,-114.33047638704419,5.73481138949136,19
594,548.1799660863052,6.955462152571809,4543,586.0312761189704,-1.722944617346204,30
595,413.092628514714,3.5048514074281383,4562,417.6915390220547,-4.11857226961515,29
596,689.5353829541816,-36.487368570111,4563,586.0312761189704,-1.722944617346204,30
597,-55.94634209651382,3.504220752091745,4568,-49.93530245157272,-0.19848027172185767,2
598,-137.99925652353653,2.2754605414160163,4583,-137.57400940459857,4.493303950559668,20
599,-114.59316460935645,-4.7049545926125536,4594,-109.71624596876933,-1.0040630408538558,16
600,403.8982850329208,-37.06743601210935,4596,417.6915390220547,-4.11857226961515,29
601,-118.26682625787494,-8.847780780505865,4597,-115.69510858146283,-11.595084171039186,39
602,220.37305152147164,-6.898863263409023,4602,227.03647807555316,-5.020718083634986,26
603,-22.03859725118196,4.578695589464331,4604,-29.714479793685786,-1.264748112657314,8
604,-79.55332164939759,-4.983701477630061,4624,-77.6204452281073,-4.536559244831727,5
605,-140.86252621263722,-1.7773288378698073,4635,-141.0346653257256,-1.1036168920026446,0
606,-11.970784489544243,5.8040148205125925,4642,-6.878718007946434,-1.0926682779646681,10
607,-72.3191550644448,8.335825161392714,4654,-66.8889597803445,2.169628081691683,14
608,-35.115686085194305,-22.905844620425555,4655,-29.714479793685786,-1.264748112657314,8
609,-134.24112612134704,5.565966231654919,4665,-132.1080396739421,5.887059356646324,17
610,48.869578582677164,8.797486473550519,4666,47.997068783449585,1.2679199422360634,13
611,-99.68701718813465,-2.9106611867604943,4670,-96.6939343764425,2.7165835152131033,15
612,-27.169923366931144,8.38794334939698,4672,-29.714479793685786,-1.264748112657314,8
613,-44.77198398321589,-14.337560504206085,4682,-49.93530245157272,-0.19848027172185767,2
614,68.24920998500046,-10.332501829358671,4697,70.166569844569,-14.692630117552799,9
615,-52.213084386079565,-8.37945326245144,4702,-49.93530245157272,-0.19848027172185767,2
616,-86.78434661235924,-1.5779974786102942,4714,-85.91178621041317,3.2728237667350073,24
617,148.3949881087258,5.12806538395263,4718,135.4076551174278,-1.697351881935795,33
618,-150.88135476810382,-1.549301969778413,4719,-148.09620948762597,-1.1157003398540595,36
619,-117.12987972973002,3.951893713872205,4728,-114.33047638704419,5.73481138949136,19
620,-2.224036582768338,9.47560750320523,4733,-6.878718007946434,-1.0926682779646681,10
621,-138.3411019321436,7.171430116631874,4745,-137.57400940459857,4.493303950559668,20
622,-117.06297927332037,1.4335874118867866,4749,-118.09857507912784,0.7103841694799473,11
623,421.20922481114724,-26.82707460862495,4752,417.6915390220547,-4.11857226961515,29
624,4.809070640022686,8.347051515467333,4753,-6.878718007946434,-1.0926682779646681,10
625,42.642578843706,-2.602429415034344,4765,47.997068783449585,1.2679199422360634,13
626,-38.19158583784444,8.158485297845486,4768,-29.714479793685786,-1.264748112657314,8
627,-77.33863756411495,8.693728089871918,4775,-85.91178621041317,3.2728237667350073,24
628,356.38192014814814,-16.97075202241786,4785,302.44973475302317,-5.405747081354008,25
629,-69.63786121783501,-1.9388022094571162,4787,-66.8889597803445,2.169628081691683,14
630,-96.69709224240766,-3.1403344724228694,4835,-96.6939343764425,2.7165835152131033,15
631,-74.00644359473438,3.5047117397808996,4841,-66.8889597803445,2.169628081691683,14
632,-135.00953569313555,-0.033509277963263855,4842,-134.89656831690453,-0.030690791204986433,34
633,30.250898277086,-12.039623883055464,4877,28.39696760572947,-22.91072472808294,12
634,172.28207167248468,6.973089074757852,4885,172.66355239880147,-2.7112682595768685,38
635,-109.06848796352551,4.265154865288091,4927,-104.7190727296112,3.8815952186994593,7
636,-138.96942293820726,-0.972948464664708,4932,-141.0346653257256,-1.1036168920026446,0
637,-112.07956454021414,3.458470829131004,4933,-114.33047638704419,5.73481138949136,19
638,-39.93906040218413,3.10867162278015,4957,-49.93530245157272,-0.19848027172185767,2
639,386.602003012318,23.924951866460326,4962,417.6915390220547,-4.11857226961515,29
640,175.50078983366717,-10.450596035359855,4968,172.66355239880147,-2.7112682595768685,38
641,-112.15894516363264,4.680100114623015,4970,-114.33047638704419,5.73481138949136,19
642,10.394177951512582,0.2554595678609726,4973,18.937510567705566,1.034768221250525,27
643,533.2802532280945,5.028763461652131,4974,586.0312761189704,-1.722944617346204,30
644,-17.734680797244657,-14.18475226406154,4993,-6.878718007946434,-1.0926682779646681,10
645,-126.0957758735881,2.526153659956254,5020,-129.1025175244067,1.5488809909733745,1
646,134.73973235513407,-0.6156064898931971,5023,135.4076551174278,-1.697351881935795,33
647,-83.70580263843354,-1.7034607663487618,5024,-85.91178621041317,3.2728237667350073,24
648,-72.7691121756278,0.3753776193527114,5032,-66.8889597803445,2.169628081691683,14
649,-100.80364034822396,0.15217584194494263,5033,-96.6939343764425,2.7165835152131033,15
650,-91.09122391250403,3.534965819789696,5036,-85.91178621041317,3.2728237667350073,24
651,-126.12266148194357,3.6448078912970066,5047,-123.80894152337959,5.566802721935252,23
652,-48.5108248791548,-2.312793142373094,5055,-49.93530245157272,-0.19848027172185767,2
653,-110.42244200019113,-6.80953180602713,5085,-109.71624596876933,-1.0040630408538558,16
654,-33.200735284032056,8.452160211387728,5102,-29.714479793685786,-1.264748112657314,8
655,-140.16597474978911,3.307507265352951,5112,-142.14616351708418,5.245197398204194,22
656,-92.18427038590937,4.535036287482068,5116,-96.6939343764425,2.7165835152131033,15
657,-104.23953339055163,6.577446584089026,5125,-104.7190727296112,3.8815952186994593,7
658,-18.73174918557478,-14.266740943418947,5129,-29.714479793685786,-1.264748112657314,8
659,-106.76351762207179,-1.860069140978604,5137,-109.71624596876933,-1.0040630408538558,16
660,128.63122487348411,15.881468708998929,5142,135.4076551174278,-1.697351881935795,33
661,-88.46667673335556,-5.50486998612864,5143,-95.36861679384212,-10.95784818293233,28
662,-151.02078459516713,0.9900439959604701,5145,-152.23629829764135,4.213482038439798,37
663,28.692348180117268,-3.4245002803827873,5152,18.937510567705566,1.034768221250525,27
664,-92.07857253380108,4.802463259277511,5154,-96.6939343764425,2.7165835152131033,15
665,134.01490257475507,9.60166618632247,5165,135.4076551174278,-1.697351881935795,33
666,730.8277679004133,32.471349263400484,5174,861.6475783799328,6.515082937232454,35
667,-13.003061859978235,4.461823326276018,5177,-6.878718007946434,-1.0926682779646681,10
668,-109.03898924116163,1.0555247514895798,5182,-109.71624596876933,-1.0040630408538558,16
669,-50.21214783814687,6.352659254675957,5194,-49.93530245157272,-0.19848027172185767,2
670,-130.975401497054,-0.18632146465698754,5200,-129.1025175244067,1.5488809909733745,1
671,273.3662043650047,9.90134235268474,5220,302.44973475302317,-5.405747081354008,25
672,-115.45069168977099,-7.313349027576124,5229,-115.69510858146283,-11.595084171039186,39
673,-62.62555404462888,-2.6020099108897554,5231,-66.8889597803445,2.169628081691683,14
674,-14.722945345991366,1.361747417184117,5245,-6.878718007946434,-1.0926682779646681,10
675,261.5783253217533,-8.641528116265054,5288,227.03647807555316,-5.020718083634986,26
676,-98.16905545130946,5.13277848151532,5302,-96.6939343764425,2.7165835152131033,15
677,322.02250724843583,16.195994053943018,5312,302.44973475302317,-5.405747081354008,25
678,-76.36300546746335,-21.259920547138176,5316,-77.6204452281073,-4.536559244831727,5
679,-124.04433397929816,2.9837566373065534,5324,-123.80894152337959,5.566802721935252,23
680,-102.17673880144079,5.215136192025736,5327,-104.7190727296112,3.8815952186994593,7
681,-118.11228583086576,3.5390631167556474,5336,-118.09857507912784,0.7103841694799473,11
682,-138.21722223270424,4.975282873461381,5337,-137.57400940459857,4.493303950559668,20
683,-105.08742431588318,4.247395302259437,5343,-104.7190727296112,3.8815952186994593,7
684,-122.39234063993749,8.60107178414623,5358,-123.80894152337959,5.566802721935252,23
685,-47.72226815702734,0.2974601000608362,5368,-49.93530245157272,-0.19848027172185767,2
686,51.252425067767504,3.002748889684757,5370,47.997068783449585,1.2679199422360634,13
687,-127.02911220019358,1.5768071499094365,5372,-129.1025175244067,1.5488809909733745,1
688,-117.1882142534804,4.187407989482555,5385,-114.33047638704419,5.73481138949136,19
689,-110.15611414145624,5.13227709945733,5386,-114.33047638704419,5.73481138949136,19
690,2.736793984313759,-5.33245918041542,5394,-6.878718007946434,-1.0926682779646681,10
691,-128.37624228822807,8.121726360144885,5403,-132.1080396739421,5.887059356646324,17
692,-24.02660040230207,4.271529599085159,5405,-29.714479793685786,-1.264748112657314,8
693,405.2621503319109,15.431729347781085,5406,417.6915390220547,-4.11857226961515,29
694,-45.86599078843899,1.4133534712268268,5411,-49.93530245157272,-0.19848027172185767,2
695,-140.40747021306146,-7.148019758197368,5420,-141.0346653257256,-1.1036168920026446,0
696,-93.06846488657844,-11.731634945571887,5424,-95.36861679384212,-10.95784818293233,28
697,-125.9276058182258,0.4007503922051666,5433,-123.94204162798616,-1.5144507595891967,3
698,-18.59638163908506,-1.463444642772012,5444,-29.714479793685786,-1.264748112657314,8
699,206.1369071709979,-4.003374872887509,5453,227.03647807555316,-5.020718083634986,26
700,-79.13599006731171,5.215246790517387,5462,-85.91178621041317,3.2728237667350073,24
701,-148.3323462667504,6.834926963243076,5464,-146.59606179012786,4.113086925586259,4
702,-57.96136948543766,-26.164562177905257,5466,-49.93530245157272,-0.19848027172185767,2
703,-128.93230070179644,-1.0796853622383795,5477,-129.1025175244067,1.5488809909733745,1
704,166.41122843898543,-9.653667890874738,5487,172.66355239880147,-2.7112682595768685,38
705,-121.95059587413341,-0.08103277046873864,5504,-123.94204162798616,-1.5144507595891967,3
706,-118.19281625373287,5.3107360300389574,5507,-114.33047638704419,5.73481138949136,19
707,22.81306684801695,-5.638768228657222,5509,18.937510567705566,1.034768221250525,27
708,-137.1319622605655,2.6272980209035985,5524,-137.57400940459857,4.493303950559668,20
709,-41.44590389159389,-3.621506867008092,5533,-49.93530245157272,-0.19848027172185767,2
710,-150.13093697171487,2.8853413888276735,5536,-152.23629829764135,4.213482038439798,37
711,-95.12808208794942,3.764175755171558,5538,-96.6939343764425,2.7165835152131033,15
712,416.767197391404,-6.068462187680658,5541,417.6915390220547,-4.11857226961515,29
713,-68.48384941631697,-3.7497248657260425,5553,-66.8889597803445,2.169628081691683,14
714,-126.01461425518896,0.7577351280879004,5575,-123.94204162798616,-1.5144507595891967,3
715,-84.30466320390734,-7.434875016998363,5581,-77.6204452281073,-4.536559244831727,5
716,-141.2052417927064,4.66017980509991,5620,-142.14616351708418,5.245197398204194,22
717,-100.63011077689784,-3.1466855899891857,5624,-96.6939343764425,2.7165835152131033,15
718,-146.0975578282179,3.2636839714997414,5628,-146.59606179012786,4.113086925586259,4
719,-119.74006261882008,-2.073472382118065,5640,-118.09857507912784,0.7103841694799473,11
720,214.7431222410743,2.201073965979807,5646,227.03647807555316,-5.020718083634986,26
721,-122.06363299111354,1.8839047859891815,5657,-123.94204162798616,-1.5144507595891967,3
722,-94.71333831755862,-2.2397999072638317,5658,-96.6939343764425,2.7165835152131033,15
723,-116.40458007343872,8.946816540293456,5668,-114.33047638704419,5.73481138949136,19
724,299.41720772914505,-4.989518732835831,5672,302.44973475302317,-5.405747081354008,25
725,-76.07293165895167,3.8862743025812896,5676,-77.6204452281073,-4.536559244831727,5
726,-117.05997089867398,2.4013822382579395,5683,-118.09857507912784,0.7103841694799473,11
727,761.9601767803733,17.422379152845238,5684,861.6475783799328,6.515082937232454,35
728,0.8876416791662286,-7.652050293496607,5695,-6.878718007946434,-1.0926682779646681,10
729,-102.05774595170462,4.15535080172945,5696,-104.7190727296112,3.8815952186994593,7
730,-88.7218596038874,-0.9384845886388249,5698,-85.91178621041317,3.2728237667350073,24
731,316.2647676617,-16.597704626479523,5715,302.44973475302317,-5.405747081354008,25
732,149.78176434082224,-15.497500341272094,5721,135.4076551174278,-1.697351881935795,33
733,-112.41427922685739,9.24156482282176,5724,-114.33047638704419,5.73481138949136,19
734,460.47806062652256,-14.745757971783704,5728,417.6915390220547,-4.11857226961515,29
735,-66.31742241013065,8.894672176731909,5735,-66.8889597803445,2.169628081691683,14
736,-68.04472790153119,4.442540909715293,5739,-66.8889597803445,2.169628081691683,14
737,-90.32747774483984,-7.543112050247637,5751,-95.36861679384212,-10.95784818293233,28
738,-127.92449249307911,-0.7345044546684703,5759,-129.1025175244067,1.5488809909733745,1
739,-124.3271869220091,7.090735092017641,5767,-123.80894152337959,5.566802721935252,23
740,-67.60814884105733,-3.058903220788225,5775,-66.8889597803445,2.169628081691683,14
741,469.39137977500064,-13.223878676955895,5776,417.6915390220547,-4.11857226961515,29
742,-109.09832384586886,2.8883320827745447,5783,-109.71624596876933,-1.0040630408538558,16
743,-111.06917264267133,3.7235675921530356,5789,-114.33047638704419,5.73481138949136,19
744,8.752930949607707,10.161296502770014,5791,18.937510567705566,1.034768221250525,27
745,-100.15899491886904,4.8623039533859505,5796,-96.6939343764425,2.7165835152131033,15
746,-51.30503801131311,7.885284864740018,5803,-49.93530245157272,-0.19848027172185767,2
747,199.3471794148003,7.021683843539054,5807,172.66355239880147,-2.7112682595768685,38
748,-135.93593695586353,-0.6320237410493448,5810,-134.89656831690453,-0.030690791204986433,34
749,-140.27164479917357,5.634202484707611,5813,-142.14616351708418,5.245197398204194,22
750,200.93271691883984,-1.168437698197167,5825,227.03647807555316,-5.020718083634986,26
751,-123.2111282274903,-9.632264725321583,5829,-115.69510858146283,-11.595084171039186,39
752,-69.93449826295792,1.475297312161386,5836,-66.8889597803445,2.169628081691683,14
753,161.77737792685664,14.760870438194704,5856,172.66355239880147,-2.7112682595768685,38
754,-135.8954973330231,-1.519533460198858,5866,-134.89656831690453,-0.030690791204986433,34
755,244.94133585288233,15.149923127805685,5877,227.03647807555316,-5.020718083634986,26
756,-131.1514302922064,3.6753301047162985,5895,-132.1080396739421,5.887059356646324,17
757,-117.15159500033836,4.934509819222665,5902,-114.33047638704419,5.73481138949136,19
758,-83.63629830396117,-2.704073100527929,5911,-77.6204452281073,-4.536559244831727,5
759,-134.60245019221844,-4.8272859633548535,5915,-130.75996572568545,-6.6137591708523855,18
760,-69.08668667819809,4.831526051726461,5920,-66.8889597803445,2.169628081691683,14
761,-140.21922206655728,4.999181919593276,5924,-142.14616351708418,5.245197398204194,22
762,-118.8848708164731,-1.4663066782513765,5933,-118.09857507912784,0.7103841694799473,11
763,-97.25321987891522,6.986303403934543,5940,-96.6939343764425,2.7165835152131033,15
764,-64.70669471871061,-15.600403424057266,5942,-77.6204452281073,-4.536559244831727,5
765,3.734937070656915,-5.7933227314243005,5947,-6.878718007946434,-1.0926682779646681,10
766,-110.12528255410287,3.950560286338862,5951,-114.33047638704419,5.73481138949136,19
767,-95.12779208608274,5.2848216591283785,5979,-96.6939343764425,2.7165835152131033,15
768,-134.14462571667883,3.988859867320682,5991,-132.1080396739421,5.887059356646324,17
769,-68.41913630149914,-5.182994259020438,5998,-66.8889597803445,2.169628081691683,14
770,-121.72117501009832,-2.526762585126173,6007,-123.94204162798616,-1.5144507595891967,3
771,-94.00852008749477,2.7110000629452364,6011,-96.6939343764425,2.7165835152131033,15
772,166.07482493550066,10.394885517964815,6019,172.66355239880147,-2.7112682595768685,38
773,-120.77640645084816,-2.8417708296353794,6037,-123.94204162798616,-1.5144507595891967,3
774,-76.15393323812985,5.676177180972034,6042,-66.8889597803445,2.169628081691683,14
775,-101.73587655747292,-1.3500209355202257,6047,-104.7190727296112,3.8815952186994593,7
776,-120.00381082589026,0.6136297712816543,6051,-118.09857507912784,0.7103841694799473,11
777,-68.96604198814832,3.2238109439835196,6055,-66.8889597803445,2.169628081691683,14
778,127.08995009487138,-20.581934477221644,6060,135.4076551174278,-1.697351881935795,33
779,-119.01485672021433,1.3736437089970328,6062,-118.09857507912784,0.7103841694799473,11
780,142.1406599217562,9.037650758315669,6065,135.4076551174278,-1.697351881935795,33
781,-118.39993588730654,8.79151965793152,6096,-114.33047638704419,5.73481138949136,19
782,114.6939406925629,-0.47632585006684003,6107,104.96211155305676,-0.5414592591613776,31
783,-75.94834703685714,1.1670164206086695,6108,-77.6204452281073,-4.536559244831727,5
784,171.56274842374174,18.6214971904455,6111,172.66355239880147,-2.7112682595768685,38
785,-142.0381738612375,1.006420620230102,6117,-141.0346653257256,-1.1036168920026446,0
786,-134.18824952959068,4.428809433482978,6119,-132.1080396739421,5.887059356646324,17
787,-56.79955682172978,-0.2244731890351375,6123,-49.93530245157272,-0.19848027172185767,2
788,104.48998001095666,-27.166421140814087,6131,110.19899446847099,-35.665903512662624,21
789,-139.03952668699495,2.106492728654528,6137,-137.57400940459857,4.493303950559668,20
790,-65.80710002427823,-0.21208614731522057,6147,-66.8889597803445,2.169628081691683,14
791,146.26101430992853,6.996027314922809,6192,135.4076551174278,-1.697351881935795,33
792,-22.0281779278241,-10.383435701734808,6203,-29.714479793685786,-1.264748112657314,8
793,-142.14468962264752,3.336700795233261,6204,-142.14616351708418,5.245197398204194,22
794,732.4024845898396,24.521178632951763,6218,861.6475783799328,6.515082937232454,35
795,33.292334830514974,2.3471691375499053,6221,18.937510567705566,1.034768221250525,27
796,195.9895305321507,-16.710325680782475,6254,172.66355239880147,-2.7112682595768685,38
797,-139.99667855402447,-0.3767795993047148,6258,-141.0346653257256,-1.1036168920026446,0
798,-128.83485552529763,-0.6769527512823658,6264,-129.1025175244067,1.5488809909733745,1
799,960.9122419656253,-18.276444800327713,6268,861.6475783799328,6.515082937232454,35
800,-125.26573579442227,6.2699643449805205,6277,-123.80894152337959,5.566802721935252,23
801,-145.1499934338437,2.8747796291286676,6284,-146.59606179012786,4.113086925586259,4
802,319.9346874689647,2.8481063419030805,6285,302.44973475302317,-5.405747081354008,25
803,517.1148913354562,6.837935229867201,6291,586.0312761189704,-1.722944617346204,30
804,-107.90557905349607,-0.28983057200046664,6293,-109.71624596876933,-1.0040630408538558,16
805,-54.30294691181664,-21.170701346939964,6295,-49.93530245157272,-0.19848027172185767,2
806,225.45864521094313,-8.171573906825692,6299,227.03647807555316,-5.020718083634986,26
807,4.309387299572327,-0.056670025206308414,6315,-6.878718007946434,-1.0926682779646681,10
808,-108.98842901422248,0.47455609014588646,6318,-109.71624596876933,-1.0040630408538558,16
809,40.20491369373677,3.8599574174034625,6319,47.997068783449585,1.2679199422360634,13
810,-99.71991979920415,-1.6748103879382563,6321,-96.6939343764425,2.7165835152131033,15
811,-129.2570207263837,5.5082984971641835,6327,-132.1080396739421,5.887059356646324,17
812,-46.46807601896039,-4.228308064183773,6329,-49.93530245157272,-0.19848027172185767,2
813,-20.703401574151474,-14.410332971536848,6333,-29.714479793685786,-1.264748112657314,8
814,-138.0395448364088,1.6147971711552238,6335,-137.57400940459857,4.493303950559668,20
815,-135.12778182883702,3.58795298277786,6338,-137.57400940459857,4.493303950559668,20
816,2.4757276319860053,-2.1799861056608796,6347,-6.878718007946434,-1.0926682779646681,10
817,-136.04408146134944,0.7074818046050438,6353,-134.89656831690453,-0.030690791204986433,34
818,-28.03666301141501,5.952410247278143,6356,-29.714479793685786,-1.264748112657314,8
819,45.179650355964434,4.5104174298695074,6362,47.997068783449585,1.2679199422360634,13
820,69.44943436735365,1.5683752681910204,6367,78.01149217232324,3.6022338347977136,6
821,313.42521229316856,-19.147992384350708,6372,302.44973475302317,-5.405747081354008,25
822,-103.09580992196516,3.9403419204519556,6373,-104.7190727296112,3.8815952186994593,7
823,90.28993523505277,-10.349264226005038,6378,104.96211155305676,-0.5414592591613776,31
824,-124.01214252422662,1.765101020463656,6394,-123.94204162798616,-1.5144507595891967,3
825,-138.35286884897516,7.443070394575702,6406,-137.57400940459857,4.493303950559668,20
826,-136.83562541168905,-1.3044470004806197,6426,-134.89656831690453,-0.030690791204986433,34
827,-67.62940743855997,-2.0860324608172482,6428,-66.8889597803445,2.169628081691683,14
828,99.75989583804261,13.090429193844969,6430,104.96211155305676,-0.5414592591613776,31
829,-100.70361006379773,-2.068418567793715,6437,-96.6939343764425,2.7165835152131033,15
830,-8.065200795093213,6.936675545969635,6440,-6.878718007946434,-1.0926682779646681,10
831,519.9396838380519,-5.036618723759002,6449,586.0312761189704,-1.722944617346204,30
832,-145.1184449593274,3.208204261991854,6461,-146.59606179012786,4.113086925586259,4
833,-104.4303827450584,9.707865190268786,6487,-104.7190727296112,3.8815952186994593,7
834,-76.46947833068651,-5.2361136076998225,6490,-77.6204452281073,-4.536559244831727,5
835,-142.07778070201343,1.849188806726268,6514,-141.0346653257256,-1.1036168920026446,0
836,-136.1606033392515,3.2621090676190345,6526,-137.57400940459857,4.493303950559668,20
837,-132.36894379104572,7.913819043442796,6552,-132.1080396739421,5.887059356646324,17
838,-65.9468038956533,2.852277171319378,6561,-66.8889597803445,2.169628081691683,14
839,176.194825706597,-5.786718825691819,6565,172.66355239880147,-2.7112682595768685,38
840,-124.93070822280538,-1.5840848477970575,6566,-123.94204162798616,-1.5144507595891967,3
841,627.1303924170494,10.404991982201327,6567,586.0312761189704,-1.722944617346204,30
842,234.42582637142013,-7.302852690590419,6568,227.03647807555316,-5.020718083634986,26
843,-134.08973767764877,2.7823534683631332,6574,-134.89656831690453,-0.030690791204986433,34
844,109.32126207960658,-24.405642027792553,6575,110.19899446847099,-35.665903512662624,21
845,-142.13926610064684,3.202222172933448,6576,-142.14616351708418,5.245197398204194,22
846,-60.16787812604839,5.729268393446369,6593,-66.8889597803445,2.169628081691683,14
847,-85.10698806570815,-9.728306313907146,6613,-77.6204452281073,-4.536559244831727,5
848,203.5716100734239,-10.498227348445667,6633,227.03647807555316,-5.020718083634986,26
849,-10.814594974894211,2.929889257908225,6637,-6.878718007946434,-1.0926682779646681,10
850,-113.9085605699295,-0.34269873499600334,6656,-109.71624596876933,-1.0040630408538558,16
851,-129.309706699218,7.16823759811202,6680,-132.1080396739421,5.887059356646324,17
852,16.028662107823443,4.732710231110859,6682,18.937510567705566,1.034768221250525,27
853,-141.91795707013407,-1.1062956312344046,6683,-141.0346653257256,-1.1036168920026446,0
854,-115.83340065742846,-15.209456898699521,6686,-115.69510858146283,-11.595084171039186,39
855,-96.06493998218235,2.8629513507837236,6687,-96.6939343764425,2.7165835152131033,15
856,-82.0747674340079,4.344545640452841,6689,-85.91178621041317,3.2728237667350073,24
857,286.16796677527816,-1.799478282560486,6705,302.44973475302317,-5.405747081354008,25
858,-132.3561194026328,7.628081603104554,6706,-132.1080396739421,5.887059356646324,17
859,-49.015990482884,4.657455869936362,6713,-49.93530245157272,-0.19848027172185767,2
860,-79.13722210006348,-10.495796978413084,6718,-77.6204452281073,-4.536559244831727,5
861,-82.04332378507954,4.179353994030908,6725,-85.91178621041317,3.2728237667350073,24
862,-33.84592090020915,2.707891831506303,6735,-29.714479793685786,-1.264748112657314,8
863,-121.9022778505883,-1.1344023680886919,6737,-123.94204162798616,-1.5144507595891967,3
864,65.12954064656961,-37.72979541644231,6738,70.166569844569,-14.692630117552799,9
865,-45.19480337838095,7.076756325227237,6749,-49.93530245157272,-0.19848027172185767,2
866,-128.31108159461274,7.203708131854864,6751,-132.1080396739421,5.887059356646324,17
867,-128.0720688986388,1.4629498073204332,6752,-129.1025175244067,1.5488809909733745,1
868,-126.26023748612671,6.1207563959873355,6753,-123.80894152337959,5.566802721935252,23
869,217.54211884266485,5.108379897605268,6764,227.03647807555316,-5.020718083634986,26
870,172.7782424222634,-14.521960033238663,6768,172.66355239880147,-2.7112682595768685,38
871,-127.28018515879077,6.050777982273363,6770,-123.80894152337959,5.566802721935252,23
872,-124.65328441716773,-3.045543739581858,6789,-123.94204162798616,-1.5144507595891967,3
873,-144.06194115879882,1.4926981238866286,6802,-146.59606179012786,4.113086925586259,4
874,-34.32790863380878,-34.502974343740625,6803,-29.714479793685786,-1.264748112657314,8
875,389.01134139558906,-25.069808258864686,6810,417.6915390220547,-4.11857226961515,29
876,71.74589559864792,-3.354958565487737,6827,78.01149217232324,3.6022338347977136,6
877,651.9585323331669,27.764284466139358,6828,586.0312761189704,-1.722944617346204,30
878,-140.2319633824119,4.746444503406053,6829,-142.14616351708418,5.245197398204194,22
879,-153.23729980551514,4.651854352843938,6834,-152.23629829764135,4.213482038439798,37
880,-120.02178975820395,1.0225812931289735,6836,-118.09857507912784,0.7103841694799473,11
881,-141.0535811019824,1.3627446470120155,6854,-141.0346653257256,-1.1036168920026446,0
882,-103.17638973025635,5.215082747457869,6858,-104.7190727296112,3.8815952186994593,7
883,-120.58861647341426,-4.379805974288734,6870,-123.94204162798616,-1.5144507595891967,3
884,-76.2793203361554,7.39618565604037,6875,-85.91178621041317,3.2728237667350073,24
885,-134.30201515082356,6.384886846367796,6894,-132.1080396739421,5.887059356646324,17
886,-96.80806008323974,-0.7158492584913866,6896,-96.6939343764425,2.7165835152131033,15
887,-41.02605537751508,5.012671214296116,6900,-49.93530245157272,-0.19848027172185767,2
888,-45.88705080485259,2.3932336768104383,6904,-49.93530245157272,-0.19848027172185767,2
889,-32.08794781101103,-8.737230278664786,6929,-29.714479793685786,-1.264748112657314,8
890,-140.87580900400962,-2.5208996179791514,6943,-141.0346653257256,-1.1036168920026446,0
891,-80.9730897229939,2.6520697741088832,6957,-85.91178621041317,3.2728237667350073,24
892,55.806129475150904,-4.429056792208139,6966,47.997068783449585,1.2679199422360634,13
893,13.62986916308109,-2.813636759072485,6972,18.937510567705566,1.034768221250525,27
894,-96.61534461284894,-2.3750156322401974,6979,-96.6939343764425,2.7165835152131033,15
895,-38.89219158484079,1.5940161892071136,7004,-29.714479793685786,-1.264748112657314,8
896,-83.1093024647179,5.09935359910736,7007,-85.91178621041317,3.2728237667350073,24
897,-134.123667527082,2.502338980795292,7026,-134.89656831690453,-0.030690791204986433,34
898,1124.8414964086862,45.985630190005665,7027,1342.5649032771717,32.04824045393157,32
899,666.8498933847249,30.39961062449138,7044,586.0312761189704,-1.722944617346204,30
900,-87.76567862204239,-0.4572511706383744,7047,-85.91178621041317,3.2728237667350073,24
901,-150.99531012201606,-0.6051754542934177,7063,-148.09620948762597,-1.1157003398540595,36
902,37.83088212234144,-5.278026214168742,7114,47.997068783449585,1.2679199422360634,13
903,-135.23536188132644,4.912466592320935,7115,-137.57400940459857,4.493303950559668,20
904,43.966419099837736,7.114908019790691,7118,47.997068783449585,1.2679199422360634,13
905,-132.9965594868404,-0.2545912075725602,7132,-134.89656831690453,-0.030690791204986433,34
906,-89.98697187518061,2.802804146697676,7135,-85.91178621041317,3.2728237667350073,24
907,105.27177829005686,-23.90200919347029,7144,110.19899446847099,-35.665903512662624,21
908,-48.73434597301315,0.03244063644101472,7156,-49.93530245157272,-0.19848027172185767,2
909,-124.32244730672778,7.550453168275879,7157,-123.80894152337959,5.566802721935252,23
910,-16.22595446928908,8.761140547616952,7160,-6.878718007946434,-1.0926682779646681,10
911,-125.05488011834441,1.639861972191464,7163,-123.94204162798616,-1.5144507595891967,3
912,-133.2102861605956,4.404574277479099,7164,-132.1080396739421,5.887059356646324,17
913,-150.32569477182355,6.642633066458907,7171,-152.23629829764135,4.213482038439798,37
914,85.62739532865282,-0.5109416539730373,7172,78.01149217232324,3.6022338347977136,6
915,-5.754339391928823,1.7008190608278435,7173,-6.878718007946434,-1.0926682779646681,10
916,-44.80756532647966,2.19210296247978,7180,-49.93530245157272,-0.19848027172185767,2
917,-96.16093605838634,3.9458947618100146,7203,-96.6939343764425,2.7165835152131033,15
918,332.1000794766567,-13.756895059249466,7209,302.44973475302317,-5.405747081354008,25
919,-128.87589543906773,-1.8089490526048655,7212,-129.1025175244067,1.5488809909733745,1
920,-111.23513591662989,5.3356348254597945,7220,-114.33047638704419,5.73481138949136,19
921,-113.89900419143675,-15.273653764009994,7229,-115.69510858146283,-11.595084171039186,39
922,91.21231646227974,6.120032883551292,7230,78.01149217232324,3.6022338347977136,6
923,145.15175075711903,-21.115018734261678,7233,135.4076551174278,-1.697351881935795,33
924,-152.13080075292328,2.840007629267645,7255,-152.23629829764135,4.213482038439798,37
925,-106.12523758647811,3.5190670059229987,7260,-104.7190727296112,3.8815952186994593,7
926,-70.73563138774479,-0.8337346132170131,7288,-66.8889597803445,2.169628081691683,14
927,66.19903721190666,-9.784869700052804,7297,70.166569844569,-14.692630117552799,9
928,254.23494666840335,-32.75424950695827,7314,227.03647807555316,-5.020718083634986,26
929,-136.14158422064355,3.8892909291965503,7346,-137.57400940459857,4.493303950559668,20
930,-146.33474336854536,6.919556867956662,7357,-146.59606179012786,4.113086925586259,4
931,-129.94260494381984,0.1490487717542788,7361,-129.1025175244067,1.5488809909733745,1
932,-137.73133239891968,-3.087727099282037,7368,-141.0346653257256,-1.1036168920026446,0
933,-150.923987864071,-1.1483948783300137,7376,-148.09620948762597,-1.1157003398540595,36
934,-107.9865265995723,0.4294917960582761,7380,-109.71624596876933,-1.0040630408538558,16
935,194.63228120519975,-26.18901166884076,7386,172.66355239880147,-2.7112682595768685,38
936,219.73252260863177,-12.203947011416153,7388,227.03647807555316,-5.020718083634986,26
937,-121.67018246620583,-3.6478604992361716,7405,-123.94204162798616,-1.5144507595891967,3
938,-114.94303255445637,-0.6210958348028442,7408,-118.09857507912784,0.7103841694799473,11
939,87.54839959458457,-13.996652003417035,7410,70.166569844569,-14.692630117552799,9
940,-22.703675405710204,0.8169965434229813,7413,-29.714479793685786,-1.264748112657314,8
941,-131.6285401342369,-5.243655246006034,7414,-130.75996572568545,-6.6137591708523855,18
942,-32.58199842117256,-16.24084831849319,7418,-29.714479793685786,-1.264748112657314,8
943,-141.01518275260509,1.543995239162595,7437,-141.0346653257256,-1.1036168920026446,0
944,-4.028323659771131,6.183707758619659,7446,-6.878718007946434,-1.0926682779646681,10
945,-123.03313436215734,1.2179276223920101,7451,-123.94204162798616,-1.5144507595891967,3
946,-53.93529023896325,1.7622181796961305,7454,-49.93530245157272,-0.19848027172185767,2
947,-77.05471004141796,3.498516212012408,7469,-77.6204452281073,-4.536559244831727,5
948,-74.0730193321134,4.965976806574232,7478,-66.8889597803445,2.169628081691683,14
949,-140.06084262117156,1.514267689715625,7498,-141.0346653257256,-1.1036168920026446,0
950,57.206917231726294,-10.096325021803766,7504,70.166569844569,-14.692630117552799,9
951,-115.40795438668813,9.04482389873268,7510,-114.33047638704419,5.73481138949136,19
952,-129.20855660558541,4.436793358874737,7529,-129.1025175244067,1.5488809909733745,1
953,101.90923643704305,10.862268778104182,7535,104.96211155305676,-0.5414592591613776,31
954,-61.808188029868674,0.39631786896097454,7541,-66.8889597803445,2.169628081691683,14
955,-85.96602068316837,2.3901787452425856,7555,-85.91178621041317,3.2728237667350073,24
956,483.7053636583183,-17.29607230699202,7562,417.6915390220547,-4.11857226961515,29
957,-132.15982221022605,3.8389621515777375,7585,-132.1080396739421,5.887059356646324,17
958,-88.83796316157381,-0.43408396289458906,7590,-85.91178621041317,3.2728237667350073,24
959,-125.16988827426366,4.693061003913035,7591,-123.80894152337959,5.566802721935252,23
960,174.96731337134713,-2.867333594348917,7601,172.66355239880147,-2.7112682595768685,38
961,-122.1177301748043,3.079297830613395,7607,-123.80894152337959,5.566802721935252,23
962,77.20578857632536,5.498885207946549,7611,78.01149217232324,3.6022338347977136,6
963,71.56733157081229,0.04149084875134757,7612,78.01149217232324,3.6022338347977136,6
964,-95.02436937310335,3.037702910040693,7616,-96.6939343764425,2.7165835152131033,15
965,440.777974515744,24.069207287958456,7630,417.6915390220547,-4.11857226961515,29
966,-147.26002938327505,5.764082115414571,7633,-146.59606179012786,4.113086925586259,4
967,251.83649883525337,1.795783496420013,7636,227.03647807555316,-5.020718083634986,26
968,-132.1496695178802,4.12980755188272,7644,-132.1080396739421,5.887059356646324,17
969,-50.856089411390066,1.623186017444207,7648,-49.93530245157272,-0.19848027172185767,2
970,33.444282868526315,0.5598254575811726,7651,18.937510567705566,1.034768221250525,27
971,-111.36971640248561,8.289306353858164,7657,-114.33047638704419,5.73481138949136,19
972,-127.13440329329426,3.343509848561556,7671,-129.1025175244067,1.5488809909733745,1
973,-123.2539254818783,6.054671772302445,7675,-123.80894152337959,5.566802721935252,23
974,10.640819710503475,-3.620708884526442,7677,18.937510567705566,1.034768221250525,27
975,-111.05841850077884,1.974735915684511,7678,-109.71624596876933,-1.0040630408538558,16
976,87.3150000726088,-10.940639586143815,7685,78.01149217232324,3.6022338347977136,6
977,-71.5416140120152,-3.5649112662729623,7694,-77.6204452281073,-4.536559244831727,5
978,-85.67313618592277,-2.4550092784931934,7723,-85.91178621041317,3.2728237667350073,24
979,-145.33757348238896,6.997394789534449,7728,-146.59606179012786,4.113086925586259,4
980,-83.89346824266441,2.409860011568705,7755,-85.91178621041317,3.2728237667350073,24
981,-139.24832701221956,5.136363760580403,7768,-137.57400940459857,4.493303950559668,20
982,68.00829550614651,8.1401560090359,7771,78.01149217232324,3.6022338347977136,6
983,-128.85046774095645,-1.8591264594259267,7772,-129.1025175244067,1.5488809909733745,1
984,-139.35233584187463,7.406335307540457,7780,-137.57400940459857,4.493303950559668,20
985,-99.46826494691544,-4.6246689275443025,7807,-95.36861679384212,-10.95784818293233,28
986,221.27010760550795,9.079450597270803,7808,227.03647807555316,-5.020718083634986,26
987,-81.67010713922092,-2.971690480238031,7811,-77.6204452281073,-4.536559244831727,5
988,-98.13285316616017,4.8339259151512115,7840,-96.6939343764425,2.7165835152131033,15
989,-83.3992074796737,-6.885153003319091,7848,-77.6204452281073,-4.536559244831727,5
990,9.339250415878382,-0.11107616343975256,7849,18.937510567705566,1.034768221250525,27
991,0.9047889800202807,6.718852311174313,7852,-6.878718007946434,-1.0926682779646681,10
992,582.80884875178,-29.541761452446774,7855,586.0312761189704,-1.722944617346204,30
993,-93.1610843820788,5.022934111888877,7856,-96.6939343764425,2.7165835152131033,15
994,-149.94436005114414,-1.7043612762990072,7867,-148.09620948762597,-1.1157003398540595,36
995,-2.415990308404088,-3.622584980923525,7872,-6.878718007946434,-1.0926682779646681,10
996,-153.1578584834748,2.937633473771941,7887,-152.23629829764135,4.213482038439798,37
997,-88.04028187523754,1.9674720344768468,7889,-85.91178621041317,3.2728237667350073,24
998,-134.91935622341012,-0.9835399970411758,7893,-134.89656831690453,-0.030690791204986433,34
999,-23.473725786074606,-17.429006878436706,7896,-29.714479793685786,-1.264748112657314,8
1000,25.783176952436982,9.790131134726684,7899,18.937510567705566,1.034768221250525,27
1001,-139.10246813741946,1.9381931028417183,7901,-137.57400940459857,4.493303950559668,20
1002,-127.08169172238848,2.2108799972995534,7904,-129.1025175244067,1.5488809909733745,1
1003,429.0450870128571,4.832238501857575,7910,417.6915390220547,-4.11857226961515,29
1004,-29.226204297317597,-7.190213350913376,7918,-29.714479793685786,-1.264748112657314,8
1005,-101.08220257068443,2.1320471648571773,7937,-104.7190727296112,3.8815952186994593,7
1006,-136.0520216321272,0.8764040915396571,7943,-134.89656831690453,-0.030690791204986433,34
1007,67.25334206343615,4.293063600300923,7975,78.01149217232324,3.6022338347977136,6
1008,-85.82597992569117,0.8830008587985271,7985,-85.91178621041317,3.2728237667350073,24
1009,-93.89594858691794,0.7437672295000206,7991,-96.6939343764425,2.7165835152131033,15
1010,4.8543685772710745,-6.846473213779764,8001,-6.878718007946434,-1.0926682779646681,10
1011,29.859852916318626,-6.037401781226033,8015,18.937510567705566,1.034768221250525,27
1012,-150.2021589118162,3.948797204118572,8018,-152.23629829764135,4.213482038439798,37
1013,18.742002282720208,-4.672914578625964,8037,18.937510567705566,1.034768221250525,27
1014,-101.43904058237521,9.95097017150715,8041,-104.7190727296112,3.8815952186994593,7
1015,-90.91573846951613,-13.50433479662399,8043,-95.36861679384212,-10.95784818293233,28
1016,-137.1063939666328,2.0530721751964798,8045,-137.57400940459857,4.493303950559668,20
1017,172.90799822527205,12.093599752691384,8047,172.66355239880147,-2.7112682595768685,38
1018,322.1167823768311,14.661137015159568,8051,302.44973475302317,-5.405747081354008,25
1019,29.41534341511516,-0.40682002310747023,8052,18.937510567705566,1.034768221250525,27
1020,234.19344086278542,-18.475687469849625,8054,227.03647807555316,-5.020718083634986,26
1021,812.8783023508848,-8.364798689127575,8058,861.6475783799328,6.515082937232454,35
1022,495.8532322453895,-4.578893422254014,8059,417.6915390220547,-4.11857226961515,29
1023,-107.8139311179398,-1.808342219804948,8069,-109.71624596876933,-1.0040630408538558,16
1024,137.46946739093252,3.299543663785047,8082,135.4076551174278,-1.697351881935795,33
1025,-81.83635889549512,1.6805923598495247,8087,-85.91178621041317,3.2728237667350073,24
1026,-130.19488211420384,5.153548742362978,8098,-132.1080396739421,5.887059356646324,17
1027,464.87714592893286,-20.34880914542684,8100,417.6915390220547,-4.11857226961515,29
1028,-108.14028665615115,4.322154075809726,8101,-104.7190727296112,3.8815952186994593,7
1029,-61.97525957937895,3.5316371939387015,8109,-66.8889597803445,2.169628081691683,14
1030,-60.03215091643931,-11.456645017094136,8112,-49.93530245157272,-0.19848027172185767,2
1031,-48.24905524808314,-7.530034573407765,8119,-49.93530245157272,-0.19848027172185767,2
1032,-86.69541727817258,-1.4710345962297393,8137,-85.91178621041317,3.2728237667350073,24
1033,-72.66631339424761,-1.3674796764922805,8138,-77.6204452281073,-4.536559244831727,5
1034,-135.8917058000281,-1.6025208119008323,8154,-134.89656831690453,-0.030690791204986433,34
1035,6.99116297607093,-8.787530295191145,8156,18.937510567705566,1.034768221250525,27
1036,135.61810683770366,-13.695804625676981,8167,135.4076551174278,-1.697351881935795,33
1037,-82.09274526186253,3.721246103324752,8179,-85.91178621041317,3.2728237667350073,24
1038,-69.54731123802654,-3.927433637067325,8195,-66.8889597803445,2.169628081691683,14
1039,-36.47162755664893,-3.50219618091486,8201,-29.714479793685786,-1.264748112657314,8
1040,494.53342221338903,-14.357989934142736,8211,417.6915390220547,-4.11857226961515,29
1041,-118.00280880185875,1.147098448258771,8219,-118.09857507912784,0.7103841694799473,11
1042,190.68026462375718,2.137400306727082,8228,172.66355239880147,-2.7112682595768685,38
1043,-136.69329898302877,-4.416474989267502,8234,-134.89656831690453,-0.030690791204986433,34
1044,472.7188076981962,-17.767710474404044,8237,417.6915390220547,-4.11857226961515,29
1045,-60.133412281223826,6.521819950293684,8244,-66.8889597803445,2.169628081691683,14
1046,388.5230583768612,-3.2563214079150704,8257,417.6915390220547,-4.11857226961515,29
1047,-83.19852114991954,5.494814050969953,8259,-85.91178621041317,3.2728237667350073,24
1048,-135.3567057372648,7.5670548349345435,8263,-132.1080396739421,5.887059356646324,17
1049,-101.02076430808387,2.341919919575235,8266,-104.7190727296112,3.8815952186994593,7
1050,440.393084692161,14.688711957595858,8273,417.6915390220547,-4.11857226961515,29
1051,-6.60459711701276,-0.05730983427577334,8283,-6.878718007946434,-1.0926682779646681,10
1052,-124.92386191000598,-0.7121644788529677,8287,-123.94204162798616,-1.5144507595891967,3
1053,646.821633832074,15.437398594287847,8290,586.0312761189704,-1.722944617346204,30
1054,-60.53553782597387,12.767424475645994,8297,-66.8889597803445,2.169628081691683,14
1055,-3.26382774545239,9.295948667589219,8305,-6.878718007946434,-1.0926682779646681,10
1056,227.59229107084712,4.6838539515761015,8310,227.03647807555316,-5.020718083634986,26
1057,-39.0123872410039,4.738097811339921,8316,-29.714479793685786,-1.264748112657314,8
1058,29.745544286561913,-4.564718887984649,8327,18.937510567705566,1.034768221250525,27
1059,-92.05307314969698,2.687847582605063,8331,-96.6939343764425,2.7165835152131033,15
1060,-54.05216263483144,5.355157989295735,8346,-49.93530245157272,-0.19848027172185767,2
1061,-68.8942647208013,2.1651840317054885,8372,-66.8889597803445,2.169628081691683,14
1062,-21.950739067869545,3.6758879827399014,8374,-29.714479793685786,-1.264748112657314,8
1063,-78.36318814638273,-6.569374195629863,8385,-77.6204452281073,-4.536559244831727,5
1064,-127.13324972825484,3.343751901847966,8390,-129.1025175244067,1.5488809909733745,1
1065,51.984698894835745,-21.58855221554844,8448,70.166569844569,-14.692630117552799,9
1066,-113.53178324618443,-5.01202016946781,8456,-109.71624596876933,-1.0040630408538558,16
1067,-101.30808030203453,8.115321658070034,8483,-104.7190727296112,3.8815952186994593,7
1068,211.18397177782754,-19.16962595473965,8485,227.03647807555316,-5.020718083634986,26
1069,938.7474026367655,26.595999898369676,8506,861.6475783799328,6.515082937232454,35
1070,-11.772912046088,1.485779885819275,8507,-6.878718007946434,-1.0926682779646681,10
1071,-128.36217385774881,-7.947518276157449,8508,-130.75996572568545,-6.6137591708523855,18
1072,-139.17841805733858,4.633034582979606,8514,-137.57400940459857,4.493303950559668,20
1073,285.3814222392476,9.7811368200931,8533,302.44973475302317,-5.405747081354008,25
1074,-126.31320948692013,7.282269791391062,8559,-123.80894152337959,5.566802721935252,23
1075,70.99892616167736,7.355834927033637,8563,78.01149217232324,3.6022338347977136,6
1076,-137.88970324666604,-1.665700492900165,8568,-141.0346653257256,-1.1036168920026446,0
1077,-56.046633552428155,4.701889589121859,8573,-49.93530245157272,-0.19848027172185767,2
1078,-139.35138282076736,7.400709547908065,8587,-137.57400940459857,4.493303950559668,20
1079,-109.01685012506147,1.0769128776484362,8592,-109.71624596876933,-1.0040630408538558,16
1080,-152.950817550578,-1.6101521718533616,8599,-148.09620948762597,-1.1157003398540595,36
1081,-30.435695222420772,-4.161461797573314,8600,-29.714479793685786,-1.264748112657314,8
1082,-115.06103634122246,1.4561673337571612,8621,-118.09857507912784,0.7103841694799473,11
1083,-120.22037567242367,5.875543862037902,8635,-123.80894152337959,5.566802721935252,23
1084,-9.310298033338016,10.232427267513575,8638,-6.878718007946434,-1.0926682779646681,10
1085,-127.94354642250646,0.18890754950381397,8649,-129.1025175244067,1.5488809909733745,1
1086,-42.24649888505419,7.726444481114015,8654,-49.93530245157272,-0.19848027172185767,2
1087,-94.62593628578968,-3.6486144581178,8666,-96.6939343764425,2.7165835152131033,15
1088,-61.95887389065129,2.137446887817669,8670,-66.8889597803445,2.169628081691683,14
1089,179.85941918786,13.783131055129534,8680,172.66355239880147,-2.7112682595768685,38
1090,-127.98896483837909,0.6771248801416179,8709,-129.1025175244067,1.5488809909733745,1
1091,-87.27959441062973,-7.51829937666119,8720,-95.36861679384212,-10.95784818293233,28
1092,-125.85296153656137,-1.2578300637923652,8728,-123.94204162798616,-1.5144507595891967,3
1093,98.17367685269149,6.037487280333105,8749,104.96211155305676,-0.5414592591613776,31
1094,-51.10081885293743,5.957155934377586,8766,-49.93530245157272,-0.19848027172185767,2
1095,-91.46896732858453,-6.006887709657702,8769,-95.36861679384212,-10.95784818293233,28
1096,57.91454968365074,-20.46620630625388,8770,70.166569844569,-14.692630117552799,9
1097,-62.47989858908581,-3.7290565297807423,8784,-66.8889597803445,2.169628081691683,14
1098,131.15471213051546,-7.2019504288217515,8792,135.4076551174278,-1.697351881935795,33
1099,-140.34751178084127,7.301574807142185,8795,-142.14616351708418,5.245197398204194,22
1100,69.80957599172129,11.498458462329873,8800,78.01149217232324,3.6022338347977136,6
1101,268.4672314301749,-7.119705649658633,8805,302.44973475302317,-5.405747081354008,25
1102,-141.84388983334122,-2.7534743080536064,8807,-141.0346653257256,-1.1036168920026446,0
1103,-129.1621374992597,3.9322168487692006,8824,-129.1025175244067,1.5488809909733745,1
1104,305.7038796878961,-23.327376248804512,8841,302.44973475302317,-5.405747081354008,25
1105,529.4346943613143,2.6011048308998177,8842,586.0312761189704,-1.722944617346204,30
1106,106.45280936198105,-12.097821504236492,8846,104.96211155305676,-0.5414592591613776,31
1107,-4.743918701631575,1.4807112763148085,8847,-6.878718007946434,-1.0926682779646681,10
1108,-154.05545782129053,0.6659832091229163,8850,-152.23629829764135,4.213482038439798,37
1109,-14.880170461541583,-11.463680603690412,8856,-6.878718007946434,-1.0926682779646681,10
1110,-136.9617552354056,0.43680832551273846,8860,-134.89656831690453,-0.030690791204986433,34
1111,-142.95807949257158,-1.2721776246641496,8863,-141.0346653257256,-1.1036168920026446,0
1112,-137.2146090229995,5.463465653015111,8869,-137.57400940459857,4.493303950559668,20
1113,-112.27584840168453,7.233396515272883,8877,-114.33047638704419,5.73481138949136,19
1114,79.41798909900268,2.4141253419772557,8886,78.01149217232324,3.6022338347977136,6
1115,-19.871331255634576,-11.732905973438363,8893,-29.714479793685786,-1.264748112657314,8
1116,255.27218361629986,-18.821287740821287,8894,227.03647807555316,-5.020718083634986,26
1117,-91.63038205471643,-2.4692689008437396,8907,-96.6939343764425,2.7165835152131033,15
1118,-104.43189496511422,9.73297178191685,8909,-104.7190727296112,3.8815952186994593,7
1119,-76.92149762944949,1.6051374550055604,8913,-77.6204452281073,-4.536559244831727,5
1120,199.3952489528754,-8.247536587138256,8914,172.66355239880147,-2.7112682595768685,38
1121,42.23346661766155,3.79065208645335,8916,47.997068783449585,1.2679199422360634,13
1122,196.05022743288072,-3.3094852260904806,8930,172.66355239880147,-2.7112682595768685,38
1123,159.89696404018406,-2.0978813575295128,8944,172.66355239880147,-2.7112682595768685,38
1124,-98.84531661201609,-15.679348663582761,8948,-95.36861679384212,-10.95784818293233,28
1125,-126.16789480792028,4.094970112738105,8952,-123.80894152337959,5.566802721935252,23
1126,-113.84084016705876,0.7414988831828703,8955,-118.09857507912784,0.7103841694799473,11
1127,-56.684766909512284,-1.7042310278888895,8962,-49.93530245157272,-0.19848027172185767,2
1128,-89.07944012136635,3.3080039556665812,8997,-85.91178621041317,3.2728237667350073,24
1129,243.76793388767382,2.654047498162894,9007,227.03647807555316,-5.020718083634986,26
1130,-15.144396074475283,7.517572024055078,9009,-6.878718007946434,-1.0926682779646681,10
1131,-112.09557524591516,3.279180137286954,9013,-114.33047638704419,5.73481138949136,19
1132,-144.92484438390787,0.5247799937853717,9025,-148.09620948762597,-1.1157003398540595,36
1133,-120.05156046983475,3.2139846919687547,9032,-118.09857507912784,0.7103841694799473,11
1134,-99.70942533349198,-1.8989457747085488,9033,-96.6939343764425,2.7165835152131033,15
1135,-86.17854054590654,6.0283536462675835,9039,-85.91178621041317,3.2728237667350073,24
1136,-105.18516003409191,5.859698886406334,9042,-104.7190727296112,3.8815952186994593,7
1137,57.24524786448726,4.2901657024303415,9046,47.997068783449585,1.2679199422360634,13
1138,-134.59918432934356,-5.938452730221317,9047,-130.75996572568545,-6.6137591708523855,18
1139,-132.1558090245989,3.228090169910019,9048,-132.1080396739421,5.887059356646324,17
1140,-121.24752072831278,-9.300088831054952,9052,-115.69510858146283,-11.595084171039186,39
1141,-81.20437626647147,7.220897726671706,9061,-85.91178621041317,3.2728237667350073,24
1142,-31.582261519935816,-1.4780413823312468,9077,-29.714479793685786,-1.264748112657314,8
1143,-130.567647185764,-6.039097739910284,9078,-130.75996572568545,-6.6137591708523855,18
1144,-103.8856652868364,0.8632583975384364,9079,-104.7190727296112,3.8815952186994593,7
1145,-154.25385891584236,5.011488535094848,9099,-152.23629829764135,4.213482038439798,37
1146,758.3504301816625,-31.26993486301905,9106,861.6475783799328,6.515082937232454,35
1147,-127.80245933817908,-0.8474244618957539,9107,-129.1025175244067,1.5488809909733745,1
1148,-121.18805943096501,4.635809637113651,9108,-123.80894152337959,5.566802721935252,23
1149,225.36771723318319,8.03643670876231,9115,227.03647807555316,-5.020718083634986,26
1150,-127.03026039583568,1.6092897093861576,9116,-129.1025175244067,1.5488809909733745,1
1151,-100.8226579077219,0.06768831589057306,9121,-96.6939343764425,2.7165835152131033,15
1152,-130.68701600093206,-4.442650659499657,9156,-130.75996572568545,-6.6137591708523855,18
1153,-94.25571686330655,7.590241168670855,9160,-96.6939343764425,2.7165835152131033,15
1154,-19.361022184505227,-5.096374680964551,9162,-29.714479793685786,-1.264748112657314,8
1155,-105.96596134330191,2.584165140704816,9169,-104.7190727296112,3.8815952186994593,7
1156,55.28752375720505,-11.904157425244525,9194,47.997068783449585,1.2679199422360634,13
1157,-145.25688295340075,5.2266681944920705,9198,-146.59606179012786,4.113086925586259,4
1158,-126.9900523820408,0.7168512338941758,9200,-129.1025175244067,1.5488809909733745,1
1159,-146.32709686650773,6.75382942125415,9202,-146.59606179012786,4.113086925586259,4
1160,-46.969907695164586,4.191800988304838,9207,-49.93530245157272,-0.19848027172185767,2
1161,-109.36604560745286,8.2356997127846,9223,-114.33047638704419,5.73481138949136,19
1162,-140.348805778601,7.323557539831725,9225,-142.14616351708418,5.245197398204194,22
1163,-107.1506093973731,3.5405753339932144,9236,-104.7190727296112,3.8815952186994593,7
1164,-144.8263165230172,-1.6455837181948325,9245,-148.09620948762597,-1.1157003398540595,36
1165,221.72664002816245,-12.04457801143896,9250,227.03647807555316,-5.020718083634986,26
1166,-133.97701294609777,1.327685479915244,9256,-134.89656831690453,-0.030690791204986433,34
1167,-134.05260832483987,0.9330253838411063,9258,-134.89656831690453,-0.030690791204986433,34
1168,-133.2850337821421,6.5396763228744605,9284,-132.1080396739421,5.887059356646324,17
1169,830.869889555696,21.070007921516996,9291,861.6475783799328,6.515082937232454,35
1170,-101.84224465585233,-15.295195874782422,9310,-95.36861679384212,-10.95784818293233,28
1171,-120.37429826824105,8.221938848796881,9317,-123.80894152337959,5.566802721935252,23
1172,-141.1531965828352,3.5298373587374585,9327,-142.14616351708418,5.245197398204194,22
1173,-131.35169350760003,7.542609986565887,9344,-132.1080396739421,5.887059356646324,17
1174,-136.89835006158086,0.06654584386992039,9354,-134.89656831690453,-0.030690791204986433,34
1175,1248.8240115965104,50.49641139729514,9365,1342.5649032771717,32.04824045393157,32
1176,-87.22780388628755,6.098904335656645,9366,-85.91178621041317,3.2728237667350073,24
1177,-20.306247021890613,9.944866301340307,9370,-29.714479793685786,-1.264748112657314,8
1178,-148.33270828889766,6.845216893522832,9371,-146.59606179012786,4.113086925586259,4
1179,169.55731840858382,-11.784379959873146,9378,172.66355239880147,-2.7112682595768685,38
1180,-83.17435181274071,5.499905321479236,9380,-85.91178621041317,3.2728237667350073,24
1181,-114.19816308251994,4.9868536392452105,9388,-114.33047638704419,5.73481138949136,19
1182,-131.27941350859268,6.461908035570147,9394,-132.1080396739421,5.887059356646324,17
1183,-49.88092717113742,2.170417591882789,9397,-49.93530245157272,-0.19848027172185767,2
1184,-97.70956598782118,-1.359766908546448,9399,-96.6939343764425,2.7165835152131033,15
1185,-101.3224890303572,7.889291029495554,9400,-104.7190727296112,3.8815952186994593,7
1186,-108.13617966300043,3.197791757862436,9402,-104.7190727296112,3.8815952186994593,7
1187,-49.923712941732816,2.1060363102366155,9404,-49.93530245157272,-0.19848027172185767,2
1188,-125.2160186871465,5.173471716292368,9408,-123.80894152337959,5.566802721935252,23
1189,-124.13588387206241,2.9238241612978455,9414,-123.80894152337959,5.566802721935252,23
1190,-110.94177671215422,-0.06500149151138045,9430,-109.71624596876933,-1.0040630408538558,16
1191,375.24476514772084,-57.312942552512354,9437,417.6915390220547,-4.11857226961515,29
1192,-107.20351723550728,5.712991985758512,9451,-104.7190727296112,3.8815952186994593,7
1193,90.11990350101911,-8.149481644900375,9465,104.96211155305676,-0.5414592591613776,31
1194,-112.99873505452062,2.155267204744863,9472,-114.33047638704419,5.73481138949136,19
1195,90.18038881604592,6.266302553339909,9475,78.01149217232324,3.6022338347977136,6
1196,-145.0772237052254,1.2989801874919116,9523,-146.59606179012786,4.113086925586259,4
1197,-51.849195248775224,1.4633992357398482,9558,-49.93530245157272,-0.19848027172185767,2
1198,90.91370646794574,-5.669777631225263,9573,104.96211155305676,-0.5414592591613776,31
1199,-87.08338524200346,3.9336350040554993,9575,-85.91178621041317,3.2728237667350073,24
1200,71.67990587370507,-1.904332319327463,9582,78.01149217232324,3.6022338347977136,6
1201,-5.548390861737281,-0.7666352529833396,9594,-6.878718007946434,-1.0926682779646681,10
1202,157.52621584721092,2.9031328764598907,9596,172.66355239880147,-2.7112682595768685,38
1203,-87.10018195536031,4.827955529131593,9622,-85.91178621041317,3.2728237667350073,24
1204,-108.1569860426626,4.167157650204169,9629,-104.7190727296112,3.8815952186994593,7
1205,-112.02860615196363,1.2923533478480076,9662,-109.71624596876933,-1.0040630408538558,16
1206,85.03174575595641,7.902960402784746,9663,78.01149217232324,3.6022338347977136,6
1207,19.625571335264215,-3.1305276337481205,9665,18.937510567705566,1.034768221250525,27
1208,588.7335336622928,-42.51611161516105,9667,586.0312761189704,-1.722944617346204,30
1209,-136.95718372819923,-1.2089212023910723,9672,-134.89656831690453,-0.030690791204986433,34
1210,21.175094040534304,3.69360701274906,9678,18.937510567705566,1.034768221250525,27
1211,-127.38011684523691,8.235299480790696,9690,-123.80894152337959,5.566802721935252,23
1212,-69.84252216975126,1.0083704781550564,9693,-66.8889597803445,2.169628081691683,14
1213,-26.875158512067856,2.9528828917158205,9697,-29.714479793685786,-1.264748112657314,8
1214,-110.9091097239862,0.7448303391776924,9713,-109.71624596876933,-1.0040630408538558,16
1215,-149.9681981995258,-1.1670671749344597,9723,-148.09620948762597,-1.1157003398540595,36
1216,290.79751637574583,3.825617661942114,9725,302.44973475302317,-5.405747081354008,25
1217,247.61252517075485,5.108523571677263,9743,227.03647807555316,-5.020718083634986,26
1218,712.9035663332536,30.500869871263852,9757,586.0312761189704,-1.722944617346204,30
1219,-24.721213694736313,-15.110374194215847,9760,-29.714479793685786,-1.264748112657314,8
1220,-119.36441768253425,8.017444358990248,9762,-123.80894152337959,5.566802721935252,23
1221,-60.48892079069466,-4.5389135616263925,9764,-66.8889597803445,2.169628081691683,14
1222,-97.81571494520239,-0.05357382708454029,9796,-96.6939343764425,2.7165835152131033,15
1223,-47.197155128645306,-8.134250782972483,9797,-49.93530245157272,-0.19848027172185767,2
1224,-0.11342002555344577,7.093821289530519,9808,-6.878718007946434,-1.0926682779646681,10
1225,-145.20218115450865,4.539844807874082,9809,-146.59606179012786,4.113086925586259,4
1226,-48.58219716716381,-2.289444232228449,9810,-49.93530245157272,-0.19848027172185767,2
1227,-19.236747933031264,-6.293091323304209,9814,-29.714479793685786,-1.264748112657314,8
1228,63.88406046909239,8.740159300899371,9827,78.01149217232324,3.6022338347977136,6
1229,-64.86827015825695,1.6594552258296758,9835,-66.8889597803445,2.169628081691683,14
1230,-93.97085963838407,1.3621236706320994,9849,-96.6939343764425,2.7165835152131033,15
1231,-95.34273829507745,-7.808422303757374,9869,-95.36861679384212,-10.95784818293233,28
1232,-132.92902710027857,-0.21494489604791042,9871,-134.89656831690453,-0.030690791204986433,34
1233,-133.22932186698185,4.8270646487431295,9878,-132.1080396739421,5.887059356646324,17
1234,-110.93281553420992,-0.270496061206804,9895,-109.71624596876933,-1.0040630408538558,16
1235,-36.65784821786182,-15.670097227198612,9898,-29.714479793685786,-1.264748112657314,8
1236,243.5457976025961,-66.11986933218552,9910,227.03647807555316,-5.020718083634986,26
1237,521.9241638211195,-47.817003428010196,9911,586.0312761189704,-1.722944617346204,30
1238,-96.98080958659322,2.048052915549954,9918,-96.6939343764425,2.7165835152131033,15
1239,277.76383660435556,3.8368778719779635,9929,302.44973475302317,-5.405747081354008,25
1240,-111.03303516493823,1.9318955953874974,9937,-109.71624596876933,-1.0040630408538558,16
1241,-111.14704926477577,3.9189875428127827,9942,-114.33047638704419,5.73481138949136,19
1242,-110.91989334836659,0.9774706793222109,9953,-109.71624596876933,-1.0040630408538558,16
1243,-100.0379948733441,-12.511165724584489,9954,-95.36861679384212,-10.95784818293233,28
1244,-145.89803375899587,0.42852164688401595,9979,-148.09620948762597,-1.1157003398540595,36
1245,44.138011491759286,-9.328258919495035,9984,47.997068783449585,1.2679199422360634,13
1246,-93.45240856453484,10.405303741407181,9988,-96.6939343764425,2.7165835152131033,15
1247,-137.65765653042968,-4.1988135260580375,9989,-141.0346653257256,-1.1036168920026446,0
1248,-143.24317996950944,4.958418699745746,9993,-142.14616351708418,5.245197398204194,22
1249,-148.20480729044843,4.567090313025405,9998,-146.59606179012786,4.113086925586259,4
1250,436.46752029106796,28.229749510904053,10005,417.6915390220547,-4.11857226961515,29
1251,555.2583016442867,20.597809631618983,10011,586.0312761189704,-1.722944617346204,30
1252,-95.44914609418345,-6.482093718676965,10023,-95.36861679384212,-10.95784818293233,28
1253,911.5451850219225,28.506976233347263,10034,861.6475783799328,6.515082937232454,35
1254,-123.86202195246044,0.01349738493893352,10041,-123.94204162798616,-1.5144507595891967,3
1255,58.45695454439044,-14.019558365683197,10047,70.166569844569,-14.692630117552799,9
1256,-95.87196262617637,0.7007348661073338,10057,-96.6939343764425,2.7165835152131033,15
1257,598.6743349028455,1.589266081339218,10063,586.0312761189704,-1.722944617346204,30
1258,-143.8534281442651,-1.038498747362776,10068,-141.0346653257256,-1.1036168920026446,0
1259,192.92641208052598,-1.6670043473660154,10074,172.66355239880147,-2.7112682595768685,38
1260,-124.7868236369428,-2.6914621552626916,10081,-123.94204162798616,-1.5144507595891967,3
1261,-116.9700066579027,-0.5867492319310857,10101,-118.09857507912784,0.7103841694799473,11
1262,407.0363836964016,18.862416762239064,10102,417.6915390220547,-4.11857226961515,29
1263,79.15153213631201,-8.517956593913121,10108,70.166569844569,-14.692630117552799,9
1264,-47.50174966278616,-3.52937633063344,10112,-49.93530245157272,-0.19848027172185767,2
1265,57.54231901610372,-0.6695169330501165,10115,47.997068783449585,1.2679199422360634,13
1266,-145.14900383304862,2.863073487851303,10116,-146.59606179012786,4.113086925586259,4
1267,-111.79648699002112,-0.7111782865495053,10131,-109.71624596876933,-1.0040630408538558,16
1268,-90.25673212273932,-9.105562415329294,10133,-95.36861679384212,-10.95784818293233,28
1269,260.72368101522693,-10.814452888675499,10137,227.03647807555316,-5.020718083634986,26
1270,16.183922210523946,2.901656758561711,10152,18.937510567705566,1.034768221250525,27
1271,84.09951726931753,7.924355801539543,10159,78.01149217232324,3.6022338347977136,6
1272,-39.03629323429597,5.787964049140353,10160,-29.714479793685786,-1.264748112657314,8
1273,87.52544506879934,0.20546053696395233,10161,78.01149217232324,3.6022338347977136,6
1274,-102.11513263587182,4.391009105148309,10169,-104.7190727296112,3.8815952186994593,7
1275,-10.824594338244546,3.131919028824654,10170,-6.878718007946434,-1.0926682779646681,10
1276,-101.10188377914962,3.0785750333446202,10178,-104.7190727296112,3.8815952186994593,7
1277,-96.29940111236765,7.502523954386422,10183,-96.6939343764425,2.7165835152131033,15
1278,-138.2354381830366,4.870559320259361,10184,-137.57400940459857,4.493303950559668,20
1279,-102.93547524442091,-0.06988722662045427,10190,-104.7190727296112,3.8815952186994593,7
1280,-106.904178628728,0.7035171247508921,10195,-109.71624596876933,-1.0040630408538558,16
1281,-98.874809912497,1.2286590138771512,10208,-96.6939343764425,2.7165835152131033,15
1282,-142.92352693728097,-1.5150795525702223,10222,-141.0346653257256,-1.1036168920026446,0
1283,-19.01264175267582,5.068090675859472,10225,-29.714479793685786,-1.264748112657314,8
1284,-85.22184776573475,-9.262838927210149,10230,-77.6204452281073,-4.536559244831727,5
1285,-58.472087479242255,-3.846903580794114,10232,-49.93530245157272,-0.19848027172185767,2
1286,-41.91330519997245,3.534432124900555,10234,-49.93530245157272,-0.19848027172185767,2
1287,473.2322091962925,3.5198019963366796,10238,417.6915390220547,-4.11857226961515,29
1288,-72.51528619793025,-5.186077630149126,10248,-77.6204452281073,-4.536559244831727,5
1289,120.76813353107056,-2.5087007854248187,10257,135.4076551174278,-1.697351881935795,33
1290,-11.444298477875613,-3.153170210377561,10263,-6.878718007946434,-1.0926682779646681,10
1291,-124.09283947988409,3.5123923585655046,10268,-123.80894152337959,5.566802721935252,23
1292,-113.1996526935807,5.0222341863833515,10272,-114.33047638704419,5.73481138949136,19
1293,-137.8658997690358,-0.1410448363056966,10290,-134.89656831690453,-0.030690791204986433,34
1294,343.1005112242009,1.1387924258614615,10291,302.44973475302317,-5.405747081354008,25
1295,-99.87728615586715,-0.2662247859462548,10307,-96.6939343764425,2.7165835152131033,15
1296,-105.4400325724565,-6.356523408200683,10314,-109.71624596876933,-1.0040630408538558,16
1297,45.289490037017195,2.6207978786840687,10324,47.997068783449585,1.2679199422360634,13
1298,-115.90777597989916,1.150540702788754,10326,-118.09857507912784,0.7103841694799473,11
1299,47.29502942398473,3.055201013045587,10327,47.997068783449585,1.2679199422360634,13
1300,-148.10747424923048,2.4028333772972834,10331,-146.59606179012786,4.113086925586259,4
1301,87.44220265119121,2.0095185208258304,10337,78.01149217232324,3.6022338347977136,6
1302,-40.3509196695066,10.595223729099278,10343,-49.93530245157272,-0.19848027172185767,2
1303,516.4891506731053,-13.02478672054896,10345,586.0312761189704,-1.722944617346204,30
1304,-151.90347012253977,-2.136068809353766,10346,-148.09620948762597,-1.1157003398540595,36
1305,-56.34447189430213,-6.091822935454785,10347,-49.93530245157272,-0.19848027172185767,2
1306,-17.820671128735437,2.946770202555379,10351,-6.878718007946434,-1.0926682779646681,10
1307,-18.50574203888305,-1.9109055723970214,10359,-29.714479793685786,-1.264748112657314,8
1308,-20.72225436937804,1.7621165116002178,10360,-29.714479793685786,-1.264748112657314,8
1309,-104.22319863553568,5.190501556981855,10369,-104.7190727296112,3.8815952186994593,7
1310,-128.99939510633908,0.3752974836951805,10377,-129.1025175244067,1.5488809909733745,1
1311,477.20413302893485,4.21126552059514,10378,417.6915390220547,-4.11857226961515,29
1312,-148.3292178437583,6.7368909953459575,10380,-146.59606179012786,4.113086925586259,4
1313,81.15822665947744,-9.145572917912764,10384,70.166569844569,-14.692630117552799,9
1314,-1.3028859612786827,10.197035148217546,10409,-6.878718007946434,-1.0926682779646681,10
1315,205.30980365779172,7.413408470727054,10415,227.03647807555316,-5.020718083634986,26
1316,-66.79979703059085,0.6338931312025513,10420,-66.8889597803445,2.169628081691683,14
1317,13.695217948667958,10.485824860975335,10439,18.937510567705566,1.034768221250525,27
1318,849.379974834802,0.08596552404249798,10451,861.6475783799328,6.515082937232454,35
1319,-148.184218079506,4.0840771711647985,10464,-146.59606179012786,4.113086925586259,4
1320,17.270488180955226,2.560648031483549,10466,18.937510567705566,1.034768221250525,27
1321,-115.3710958079508,8.230809393719678,10480,-114.33047638704419,5.73481138949136,19
1322,-80.88512653392382,1.2453677058817454,10488,-85.91178621041317,3.2728237667350073,24
1323,-74.92944441938751,1.2914438540531097,10507,-77.6204452281073,-4.536559244831727,5
1324,-54.19458755418629,-7.788025222697198,10508,-49.93530245157272,-0.19848027172185767,2
1325,365.1571260462765,-13.44101878542762,10519,417.6915390220547,-4.11857226961515,29
1326,-134.07481232215116,1.409932365802665,10522,-134.89656831690453,-0.030690791204986433,34
1327,-120.9634887316529,0.22936895633383525,10560,-118.09857507912784,0.7103841694799473,11
1328,-31.3182817066805,10.021901818099057,10564,-29.714479793685786,-1.264748112657314,8
1329,7.734052034547751,-19.409259044542797,10606,28.39696760572947,-22.91072472808294,12
1330,-115.79629971238391,-0.7812446614473932,10609,-118.09857507912784,0.7103841694799473,11
1331,-137.26374210455967,6.0173797894574195,10610,-137.57400940459857,4.493303950559668,20
1332,-88.24167495545457,-8.373935380006625,10616,-95.36861679384212,-10.95784818293233,28
1333,-150.9099367246329,-1.4433421119532917,10625,-148.09620948762597,-1.1157003398540595,36
1334,78.63906604966311,-1.3923300527690932,10630,78.01149217232324,3.6022338347977136,6
1335,5.657987549831424,-3.5681094370046504,10637,-6.878718007946434,-1.0926682779646681,10
1336,175.9686615999608,-17.09734056500818,10647,172.66355239880147,-2.7112682595768685,38
1337,103.6552946020945,15.439116441425929,10651,104.96211155305676,-0.5414592591613776,31
1338,-113.95060520525446,0.06875125878218714,10657,-118.09857507912784,0.7103841694799473,11
1339,-133.0992486491146,3.48965183275335,10658,-132.1080396739421,5.887059356646324,17
1340,511.1308792545669,6.396261283226626,10666,586.0312761189704,-1.722944617346204,30
1341,-152.17417920931618,3.2871228316266543,10672,-152.23629829764135,4.213482038439798,37
1342,572.4608404538116,17.980631761909823,10691,586.0312761189704,-1.722944617346204,30
1343,-96.01422185127137,1.2447645380835806,10697,-96.6939343764425,2.7165835152131033,15
1344,-104.22499644587432,6.756340693767473,10700,-104.7190727296112,3.8815952186994593,7
1345,16.83486176860772,-7.247816767597549,10703,18.937510567705566,1.034768221250525,27
1346,126.86123282105994,11.831239999548762,10710,135.4076551174278,-1.697351881935795,33
1347,292.59674234791663,6.711941960348091,10712,302.44973475302317,-5.405747081354008,25
1348,-146.19555103991402,3.8699835609716513,10723,-146.59606179012786,4.113086925586259,4
1349,700.5856254375383,6.278131887359567,10738,586.0312761189704,-1.722944617346204,30
1350,687.5197767989986,-36.16783305472135,10747,586.0312761189704,-1.722944617346204,30
1351,-48.89320334200206,2.4706981383538817,10748,-49.93530245157272,-0.19848027172185767,2
1352,-56.06403347869778,4.540111755343263,10781,-49.93530245157272,-0.19848027172185767,2
1353,-96.38589346497011,9.399662371651509,10785,-96.6939343764425,2.7165835152131033,15
1354,113.34830435115373,-10.200565934798012,10791,104.96211155305676,-0.5414592591613776,31
1355,-103.93115840776242,2.3798706401216756,10795,-104.7190727296112,3.8815952186994593,7
1356,-68.38228290048897,10.283092296526183,10796,-66.8889597803445,2.169628081691683,14
1357,625.1678570800568,-4.672647539473096,10804,586.0312761189704,-1.722944617346204,30
1358,-84.89883932686908,1.468802954197374,10829,-85.91178621041317,3.2728237667350073,24
1359,-147.9363392292875,0.20295528364861776,10834,-148.09620948762597,-1.1157003398540595,36
1360,193.6358468841466,2.651079141320878,10840,172.66355239880147,-2.7112682595768685,38
1361,-19.58038179121431,-1.314905801891107,10866,-29.714479793685786,-1.264748112657314,8
1362,401.314228292405,0.001850114566054814,10875,417.6915390220547,-4.11857226961515,29
1363,-139.81431596872116,-2.3331847465924147,10879,-141.0346653257256,-1.1036168920026446,0
1364,242.59160602878507,4.961960068850757,10909,227.03647807555316,-5.020718083634986,26
1365,-54.172991714080155,6.457011421535313,10917,-49.93530245157272,-0.19848027172185767,2
1366,328.37755877584965,-17.847633645903223,10925,302.44973475302317,-5.405747081354008,25
1367,142.6998947158559,0.39411148001987667,10927,135.4076551174278,-1.697351881935795,33
1368,-7.328658866417871,10.661098901603895,10928,-6.878718007946434,-1.0926682779646681,10
1369,-118.0041974593416,0.6794297074302978,10930,-118.09857507912784,0.7103841694799473,11
1370,-140.9542972109215,-0.8072683272895336,10948,-141.0346653257256,-1.1036168920026446,0
1371,-111.20672023898375,5.727627722165955,10949,-114.33047638704419,5.73481138949136,19
1372,-55.800953233345936,-0.6914050227585345,10960,-49.93530245157272,-0.19848027172185767,2
1373,-96.44808199906213,-5.519278744333878,10963,-95.36861679384212,-10.95784818293233,28
1374,-142.881498964754,-1.4412301444335105,10976,-141.0346653257256,-1.1036168920026446,0
1375,-113.00817925516475,2.8817229873052987,10982,-114.33047638704419,5.73481138949136,19
1376,-43.23548920748543,8.527202070450759,10986,-49.93530245157272,-0.19848027172185767,2
1377,93.34406396000462,2.7358738269624494,10990,104.96211155305676,-0.5414592591613776,31
1378,-128.91351322301043,1.0538469890946869,11012,-129.1025175244067,1.5488809909733745,1
1379,-5.797011858145471,3.149804507470251,11032,-6.878718007946434,-1.0926682779646681,10
1380,-106.02841716310621,-12.814498561648252,11038,-115.69510858146283,-11.595084171039186,39
1381,207.09888372544344,-17.886535520574476,11044,227.03647807555316,-5.020718083634986,26
1382,-110.29123251020839,6.571305166631231,11049,-114.33047638704419,5.73481138949136,19
1383,197.9694015186149,-2.0136207265834773,11056,172.66355239880147,-2.7112682595768685,38
1384,-82.23352999357938,6.277576697686973,11067,-85.91178621041317,3.2728237667350073,24
1385,-96.01624085231235,2.3273996175666256,11072,-96.6939343764425,2.7165835152131033,15
1386,-120.14774938856706,4.294146513338424,11076,-123.80894152337959,5.566802721935252,23
1387,12.061526195017183,-9.721511591733476,11080,18.937510567705566,1.034768221250525,27
1388,-95.06306817985782,2.3289428823905243,11089,-96.6939343764425,2.7165835152131033,15
1389,148.0382420297773,10.368412927763476,11101,135.4076551174278,-1.697351881935795,33
1390,-141.32602019835434,6.807967403838955,11105,-142.14616351708418,5.245197398204194,22
1391,-134.08794338597724,2.2283782059591606,11107,-134.89656831690453,-0.030690791204986433,34
1392,-101.65960070000945,-2.012261255740228,11109,-104.7190727296112,3.8815952186994593,7
1393,-44.07877904689997,5.584010718253174,11111,-49.93530245157272,-0.19848027172185767,2
1394,-141.02854081142945,0.3007151968701056,11120,-141.0346653257256,-1.1036168920026446,0
1395,-74.78933823162613,-1.2585204621658896,11129,-77.6204452281073,-4.536559244831727,5
1396,-144.27199342364966,6.077955888312707,11132,-142.14616351708418,5.245197398204194,22
1397,-146.07066286172395,1.6197509684976616,11135,-146.59606179012786,4.113086925586259,4
1398,48.754106269523064,-3.909869094970555,11138,47.997068783449585,1.2679199422360634,13
1399,45.19737062014553,-10.602776841697999,11144,47.997068783449585,1.2679199422360634,13
1400,237.35404229652082,-6.19380546366485,11155,227.03647807555316,-5.020718083634986,26
1401,-51.64841583600723,-1.9199315300025332,11156,-49.93530245157272,-0.19848027172185767,2
1402,-98.93014006741538,0.886498903220699,11169,-96.6939343764425,2.7165835152131033,15
1403,327.3700992479699,11.237705961398813,11177,302.44973475302317,-5.405747081354008,25
1404,199.11333497464642,-4.126573739977342,11180,172.66355239880147,-2.7112682595768685,38
1405,52.92533041871114,8.66693960315555,11203,47.997068783449585,1.2679199422360634,13
1406,-20.562402889573363,-1.7286866224522137,11228,-29.714479793685786,-1.264748112657314,8
1407,-37.49806818454234,-3.9579602800561156,11237,-29.714479793685786,-1.264748112657314,8
1408,-51.55497388428668,13.333323674389932,11241,-49.93530245157272,-0.19848027172185767,2
1409,-127.89175706787049,-0.41950198945836753,11244,-129.1025175244067,1.5488809909733745,1
1410,-131.1735065570678,3.6360293620646833,11247,-132.1080396739421,5.887059356646324,17
1411,-96.30546037709128,-7.61496994274091,11257,-95.36861679384212,-10.95784818293233,28
1412,-12.925662173103696,-10.426757854909258,11258,-6.878718007946434,-1.0926682779646681,10
1413,-65.45477808798076,11.410142742745457,11285,-66.8889597803445,2.169628081691683,14
1414,218.60698157814028,3.7161134178570707,11292,227.03647807555316,-5.020718083634986,26
1415,-125.27939582068022,6.572166777662009,11294,-123.80894152337959,5.566802721935252,23
1416,-69.77908358645243,-0.3766710840691398,11299,-66.8889597803445,2.169628081691683,14
1417,-140.12357293510647,3.4265444927196995,11300,-142.14616351708418,5.245197398204194,22
1418,102.85110747794914,-3.575498359822878,11309,104.96211155305676,-0.5414592591613776,31
1419,-10.554189732148318,-1.2311705081403777,11322,-6.878718007946434,-1.0926682779646681,10
1420,-138.93476158686713,-1.7190136905933253,11341,-141.0346653257256,-1.1036168920026446,0
1421,1.9081065548651823,7.675915098795654,11346,-6.878718007946434,-1.0926682779646681,10
1422,-105.95642472658308,0.32757224140148716,11347,-104.7190727296112,3.8815952186994593,7
1423,-142.16062011705102,3.1800591698195526,11354,-142.14616351708418,5.245197398204194,22
1424,218.6049660592996,19.505118660955496,11355,227.03647807555316,-5.020718083634986,26
1425,-116.40891310894764,-7.7390169135568145,11383,-115.69510858146283,-11.595084171039186,39
1426,-43.89222411289202,3.06890068154811,11385,-49.93530245157272,-0.19848027172185767,2
1427,-128.8770778859972,-0.7694121979858262,11389,-129.1025175244067,1.5488809909733745,1
1428,-114.18658362281495,4.232556537457151,11391,-114.33047638704419,5.73481138949136,19
1429,-109.96453374596423,1.4760854796137237,11392,-109.71624596876933,-1.0040630408538558,16
1430,206.0991308448777,-4.214911436662288,11405,227.03647807555316,-5.020718083634986,26
1431,-42.33048781729771,-6.6741902683994105,11415,-49.93530245157272,-0.19848027172185767,2
1432,-47.81895533344612,0.8550573124586404,11419,-49.93530245157272,-0.19848027172185767,2
1433,151.2064391797899,6.727472739809777,11443,135.4076551174278,-1.697351881935795,33
1434,140.77012448240544,-1.1618180207822815,11445,135.4076551174278,-1.697351881935795,33
1435,254.43860075856387,-6.743764212425057,11454,227.03647807555316,-5.020718083634986,26
1436,-147.20872537431754,4.1351106650807194,11476,-146.59606179012786,4.113086925586259,4
1437,-151.1316102213311,2.8811472359419428,11489,-152.23629829764135,4.213482038439798,37
1438,-39.44952523126953,-4.011019192978824,11502,-29.714479793685786,-1.264748112657314,8
1439,115.08518913004505,8.280609505759458,11510,104.96211155305676,-0.5414592591613776,31
1440,-10.453156810062312,-2.9316927621101745,11512,-6.878718007946434,-1.0926682779646681,10
1441,-50.863781439800704,2.3099020427537265,11515,-49.93530245157272,-0.19848027172185767,2
1442,-88.94352584804349,1.3572754743605884,11527,-85.91178621041317,3.2728237667350073,24
1443,-5.620688414379369,-0.21858122222657744,11533,-6.878718007946434,-1.0926682779646681,10
1444,-116.04052259214244,3.555368476114361,11538,-114.33047638704419,5.73481138949136,19
1445,188.56025495799273,-25.24110849289847,11547,172.66355239880147,-2.7112682595768685,38
1446,-124.15233272736423,3.794163181300639,11570,-123.80894152337959,5.566802721935252,23
1447,517.1941315078851,20.34036616585644,11605,586.0312761189704,-1.722944617346204,30
1448,-103.09953046632512,4.017255559478604,11623,-104.7190727296112,3.8815952186994593,7
1449,80.22898213753332,-24.418641688005238,11632,70.166569844569,-14.692630117552799,9
1450,-133.28853870547775,6.127585962092663,11668,-132.1080396739421,5.887059356646324,17
1451,-103.12662961948526,4.121949247732678,11669,-104.7190727296112,3.8815952186994593,7
1452,-35.33495650169028,-5.942365663090128,11670,-29.714479793685786,-1.264748112657314,8
1453,-128.82557761193706,-2.920902720002044,11674,-130.75996572568545,-6.6137591708523855,18
1454,231.03101151104045,13.451164450144232,11675,227.03647807555316,-5.020718083634986,26
1455,-94.49302959264625,-5.026551276512064,11677,-95.36861679384212,-10.95784818293233,28
1456,300.362971198658,-18.518574165881255,11680,302.44973475302317,-5.405747081354008,25
1457,-59.92568710809268,2.9896539085604856,11687,-66.8889597803445,2.169628081691683,14
1458,-110.88632700751229,0.24548022058239372,11689,-109.71624596876933,-1.0040630408538558,16
1459,200.9141802742258,13.456036432504256,11694,227.03647807555316,-5.020718083634986,26
1460,-129.53689584751467,-4.645375343809295,11707,-130.75996572568545,-6.6137591708523855,18
1461,94.6291145794417,14.840465298643455,11710,104.96211155305676,-0.5414592591613776,31
1462,-67.99149830162274,3.7888127809920467,11717,-66.8889597803445,2.169628081691683,14
1463,-101.11768311302961,3.965542126308487,11721,-104.7190727296112,3.8815952186994593,7
1464,-95.21146368590428,6.615567843730422,11726,-96.6939343764425,2.7165835152131033,15
1465,-134.23446795962246,4.9084683243637315,11727,-132.1080396739421,5.887059356646324,17
1466,148.19636121923284,7.423174514004847,11756,135.4076551174278,-1.697351881935795,33
1467,-116.22563515721973,6.059040178945251,11757,-114.33047638704419,5.73481138949136,19
1468,-128.37526466551876,8.10609785692459,11762,-132.1080396739421,5.887059356646324,17
1469,-113.91267601702961,-0.7632136704331092,11775,-109.71624596876933,-1.0040630408538558,16
1470,-105.14940627956184,4.580245354138163,11784,-104.7190727296112,3.8815952186994593,7
1471,28.3176882283316,1.1964598149970187,11794,18.937510567705566,1.034768221250525,27
1472,-117.99043843088711,1.3841924379563704,11801,-118.09857507912784,0.7103841694799473,11
1473,39.17950156473904,-10.318564817202484,11813,47.997068783449585,1.2679199422360634,13
1474,-124.02112525661036,1.967689618932608,11814,-123.94204162798616,-1.5144507595891967,3
1475,85.82185387731214,-3.748404459227513,11828,78.01149217232324,3.6022338347977136,6
1476,-40.11686379717298,-8.751441098540663,11833,-29.714479793685786,-1.264748112657314,8
1477,-62.14545938988332,5.72184055827439,11854,-66.8889597803445,2.169628081691683,14
1478,-94.45748125346032,10.49864769683626,11864,-96.6939343764425,2.7165835152131033,15
1479,297.40339579486977,9.48028584164302,11872,302.44973475302317,-5.405747081354008,25
1480,75.29259049927914,4.082780508323355,11886,78.01149217232324,3.6022338347977136,6
1481,78.26882480424176,4.139559333261693,11891,78.01149217232324,3.6022338347977136,6
1482,-19.999174885915952,-9.959172441568226,11892,-29.714479793685786,-1.264748112657314,8
1483,257.85968495925675,-12.817929464162495,11894,227.03647807555316,-5.020718083634986,26
1484,-136.49192152453992,-6.262565603179336,11900,-130.75996572568545,-6.6137591708523855,18
1485,-68.17270082606329,5.188881544495248,11909,-66.8889597803445,2.169628081691683,14
1486,-30.769323102833614,-13.64260274061851,11924,-29.714479793685786,-1.264748112657314,8
1487,-97.35943970511056,-6.9728545323978315,11926,-95.36861679384212,-10.95784818293233,28
1488,-116.07270780614029,3.2167134490054035,11927,-114.33047638704419,5.73481138949136,19
1489,-91.82441335753192,-14.47801536363881,11929,-95.36861679384212,-10.95784818293233,28
1490,393.76471240034,-21.127523683308006,11950,417.6915390220547,-4.11857226961515,29
1491,-146.25448225171337,5.659449624604536,11958,-146.59606179012786,4.113086925586259,4
1492,426.1118361538274,-10.90126594006336,11964,417.6915390220547,-4.11857226961515,29
1493,84.74511358544387,-3.1108052751304913,11970,78.01149217232324,3.6022338347977136,6
1494,-22.635975430773712,-1.184564262859169,11977,-29.714479793685786,-1.264748112657314,8
1495,-124.33269640734339,7.244719369498131,11978,-123.80894152337959,5.566802721935252,23
1496,1067.3640485927094,36.13463501978539,11981,861.6475783799328,6.515082937232454,35
1497,-138.11762886919433,2.2823567205817312,11994,-137.57400940459857,4.493303950559668,20
1498,145.51380761742442,2.973605927852128,12007,135.4076551174278,-1.697351881935795,33
1499,-112.52083209130203,-6.232611474922258,12015,-109.71624596876933,-1.0040630408538558,16
1500,-119.04378284474963,0.9987436208825264,12018,-118.09857507912784,0.7103841694799473,11
1501,-86.74617838751112,-1.896942547239706,12023,-85.91178621041317,3.2728237667350073,24
1502,-137.11339841237498,3.2321462953833797,12033,-137.57400940459857,4.493303950559668,20
1503,-138.16406094770025,3.309220760520496,12054,-137.57400940459857,4.493303950559668,20
1504,-124.3296035352695,7.145699956926504,12058,-123.80894152337959,5.566802721935252,23
1505,-143.18017625558397,3.5507740797196368,12061,-142.14616351708418,5.245197398204194,22
1506,-126.87307246148005,-1.8456138978387102,12069,-123.94204162798616,-1.5144507595891967,3
1507,-22.285484085015565,9.477907206885837,12071,-29.714479793685786,-1.264748112657314,8
1508,-118.77338042038625,-2.8707697322054626,12079,-118.09857507912784,0.7103841694799473,11
1509,-80.94501999363474,2.556584568281717,12088,-85.91178621041317,3.2728237667350073,24
1510,-28.00140910479295,5.7049287926122405,12096,-29.714479793685786,-1.264748112657314,8
1511,159.7252859700396,0.6419936636381923,12097,172.66355239880147,-2.7112682595768685,38
1512,7.768496691768373,9.301354014242655,12112,18.937510567705566,1.034768221250525,27
1513,-66.33903677710562,9.375186395346724,12113,-66.8889597803445,2.169628081691683,14
1514,70.59017711491668,-44.145273586451005,12128,70.166569844569,-14.692630117552799,9
1515,-15.536157245465278,-16.43842685136711,12135,-6.878718007946434,-1.0926682779646681,10
1516,-37.98638456911409,3.676587085108996,12136,-29.714479793685786,-1.264748112657314,8
1517,45.87870263307679,-6.17515097038243,12137,47.997068783449585,1.2679199422360634,13
1518,-53.32781311748538,8.825811912162921,12140,-49.93530245157272,-0.19848027172185767,2
1519,-130.69163326785147,-2.814337383507029,12145,-130.75996572568545,-6.6137591708523855,18
1520,-91.20626173371816,6.056877364764985,12149,-85.91178621041317,3.2728237667350073,24
1521,-133.3676890254449,7.8583112105557165,12152,-132.1080396739421,5.887059356646324,17
1522,33.33700433752109,2.4097020942675322,12158,18.937510567705566,1.034768221250525,27
1523,-133.07573207299052,1.9683239442491138,12176,-134.89656831690453,-0.030690791204986433,34
1524,-34.92212312879813,3.331007963903698,12179,-29.714479793685786,-1.264748112657314,8
1525,-145.9145520204986,-2.29930004473914,12189,-148.09620948762597,-1.1157003398540595,36
1526,-114.80340508278258,-16.38640727683639,12192,-115.69510858146283,-11.595084171039186,39
1527,-127.71759545582862,-3.731917140352246,12219,-130.75996572568545,-6.6137591708523855,18
1528,-135.52879854338946,-6.982486941129783,12220,-130.75996572568545,-6.6137591708523855,18
1529,58.39856059365886,1.984533753138163,12221,47.997068783449585,1.2679199422360634,13
1530,485.0641532415006,-7.84194400668562,12249,417.6915390220547,-4.11857226961515,29
1531,-131.30280452063369,6.966976887611788,12250,-132.1080396739421,5.887059356646324,17
1532,86.98384827302064,8.988717518503796,12251,78.01149217232324,3.6022338347977136,6
1533,-36.93123473070268,2.9930158296796296,12252,-29.714479793685786,-1.264748112657314,8
1534,-139.159487021726,3.1822215512264878,12265,-137.57400940459857,4.493303950559668,20
1535,-152.12493430964338,2.729634852163589,12272,-152.23629829764135,4.213482038439798,37
1536,-90.01754253149016,2.4608036990270294,12275,-85.91178621041317,3.2728237667350073,24
1537,-138.35346769542377,7.462363088931054,12281,-137.57400940459857,4.493303950559668,20
1538,-10.64630972130239,-0.24172235793367053,12285,-6.878718007946434,-1.0926682779646681,10
1539,1190.1933356518298,57.69105146897622,12300,1342.5649032771717,32.04824045393157,32
1540,-102.22380469469807,6.260399759139679,12322,-104.7190727296112,3.8815952186994593,7
1541,105.96886089140581,-19.825320797841467,12329,110.19899446847099,-35.665903512662624,21
1542,-76.92710724594848,1.2009855622849124,12348,-77.6204452281073,-4.536559244831727,5
1543,848.3003065681902,15.510714082026755,12359,861.6475783799328,6.515082937232454,35
1544,-1.2265951063255018,10.053625129645695,12363,-6.878718007946434,-1.0926682779646681,10
1545,89.12220813121394,-7.715235886402771,12368,78.01149217232324,3.6022338347977136,6
1546,-57.02672587152874,-10.50489689539581,12381,-49.93530245157272,-0.19848027172185767,2
1547,119.04437311322941,7.682393796336889,12385,104.96211155305676,-0.5414592591613776,31
1548,-114.1745818003613,3.95206458490486,12388,-114.33047638704419,5.73481138949136,19
1549,-96.91408929017108,1.0755275806172058,12391,-96.6939343764425,2.7165835152131033,15
1550,45.05695417232037,-51.712408044723155,12406,28.39696760572947,-22.91072472808294,12
1551,87.27402867596561,-10.05156680932506,12414,78.01149217232324,3.6022338347977136,6
1552,-134.05936347197294,2.6250287231001734,12418,-134.89656831690453,-0.030690791204986433,34
1553,-119.33240249653231,7.848961159301534,12427,-123.80894152337959,5.566802721935252,23
1554,-129.9236830728669,1.2543416153708546,12434,-129.1025175244067,1.5488809909733745,1
1555,543.8625708703426,-2.937299569514273,12435,586.0312761189704,-1.722944617346204,30
1556,261.08349543976306,-1.3944938468292138,12442,227.03647807555316,-5.020718083634986,26
1557,-71.86984607639985,0.5523574177776645,12459,-66.8889597803445,2.169628081691683,14
1558,-66.3049892350531,9.133259814167035,12467,-66.8889597803445,2.169628081691683,14
1559,234.56154078439263,-66.61397813445613,12473,227.03647807555316,-5.020718083634986,26
1560,27.951804260604874,7.155175073325444,12477,18.937510567705566,1.034768221250525,27
1561,2.106598565382946,3.843309462876099,12479,-6.878718007946434,-1.0926682779646681,10
1562,-132.94888076670222,-1.3093559676537372,12482,-134.89656831690453,-0.030690791204986433,34
1563,192.44915484533712,-9.03364082456109,12483,172.66355239880147,-2.7112682595768685,38
1564,-147.04522682831015,1.0684983642488532,12494,-148.09620948762597,-1.1157003398540595,36
1565,-109.21249344649513,5.387175734731538,12495,-104.7190727296112,3.8815952186994593,7
1566,-115.31777180629703,7.578549358399715,12517,-114.33047638704419,5.73481138949136,19
1567,-99.66326493069022,-3.417123899484153,12518,-96.6939343764425,2.7165835152131033,15
1568,-118.98285585888995,0.16734482292785108,12524,-118.09857507912784,0.7103841694799473,11
1569,558.8585874044722,26.332232094362837,12528,586.0312761189704,-1.722944617346204,30
1570,167.4386073287518,-9.741048957537988,12538,172.66355239880147,-2.7112682595768685,38
1571,-52.48655147100848,12.343189595801395,12540,-49.93530245157272,-0.19848027172185767,2
1572,-143.87239086950953,-2.1709545267385573,12551,-141.0346653257256,-1.1036168920026446,0
1573,30.449601872980818,0.3994805192546952,12552,18.937510567705566,1.034768221250525,27
1574,-144.293434320458,6.052758745807198,12571,-142.14616351708418,5.245197398204194,22
1575,-120.08566440821451,3.9267104768610848,12578,-118.09857507912784,0.7103841694799473,11
1576,-141.3423885645968,7.173084442105738,12579,-142.14616351708418,5.245197398204194,22
1577,811.225975996534,-27.64456868566381,12587,861.6475783799328,6.515082937232454,35
1578,-115.70378710561685,-3.3258173812833993,12605,-118.09857507912784,0.7103841694799473,11
1579,-95.2399579191593,7.237286299666534,12607,-96.6939343764425,2.7165835152131033,15
1580,-54.307059298092994,8.881884696836005,12612,-49.93530245157272,-0.19848027172185767,2
1581,-61.69894565135431,-1.5021192012086504,12617,-66.8889597803445,2.169628081691683,14
1582,-41.060871452877684,6.269826124478553,12621,-49.93530245157272,-0.19848027172185767,2
1583,58.032621458979655,-7.299068174906324,12628,47.997068783449585,1.2679199422360634,13
1584,-104.2499364639163,6.263532027288741,12631,-104.7190727296112,3.8815952186994593,7
1585,497.26509534813476,-10.501616965334149,12637,417.6915390220547,-4.11857226961515,29
1586,127.58183030135596,1.7023126697359219,12639,135.4076551174278,-1.697351881935795,33
1587,-137.9000551989563,-0.42417525340811524,12646,-134.89656831690453,-0.030690791204986433,34
1588,-40.61666252607288,-0.8846372195535105,12650,-49.93530245157272,-0.19848027172185767,2
1589,-89.10488210638033,4.38927254393498,12655,-85.91178621041317,3.2728237667350073,24
1590,739.8991289397745,32.08735566414806,12666,861.6475783799328,6.515082937232454,35
1591,132.20166140378583,-7.710293179330469,12669,135.4076551174278,-1.697351881935795,33
1592,57.31670795285122,-11.995655984616906,12674,70.166569844569,-14.692630117552799,9
1593,-78.49298332138834,11.521151996927518,12680,-85.91178621041317,3.2728237667350073,24
1594,-142.20142258292486,4.5699328771602366,12681,-142.14616351708418,5.245197398204194,22
1595,-73.20023511626941,7.251257346034733,12692,-66.8889597803445,2.169628081691683,14
1596,88.33948263057074,3.775189343884291,12699,78.01149217232324,3.6022338347977136,6
1597,-60.80079171759323,0.7610679891624557,12707,-66.8889597803445,2.169628081691683,14
1598,4.525484249737628,-2.217729274769594,12720,-6.878718007946434,-1.0926682779646681,10
1599,-128.76770991623704,-1.626942142269233,12721,-129.1025175244067,1.5488809909733745,1
1600,13.692705085494167,-3.677564903279566,12734,18.937510567705566,1.034768221250525,27
1601,-107.16676101338423,4.430306613764726,12745,-104.7190727296112,3.8815952186994593,7
1602,-133.34573898452297,7.3962927957075655,12762,-132.1080396739421,5.887059356646324,17
1603,-151.19684896634016,4.340138492796151,12766,-152.23629829764135,4.213482038439798,37
1604,-93.90966542717092,1.0418951629582054,12775,-96.6939343764425,2.7165835152131033,15
1605,-100.980108983604,2.4758722587471813,12780,-104.7190727296112,3.8815952186994593,7
1606,-115.51157506786693,-5.472692893850028,12783,-115.69510858146283,-11.595084171039186,39
1607,56.57231878862302,-0.8216203072682359,12803,47.997068783449585,1.2679199422360634,13
1608,-84.86798059993954,-0.7325603454661214,12817,-85.91178621041317,3.2728237667350073,24
1609,-139.00054665903738,0.23867145839824494,12820,-141.0346653257256,-1.1036168920026446,0
1610,-71.24986919791348,7.8558664494484445,12822,-66.8889597803445,2.169628081691683,14
1611,313.65334951340463,-22.606521441760844,12824,302.44973475302317,-5.405747081354008,25
1612,242.0316692813922,-15.826167605410747,12830,227.03647807555316,-5.020718083634986,26
1613,-123.30199598391866,6.5884302365869365,12850,-123.80894152337959,5.566802721935252,23
1614,-18.76732482363773,-13.998715504702252,12867,-29.714479793685786,-1.264748112657314,8
1615,-109.94432470970945,1.5418243095697397,12878,-109.71624596876933,-1.0040630408538558,16
1616,-111.2827040404952,6.890822471648708,12894,-114.33047638704419,5.73481138949136,19
1617,3.120015498183549,3.577998689479676,12895,-6.878718007946434,-1.0926682779646681,10
1618,-86.280396888658,7.77848729632038,12927,-85.91178621041317,3.2728237667350073,24
1619,-14.9487542507746,4.781359181155797,12929,-6.878718007946434,-1.0926682779646681,10
1620,-151.147667297817,3.245412000942435,12932,-152.23629829764135,4.213482038439798,37
1621,-126.81471652043986,-1.075779295385767,12937,-123.94204162798616,-1.5144507595891967,3
1622,823.1953299248038,-26.78007116588884,12942,861.6475783799328,6.515082937232454,35
1623,-147.89582152587923,-2.7343969442343745,12945,-148.09620948762597,-1.1157003398540595,36
1624,-136.192757423402,4.98059686632495,12952,-137.57400940459857,4.493303950559668,20
1625,-14.211415512317437,7.472391014859384,12956,-6.878718007946434,-1.0926682779646681,10
1626,-14.78456641438644,2.192441589080753,12968,-6.878718007946434,-1.0926682779646681,10
1627,39.123254651684064,4.101922536241876,12981,47.997068783449585,1.2679199422360634,13
1628,-87.87651766225673,0.927506708915733,12991,-85.91178621041317,3.2728237667350073,24
1629,-94.08614529942284,3.3692189763458606,12996,-96.6939343764425,2.7165835152131033,15
1630,-127.19543919958213,4.702771207232407,12997,-123.80894152337959,5.566802721935252,23
1631,-144.22653607409663,5.088867850287006,13001,-142.14616351708418,5.245197398204194,22
1632,-144.6876668794801,-5.183509304699942,13002,-148.09620948762597,-1.1157003398540595,36
1633,171.96118021112594,12.45181650333416,13009,172.66355239880147,-2.7112682595768685,38
1634,-112.9745754613156,2.168613784307416,13011,-114.33047638704419,5.73481138949136,19
1635,-128.91519376641935,0.054329643809982016,13013,-129.1025175244067,1.5488809909733745,1
1636,-37.105465279726026,5.773072985622754,13017,-29.714479793685786,-1.264748112657314,8
1637,390.4024930883863,13.128247098986813,13024,417.6915390220547,-4.11857226961515,29
1638,-56.12133318998765,6.31370235244478,13026,-49.93530245157272,-0.19848027172185767,2
1639,-45.09778922530543,5.986758807035022,13043,-49.93530245157272,-0.19848027172185767,2
1640,-79.58448115364067,-3.7881839424640797,13044,-77.6204452281073,-4.536559244831727,5
1641,-5.715372424279004,1.3519002819318386,13070,-6.878718007946434,-1.0926682779646681,10
1642,-150.1880750255218,3.63373221256713,13091,-152.23629829764135,4.213482038439798,37
1643,-103.23956704208662,-9.692148505073321,13094,-95.36861679384212,-10.95784818293233,28
1644,36.249393120339434,2.819276796997038,13106,47.997068783449585,1.2679199422360634,13
1645,-138.04570598034616,1.738318454599834,13115,-137.57400940459857,4.493303950559668,20
1646,78.37731748906639,2.2730203473433352,13119,78.01149217232324,3.6022338347977136,6
1647,-146.0141250161699,0.40083524651766517,13132,-148.09620948762597,-1.1157003398540595,36
1648,-129.21551391054223,5.6175574095317256,13145,-132.1080396739421,5.887059356646324,17
1649,-123.8259986626026,-1.2739662322023366,13158,-123.94204162798616,-1.5144507595891967,3
1650,41.29385226959265,2.956138481629457,13159,47.997068783449585,1.2679199422360634,13
1651,-134.98057984871303,0.37549944640428423,13166,-134.89656831690453,-0.030690791204986433,34
1652,23.35942076870679,0.71023943811264,13173,18.937510567705566,1.034768221250525,27
1653,-82.97496575258789,2.131341458096161,13182,-85.91178621041317,3.2728237667350073,24
1654,34.6628419202543,-3.1734832055530937,13185,47.997068783449585,1.2679199422360634,13
1655,-138.87975075409918,-1.9109163288115238,13198,-141.0346653257256,-1.1036168920026446,0
1656,132.14728848460535,-7.0362082733919316,13204,135.4076551174278,-1.697351881935795,33
1657,690.788381582221,32.15177341740404,13218,586.0312761189704,-1.722944617346204,30
1658,-82.68174532939456,-2.216653297311404,13231,-77.6204452281073,-4.536559244831727,5
1659,-146.81962377714152,-2.3404401773185186,13245,-148.09620948762597,-1.1157003398540595,36
1660,-9.581696420117137,-15.347962526288516,13253,-6.878718007946434,-1.0926682779646681,10
1661,-124.16094616940734,4.4869418689871905,13277,-123.80894152337959,5.566802721935252,23
1662,-67.87889011092278,-13.408949735602329,13304,-77.6204452281073,-4.536559244831727,5
1663,480.982224694915,-35.57484727172417,13334,417.6915390220547,-4.11857226961515,29
1664,-136.0561216556721,1.4888293176824763,13336,-134.89656831690453,-0.030690791204986433,34
1665,-145.31505600753178,6.474348333438001,13359,-146.59606179012786,4.113086925586259,4
1666,-149.32869223610757,6.730929328678157,13360,-146.59606179012786,4.113086925586259,4
1667,-143.8980140926677,-2.098767695514925,13363,-141.0346653257256,-1.1036168920026446,0
1668,-31.117504510539224,-8.580874018149773,13365,-29.714479793685786,-1.264748112657314,8
1669,-120.09980075827391,3.74500178528297,13369,-118.09857507912784,0.7103841694799473,11
1670,-94.75867421634155,-1.7494910999501132,13380,-96.6939343764425,2.7165835152131033,15
1671,-67.59795229768073,-2.255323628669282,13384,-66.8889597803445,2.169628081691683,14
1672,-139.00553992170714,0.32254961829487866,13420,-141.0346653257256,-1.1036168920026446,0
1673,140.8333867977297,-2.0501858488842637,13427,135.4076551174278,-1.697351881935795,33
1674,19.202501909294277,-25.886512863148365,13430,28.39696760572947,-22.91072472808294,12
1675,45.01850513565195,6.491829263262925,13440,47.997068783449585,1.2679199422360634,13
1676,-42.15149319989578,-8.023238709274281,13449,-49.93530245157272,-0.19848027172185767,2
1677,-94.20818389873119,6.548517898931339,13464,-96.6939343764425,2.7165835152131033,15
1678,-117.13718437771567,3.5768270794796218,13465,-118.09857507912784,0.7103841694799473,11
1679,109.72077606608514,14.617006072253263,13469,104.96211155305676,-0.5414592591613776,31
1680,382.23012596369875,14.714224343424224,13491,417.6915390220547,-4.11857226961515,29
1681,-60.012013782362224,3.3464471628806662,13495,-66.8889597803445,2.169628081691683,14
1682,-107.70433747896368,-2.1553346641926403,13513,-109.71624596876933,-1.0040630408538558,16
1683,57.67977905948528,-17.369355586521372,13533,70.166569844569,-14.692630117552799,9
1684,538.2227488877718,5.856338520103364,13537,586.0312761189704,-1.722944617346204,30
1685,180.12239238554045,-4.643644428117032,13558,172.66355239880147,-2.7112682595768685,38
1686,-109.05363170030462,2.412241403024297,13561,-109.71624596876933,-1.0040630408538558,16
1687,-109.65236873203058,-17.531537246096484,13563,-115.69510858146283,-11.595084171039186,39
1688,-48.956227489083076,3.8521031397191208,13564,-49.93530245157272,-0.19848027172185767,2
1689,-76.12888459732949,5.1197667441027,13567,-66.8889597803445,2.169628081691683,14
1690,-22.51858006034144,-3.248651835853804,13575,-29.714479793685786,-1.264748112657314,8
1691,-68.00285753223744,3.0114761933504552,13586,-66.8889597803445,2.169628081691683,14
1692,-97.13364907064626,4.365803981661639,13587,-96.6939343764425,2.7165835152131033,15
1693,-84.2833785035604,-8.393418793273721,13591,-77.6204452281073,-4.536559244831727,5
1694,-138.00962174848155,1.982145112637917,13592,-137.57400940459857,4.493303950559668,20
1695,101.19308344384692,5.658935812658119,13617,104.96211155305676,-0.5414592591613776,31
1696,-116.23101486758173,6.191724064105458,13624,-114.33047638704419,5.73481138949136,19
1697,542.8540798453603,-17.50511875818553,13628,586.0312761189704,-1.722944617346204,30
1698,127.58064090648378,-13.519775616262212,13634,135.4076551174278,-1.697351881935795,33
1699,-145.929909874159,-1.4648023572476863,13637,-148.09620948762597,-1.1157003398540595,36
1700,139.69144995989748,15.26334409646216,13648,135.4076551174278,-1.697351881935795,33
1701,-64.1674752019631,5.666655744732871,13659,-66.8889597803445,2.169628081691683,14
1702,-61.117431908597716,5.641256076215078,13663,-66.8889597803445,2.169628081691683,14
1703,1159.6664059493162,49.37352390976285,13670,1342.5649032771717,32.04824045393157,32
1704,-120.00921774259763,0.7451151605098888,13673,-118.09857507912784,0.7103841694799473,11
1705,72.97590732681837,8.930158564979706,13684,78.01149217232324,3.6022338347977136,6
1706,-43.14745325667097,6.591155686655548,13692,-49.93530245157272,-0.19848027172185767,2
1707,-6.190480991580529,-7.086149016376767,13697,-6.878718007946434,-1.0926682779646681,10
1708,31.12846384833789,4.367697906369662,13716,18.937510567705566,1.034768221250525,27
1709,-132.75249500164122,-2.041316954538195,13746,-134.89656831690453,-0.030690791204986433,34
1710,-110.09435998130667,3.2892843714175295,13750,-109.71624596876933,-1.0040630408538558,16
1711,-24.496978124398375,-3.229551229450778,13752,-29.714479793685786,-1.264748112657314,8
1712,-82.00585804839218,3.873658719714019,13762,-85.91178621041317,3.2728237667350073,24
1713,4.7204448161638135,-4.948817892287166,13768,-6.878718007946434,-1.0926682779646681,10
1714,78.93417029663352,-20.01952155473491,13776,70.166569844569,-14.692630117552799,9
1715,-96.1477425808009,5.208464251232262,13780,-96.6939343764425,2.7165835152131033,15
1716,-29.944769128888293,4.439229945926452,13798,-29.714479793685786,-1.264748112657314,8
1717,-94.69316609523607,-3.185781759845485,13802,-96.6939343764425,2.7165835152131033,15
1718,-141.33245751238826,6.947936762010924,13818,-142.14616351708418,5.245197398204194,22
1719,-110.67152932224494,-3.433086498891581,13832,-109.71624596876933,-1.0040630408538558,16
1720,-91.53788886126104,-4.485251458015778,13844,-95.36861679384212,-10.95784818293233,28
1721,-123.16341858310756,4.575900118308525,13860,-123.80894152337959,5.566802721935252,23
1722,292.8974103235382,-12.028254920368369,13862,302.44973475302317,-5.405747081354008,25
1723,-131.01602099560577,2.2366758310002846,13865,-129.1025175244067,1.5488809909733745,1
1724,-96.081373102296,-11.495416285644854,13886,-95.36861679384212,-10.95784818293233,28
1725,-151.32258520146982,6.572704805373178,13896,-152.23629829764135,4.213482038439798,37
1726,28.287917914287373,2.362536187974804,13906,18.937510567705566,1.034768221250525,27
1727,-125.28608174268335,6.710336337655778,13952,-123.80894152337959,5.566802721935252,23
1728,-143.8767919597414,-2.0539596363639157,13966,-141.0346653257256,-1.1036168920026446,0
1729,-111.9118597330386,-0.7390894704926564,13973,-109.71624596876933,-1.0040630408538558,16
1730,220.93091121075142,14.443774875427994,13982,227.03647807555316,-5.020718083634986,26
1731,432.4408067551337,-0.7077457647642044,13997,417.6915390220547,-4.11857226961515,29
1732,-95.55515984597281,-19.434103504647815,13998,-95.36861679384212,-10.95784818293233,28
1733,-126.96229006770734,-0.40576491206732623,14004,-129.1025175244067,1.5488809909733745,1
1734,134.90716539885577,11.471351004442495,14011,135.4076551174278,-1.697351881935795,33
1735,-111.35545505604098,-8.827662721885819,14017,-115.69510858146283,-11.595084171039186,39
1736,-62.498270752260936,-4.36957115715761,14026,-66.8889597803445,2.169628081691683,14
1737,-122.10700754786647,3.3730453776702625,14043,-123.80894152337959,5.566802721935252,23
1738,-120.20617455608617,5.0507618991230965,14073,-123.80894152337959,5.566802721935252,23
1739,-131.20391075818583,4.32006211811202,14076,-132.1080396739421,5.887059356646324,17
1740,34.85658538237129,-5.88061455575673,14082,47.997068783449585,1.2679199422360634,13
1741,-31.09379924457993,6.634974467377411,14088,-29.714479793685786,-1.264748112657314,8
1742,150.61703718631554,17.083273839881585,14095,135.4076551174278,-1.697351881935795,33
1743,-155.31234370055844,6.2602405086260156,14099,-152.23629829764135,4.213482038439798,37
1744,118.9878466456191,-4.772138250018195,14106,104.96211155305676,-0.5414592591613776,31
1745,-81.75694588658297,-0.5460933149697613,14118,-85.91178621041317,3.2728237667350073,24
1746,8.455848142501715,-1.1298207115554957,14128,18.937510567705566,1.034768221250525,27
1747,-89.28854013169334,7.882492804320605,14143,-85.91178621041317,3.2728237667350073,24
1748,-15.257248221303579,-5.267014869182055,14144,-6.878718007946434,-1.0926682779646681,10
1749,87.14207120158048,7.063683415511978,14160,78.01149217232324,3.6022338347977136,6
1750,-91.99479582174587,1.3924451664029684,14162,-96.6939343764425,2.7165835152131033,15
1751,-123.29269188598987,6.369228168811379,14204,-123.80894152337959,5.566802721935252,23
1752,-89.39793562258592,-35.44498297708325,14221,-95.36861679384212,-10.95784818293233,28
1753,-83.55272860539638,-4.035513787257866,14225,-77.6204452281073,-4.536559244831727,5
1754,-111.40247343517458,8.995450678592874,14239,-114.33047638704419,5.73481138949136,19
1755,-94.54991880536045,-4.799015734355462,14259,-95.36861679384212,-10.95784818293233,28
1756,481.2642248336662,3.4653758940712733,14264,417.6915390220547,-4.11857226961515,29
1757,48.47744020679966,-0.41782262668539605,14274,47.997068783449585,1.2679199422360634,13
1758,-117.14315304462227,4.745862118897483,14281,-114.33047638704419,5.73481138949136,19
1759,-102.03480028632072,1.0832068071355863,14286,-104.7190727296112,3.8815952186994593,7
1760,89.55224086849414,0.6786599793170968,14289,78.01149217232324,3.6022338347977136,6
1761,372.32253768752685,13.55442343453196,14303,417.6915390220547,-4.11857226961515,29
1762,-70.33632473198263,9.25990383683787,14320,-66.8889597803445,2.169628081691683,14
1763,642.1746842777479,10.207327057645632,14321,586.0312761189704,-1.722944617346204,30
1764,259.9068316112605,-28.032750128573532,14327,227.03647807555316,-5.020718083634986,26
1765,-91.29902993651487,7.066731902593422,14336,-85.91178621041317,3.2728237667350073,24
1766,-100.83884297812283,-1.1288571763636808,14339,-96.6939343764425,2.7165835152131033,15
1767,-145.1300491098231,3.9978743315204515,14342,-146.59606179012786,4.113086925586259,4
1768,-27.04095096807845,4.531660655395694,14346,-29.714479793685786,-1.264748112657314,8
1769,-98.24741821614312,7.33931287893457,14361,-96.6939343764425,2.7165835152131033,15
1770,-122.10455877247291,4.349405446600332,14362,-123.80894152337959,5.566802721935252,23
1771,-18.42479945583461,-17.898154960662076,14364,-29.714479793685786,-1.264748112657314,8
1772,-7.594084270219128,-0.31197850845305053,14377,-6.878718007946434,-1.0926682779646681,10
1773,165.111104905728,-48.32038328203521,14399,172.66355239880147,-2.7112682595768685,38
1774,403.1544749263874,1.9906056424411935,14416,417.6915390220547,-4.11857226961515,29
1775,-122.87226636639652,-0.26876725428799225,14421,-123.94204162798616,-1.5144507595891967,3
1776,269.1453701152785,-45.25812046675869,14428,302.44973475302317,-5.405747081354008,25
1777,-1.94592039366851,4.935886435335659,14430,-6.878718007946434,-1.0926682779646681,10
1778,889.8192475760259,9.472155697025503,14438,861.6475783799328,6.515082937232454,35
1779,-89.10950980980218,-10.250009454047634,14447,-95.36861679384212,-10.95784818293233,28
1780,188.6517266841244,2.207102252023927,14455,172.66355239880147,-2.7112682595768685,38
1781,-140.87068301658238,-2.137182742964708,14457,-141.0346653257256,-1.1036168920026446,0
1782,146.6805939071236,-13.837521605959337,14459,135.4076551174278,-1.697351881935795,33
1783,-109.92477222955651,-0.43904690714712674,14461,-109.71624596876933,-1.0040630408538558,16
1784,151.46353588522064,4.178081522622888,14499,135.4076551174278,-1.697351881935795,33
1785,-2.0288745543507116,5.2013594188009735,14514,-6.878718007946434,-1.0926682779646681,10
1786,67.93982398483278,-6.121098723557421,14522,70.166569844569,-14.692630117552799,9
1787,384.47328183679326,10.951249024607234,14528,417.6915390220547,-4.11857226961515,29
1788,58.218927107861916,4.364777093134073,14532,47.997068783449585,1.2679199422360634,13
1789,19.972060350769677,5.5452027861637845,14533,18.937510567705566,1.034768221250525,27
1790,-142.7265719468386,-2.7674814541473856,14534,-141.0346653257256,-1.1036168920026446,0
1791,107.98887659392729,-5.482546118542469,14549,104.96211155305676,-0.5414592591613776,31
1792,431.22901328086607,-26.56909150404244,14552,417.6915390220547,-4.11857226961515,29
1793,-93.05106578798717,4.670848534906808,14563,-96.6939343764425,2.7165835152131033,15
1794,18.67720137645662,-3.760843845259841,14580,18.937510567705566,1.034768221250525,27
1795,-120.73790491243919,-1.113968215642908,14591,-118.09857507912784,0.7103841694799473,11
1796,-114.17360767010314,4.9498469539341725,14592,-114.33047638704419,5.73481138949136,19
1797,-99.13150929922251,4.796749524596748,14596,-96.6939343764425,2.7165835152131033,15
1798,-135.97089135936054,-0.36093293729386794,14599,-134.89656831690453,-0.030690791204986433,34
1799,-119.60831776749852,-4.960100478319431,14610,-123.94204162798616,-1.5144507595891967,3
1800,-25.169402375601774,5.831826753319846,14614,-29.714479793685786,-1.264748112657314,8
1801,-140.25705618625537,5.293282609955537,14619,-142.14616351708418,5.245197398204194,22
1802,-147.86973039119437,-2.7864660682438447,14627,-148.09620948762597,-1.1157003398540595,36
1803,-25.96435785301577,4.929139585492606,14634,-29.714479793685786,-1.264748112657314,8
1804,321.34816157755245,-32.05061728234758,14665,302.44973475302317,-5.405747081354008,25
1805,-60.10965835913411,4.464412894599068,14666,-66.8889597803445,2.169628081691683,14
1806,-79.12166262537484,5.4337908348907416,14682,-85.91178621041317,3.2728237667350073,24
1807,-73.3368072466626,8.68041240964587,14690,-66.8889597803445,2.169628081691683,14
1808,207.59800010659313,3.726772439791576,14699,227.03647807555316,-5.020718083634986,26
1809,-147.0307699495832,1.2619566735751098,14704,-148.09620948762597,-1.1157003398540595,36
1810,-132.03977878579866,2.7374178079507203,14706,-132.1080396739421,5.887059356646324,17
1811,-92.15601114289527,5.9723464771039785,14711,-96.6939343764425,2.7165835152131033,15
1812,-88.68819615464616,-1.665064249112723,14714,-85.91178621041317,3.2728237667350073,24
1813,-119.99081196621125,0.8331367273183702,14717,-118.09857507912784,0.7103841694799473,11
1814,-18.998402760888485,-9.44358010887523,14718,-29.714479793685786,-1.264748112657314,8
1815,-110.13583426473996,3.6931329322400517,14721,-114.33047638704419,5.73481138949136,19
1816,-103.18889666477665,4.96652688828046,14732,-104.7190727296112,3.8815952186994593,7
1817,952.8087994485389,11.77026206609793,14737,861.6475783799328,6.515082937232454,35
1818,181.9457273825975,-16.491456222668692,14742,172.66355239880147,-2.7112682595768685,38
1819,-135.58784007652739,-5.18138548213771,14750,-130.75996572568545,-6.6137591708523855,18
1820,23.44611957017337,-14.368148190638305,14755,28.39696760572947,-22.91072472808294,12
1821,126.43577094292534,3.8647870684370043,14770,135.4076551174278,-1.697351881935795,33
1822,69.36756688604392,2.86803906715278,14777,78.01149217232324,3.6022338347977136,6
1823,94.65252873730785,-1.4180062970820082,14791,104.96211155305676,-0.5414592591613776,31
1824,-106.75282665987667,-1.5867201097928338,14793,-109.71624596876933,-1.0040630408538558,16
1825,-146.850931465188,-1.6457589974005915,14794,-148.09620948762597,-1.1157003398540595,36
1826,-120.15234904048728,-10.348448611150431,14806,-115.69510858146283,-11.595084171039186,39
1827,681.0341957860657,-0.8020783457721936,14813,586.0312761189704,-1.722944617346204,30
1828,220.77320696448274,1.6487717178339463,14814,227.03647807555316,-5.020718083634986,26
1829,-56.22597843403655,-7.656315495657322,14816,-49.93530245157272,-0.19848027172185767,2
1830,-100.81406318991587,0.3694904508100344,14830,-96.6939343764425,2.7165835152131033,15
1831,-51.18573182741712,6.286356531643012,14843,-49.93530245157272,-0.19848027172185767,2
1832,-117.22400176695498,5.48893816606106,14849,-114.33047638704419,5.73481138949136,19
1833,81.21885913564803,5.792704252980326,14862,78.01149217232324,3.6022338347977136,6
1834,-28.85430377579749,2.468653481095486,14865,-29.714479793685786,-1.264748112657314,8
1835,251.95272969329167,15.002247761451008,14872,227.03647807555316,-5.020718083634986,26
1836,1202.4177363848275,40.29921913629702,14873,1342.5649032771717,32.04824045393157,32
1837,-37.68630166761973,0.17872532184229015,14878,-29.714479793685786,-1.264748112657314,8
1838,102.1727100681948,7.165832790431391,14885,104.96211155305676,-0.5414592591613776,31
1839,-109.55853325779461,-3.835951515004629,14888,-109.71624596876933,-1.0040630408538558,16
1840,-137.91967928308364,0.015712593010983853,14895,-134.89656831690453,-0.030690791204986433,34
1841,-55.39452373492302,-4.985898366558011,14896,-49.93530245157272,-0.19848027172185767,2
1842,65.33440412774812,-40.68298205118372,14910,70.166569844569,-14.692630117552799,9
1843,-17.49103570567948,-31.674585136132652,14916,-6.878718007946434,-1.0926682779646681,10
1844,25.29847118486431,1.0572022566317092,14919,18.937510567705566,1.034768221250525,27
1845,134.1883804485913,-22.104648876774036,14922,135.4076551174278,-1.697351881935795,33
1846,-111.41821707505945,9.325799286512241,14925,-114.33047638704419,5.73481138949136,19
1847,-89.26673980099592,6.378684381954758,14939,-85.91178621041317,3.2728237667350073,24
1848,-116.22049423562667,5.427428011436555,14940,-114.33047638704419,5.73481138949136,19
1849,-76.51006241397593,-4.34822349689681,14946,-77.6204452281073,-4.536559244831727,5
1850,60.7226505579825,-3.022301340338309,14950,47.997068783449585,1.2679199422360634,13
1851,-134.21090881717473,5.43350422550113,14953,-132.1080396739421,5.887059356646324,17
1852,-105.53699346509535,-19.48175896454318,14956,-115.69510858146283,-11.595084171039186,39
1853,-71.85977626545966,0.8412553152356168,14961,-66.8889597803445,2.169628081691683,14
1854,-50.663891407083256,-1.0408247223984823,14977,-49.93530245157272,-0.19848027172185767,2
1855,175.99668607645913,-2.990481481705559,14980,172.66355239880147,-2.7112682595768685,38
1856,-118.06098269444193,2.9182234609039623,14985,-118.09857507912784,0.7103841694799473,11
1857,-101.89363161463868,1.5798114835721369,14994,-104.7190727296112,3.8815952186994593,7
1858,-123.25396956999587,6.552354141898093,14995,-123.80894152337959,5.566802721935252,23
1859,-64.99955903899661,4.028468111489737,15005,-66.8889597803445,2.169628081691683,14
1860,369.2744948487828,14.03186090012671,15012,417.6915390220547,-4.11857226961515,29
1861,-110.88832562606355,-14.446701092161153,15029,-115.69510858146283,-11.595084171039186,39
1862,28.157857326631138,-10.54178397259228,15036,28.39696760572947,-22.91072472808294,12
1863,-90.22802059118408,6.572914533264569,15044,-85.91178621041317,3.2728237667350073,24
1864,-94.90821344585238,0.9959578411981669,15047,-96.6939343764425,2.7165835152131033,15
1865,142.2712174465522,-22.761662532002937,15068,135.4076551174278,-1.697351881935795,33
1866,-53.43255332018867,-4.626567994801609,15077,-49.93530245157272,-0.19848027172185767,2
1867,-149.32674770254476,6.671470258904638,15111,-146.59606179012786,4.113086925586259,4
1868,48.79750030347352,10.384937211357363,15133,47.997068783449585,1.2679199422360634,13
1869,37.540253283045644,-0.9605387118113392,15137,47.997068783449585,1.2679199422360634,13
1870,-148.1986359717109,3.8996497982962497,15139,-146.59606179012786,4.113086925586259,4
1871,-81.32062885013569,8.733170539819364,15145,-85.91178621041317,3.2728237667350073,24
1872,15.449439019307434,-0.8806860556165392,15148,18.937510567705566,1.034768221250525,27
1873,-130.02000827864077,0.7964780764667637,15157,-129.1025175244067,1.5488809909733745,1
1874,197.8268892892908,-28.864568226491862,15160,172.66355239880147,-2.7112682595768685,38
1875,13.445704573755625,-43.99197046944611,15172,28.39696760572947,-22.91072472808294,12
1876,-128.05867000558857,1.674042205340767,15179,-129.1025175244067,1.5488809909733745,1
1877,-89.0896391767897,3.5173049634428466,15195,-85.91178621041317,3.2728237667350073,24
1878,-71.03958002821494,4.796546697129343,15197,-66.8889597803445,2.169628081691683,14
1879,77.74746705984711,-2.2514288870322496,15206,78.01149217232324,3.6022338347977136,6
1880,35.876358431626976,-5.784248010780513,15215,47.997068783449585,1.2679199422360634,13
1881,-42.656542589148984,-0.5667332074852545,15225,-49.93530245157272,-0.19848027172185767,2
1882,-18.98967412222337,5.0836687244402645,15233,-29.714479793685786,-1.264748112657314,8
1883,25.893567294180286,8.396559006481125,15243,18.937510567705566,1.034768221250525,27
1884,-121.15286277851258,4.37461057958694,15244,-123.80894152337959,5.566802721935252,23
1885,359.92516217731736,18.964796869770456,15245,417.6915390220547,-4.11857226961515,29
1886,-113.65147444912876,-3.38940620124091,15268,-109.71624596876933,-1.0040630408538558,16
1887,-125.37897520430113,8.249204992716844,15269,-123.80894152337959,5.566802721935252,23
1888,-11.804044064979735,2.672061029938864,15276,-6.878718007946434,-1.0926682779646681,10
1889,119.04084929491563,8.791013355892577,15290,104.96211155305676,-0.5414592591613776,31
1890,-92.00635004094626,3.196149782760611,15291,-96.6939343764425,2.7165835152131033,15
1891,155.28843589074341,6.532916400621003,15292,172.66355239880147,-2.7112682595768685,38
1892,-24.069864518312503,5.7201081894623265,15294,-29.714479793685786,-1.264748112657314,8
1893,-74.20135714096303,5.708259430790892,15301,-66.8889597803445,2.169628081691683,14
1894,-153.85600884951577,-3.731868874080224,15308,-148.09620948762597,-1.1157003398540595,36
1895,-76.78089163948796,-0.9744350810648121,15318,-77.6204452281073,-4.536559244831727,5
1896,263.9947440420428,14.80149630888277,15322,227.03647807555316,-5.020718083634986,26
1897,-12.338492467217794,-4.460551684544271,15332,-6.878718007946434,-1.0926682779646681,10
1898,58.33288618672283,2.9238055265183482,15341,47.997068783449585,1.2679199422360634,13
1899,-130.11430783128617,3.3828973178620356,15344,-129.1025175244067,1.5488809909733745,1
1900,-151.25079284904018,5.50230708759327,15348,-152.23629829764135,4.213482038439798,37
1901,-92.08828321834176,3.97206103584832,15349,-96.6939343764425,2.7165835152131033,15
1902,-94.24646676281003,6.880605198950461,15359,-96.6939343764425,2.7165835152131033,15
1903,-3.9309966251073436,3.527708648469175,15361,-6.878718007946434,-1.0926682779646681,10
1904,-55.72050484635634,-0.916471952895043,15363,-49.93530245157272,-0.19848027172185767,2
1905,-59.83870256264942,-27.86086916217996,15364,-77.6204452281073,-4.536559244831727,5
1906,16.82780502232812,9.692489915738552,15369,18.937510567705566,1.034768221250525,27
1907,-141.06476242715593,2.1161649854653404,15377,-141.0346653257256,-1.1036168920026446,0
1908,-111.0799250599883,3.4548796702631948,15378,-114.33047638704419,5.73481138949136,19
1909,5.997716426717343,-8.953355802784644,15380,-6.878718007946434,-1.0926682779646681,10
1910,-64.71152542715147,-0.7647221885910069,15384,-66.8889597803445,2.169628081691683,14
1911,84.37312513341008,2.9802624898292613,15386,78.01149217232324,3.6022338347977136,6
1912,-25.334247080506444,10.997030873113419,15389,-29.714479793685786,-1.264748112657314,8
1913,-146.33683570862732,6.975015509105089,15398,-146.59606179012786,4.113086925586259,4
1914,-112.68837935421604,-2.578187319122754,15399,-109.71624596876933,-1.0040630408538558,16
1915,-117.3978748500971,8.763829094163532,15402,-114.33047638704419,5.73481138949136,19
1916,-29.660365057695078,-1.2890469593934377,15404,-29.714479793685786,-1.264748112657314,8
1917,-99.87388762003502,-0.8746556816905886,15425,-96.6939343764425,2.7165835152131033,15
1918,-130.3727402248204,8.020760526774506,15434,-132.1080396739421,5.887059356646324,17
1919,-123.14445486775016,4.161890915903267,15437,-123.80894152337959,5.566802721935252,23
1920,-38.42346017830741,-5.086557342597242,15442,-29.714479793685786,-1.264748112657314,8
1921,-0.688010595294621,-13.373889274062863,15445,-6.878718007946434,-1.0926682779646681,10
1922,707.3788401779436,-4.8336799292397,15448,586.0312761189704,-1.722944617346204,30
1923,-90.6128287249765,-4.380711887098125,15452,-95.36861679384212,-10.95784818293233,28
1924,-56.49906740693571,-3.73203102407183,15455,-49.93530245157272,-0.19848027172185767,2
1925,-76.76803788681605,-1.2509296422230678,15484,-77.6204452281073,-4.536559244831727,5
1926,-101.06708223648263,3.3375861154947453,15485,-104.7190727296112,3.8815952186994593,7
1927,-128.9282157947388,-0.1687213338736627,15493,-129.1025175244067,1.5488809909733745,1
1928,-102.17181973123476,5.1080513573316795,15498,-104.7190727296112,3.8815952186994593,7
1929,-121.39424711983625,8.657764033009213,15500,-123.80894152337959,5.566802721935252,23
1930,1060.4904793327194,48.98162613881279,15503,861.6475783799328,6.515082937232454,35
1931,-107.87495432232926,-0.46437446602857274,15508,-109.71624596876933,-1.0040630408538558,16
1932,67.17771460565714,-9.794838699423112,15513,70.166569844569,-14.692630117552799,9
1933,293.0197683621083,0.5428458045122978,15525,302.44973475302317,-5.405747081354008,25
1934,-121.94357424811207,-0.24811682460863005,15526,-123.94204162798616,-1.5144507595891967,3
1935,248.35720110493924,-6.081562643735568,15527,227.03647807555316,-5.020718083634986,26
1936,-144.25670482009158,5.226588805525321,15529,-142.14616351708418,5.245197398204194,22
1937,392.6781979246439,-5.552573379318443,15530,417.6915390220547,-4.11857226961515,29
1938,-149.02660603233568,1.1506108148388325,15532,-148.09620948762597,-1.1157003398540595,36
1939,621.9136975577788,-15.423619103417407,15553,586.0312761189704,-1.722944617346204,30
1940,-145.08344239226463,1.4141978211856614,15555,-146.59606179012786,4.113086925586259,4
1941,-125.88636984192436,-0.5251105511658805,15562,-123.94204162798616,-1.5144507595891967,3
1942,-56.56593380083634,-3.2990038911286312,15576,-49.93530245157272,-0.19848027172185767,2
1943,-109.91839313240983,0.9658169555459312,15580,-109.71624596876933,-1.0040630408538558,16
1944,-134.47765241294692,-6.021648262474345,15592,-130.75996572568545,-6.6137591708523855,18
1945,78.14679542705701,-8.434815788737142,15593,70.166569844569,-14.692630117552799,9
1946,-129.86628643759448,-1.0170802266908114,15594,-129.1025175244067,1.5488809909733745,1
1947,-61.231820543600925,-22.34447250731719,15600,-77.6204452281073,-4.536559244831727,5
1948,-120.23554685288656,5.179052121344475,15604,-123.80894152337959,5.566802721935252,23
1949,-129.30811770930066,7.1285003763592725,15611,-132.1080396739421,5.887059356646324,17
1950,-145.68833399406634,-3.144529252647984,15616,-148.09620948762597,-1.1157003398540595,36
1951,-105.11937276154343,3.9207420546588847,15619,-104.7190727296112,3.8815952186994593,7
1952,-110.13144614641587,4.601213812272773,15627,-114.33047638704419,5.73481138949136,19
1953,-3.656223378023858,0.09489672931451182,15631,-6.878718007946434,-1.0926682779646681,10
1954,-108.2363123381961,6.440078951759072,15639,-104.7190727296112,3.8815952186994593,7
1955,386.43138053400537,12.42657087058326,15642,417.6915390220547,-4.11857226961515,29
1956,59.994623866214205,7.269876003877755,15652,47.997068783449585,1.2679199422360634,13
1957,-141.34835175914534,7.3011759237849985,15654,-142.14616351708418,5.245197398204194,22
1958,-80.90892416796959,1.2544285888240918,15672,-85.91178621041317,3.2728237667350073,24
1959,44.904454854362406,-6.241874039907249,15674,47.997068783449585,1.2679199422360634,13
1960,-140.10003192734584,1.8787448683766828,15679,-141.0346653257256,-1.1036168920026446,0
1961,-131.92397559853322,-1.331255515317072,15680,-134.89656831690453,-0.030690791204986433,34
1962,-90.01331258596835,2.859217178264632,15697,-85.91178621041317,3.2728237667350073,24
1963,-45.276100711653534,8.360740531406519,15704,-49.93530245157272,-0.19848027172185767,2
1964,-139.97988739522907,0.764592796460022,15708,-141.0346653257256,-1.1036168920026446,0
1965,-113.09144028065803,2.6491406103150603,15722,-114.33047638704419,5.73481138949136,19
1966,96.0233206492776,8.27465222129271,15724,104.96211155305676,-0.5414592591613776,31
1967,-36.970935970948304,4.8914558741972485,15731,-29.714479793685786,-1.264748112657314,8
1968,-14.92116674750795,-10.559551945266142,15738,-6.878718007946434,-1.0926682779646681,10
1969,9.048451466330057,5.230289706080924,15741,18.937510567705566,1.034768221250525,27
1970,-136.36074542125837,7.662517435774048,15761,-137.57400940459857,4.493303950559668,20
1971,-72.94538174880235,1.1386226544124556,15764,-66.8889597803445,2.169628081691683,14
1972,45.765477333224524,-4.205725442264249,15792,47.997068783449585,1.2679199422360634,13
1973,-86.94751294712223,1.4744394005005448,15795,-85.91178621041317,3.2728237667350073,24
1974,-76.93314610039447,2.869548567401051,15824,-77.6204452281073,-4.536559244831727,5
1975,-146.1330245008253,3.0048353727539316,15833,-146.59606179012786,4.113086925586259,4
1976,-57.09489902838578,5.185463861017981,15849,-49.93530245157272,-0.19848027172185767,2
1977,-119.19456997428917,5.32000042271956,15856,-123.80894152337959,5.566802721935252,23
1978,-145.78903591241766,-4.008455648027312,15858,-148.09620948762597,-1.1157003398540595,36
1979,-120.93599704280759,1.172540304013222,15861,-118.09857507912784,0.7103841694799473,11
1980,24.05138851268524,5.41235864679334,15873,18.937510567705566,1.034768221250525,27
1981,-92.72448742527745,-1.957178867306176,15898,-96.6939343764425,2.7165835152131033,15
1982,48.41429543029869,-13.770810255594835,15913,47.997068783449585,1.2679199422360634,13
1983,-84.86979880692564,0.8329119422191292,15926,-85.91178621041317,3.2728237667350073,24
1984,-33.95941024119191,2.6169067292626,15929,-29.714479793685786,-1.264748112657314,8
1985,6.117727231272433,4.180136827481474,15939,18.937510567705566,1.034768221250525,27
1986,-140.19772155507144,4.030394117792455,15948,-142.14616351708418,5.245197398204194,22
1987,-79.80673405776292,-0.46976206995534214,15950,-77.6204452281073,-4.536559244831727,5
1988,-54.88578665087945,2.2122354855251922,15960,-49.93530245157272,-0.19848027172185767,2
1989,506.6561960775404,-44.25066923483679,15961,586.0312761189704,-1.722944617346204,30
1990,-43.44757205282852,-4.642861436200216,15973,-49.93530245157272,-0.19848027172185767,2
1991,-11.525240826808046,-1.878450355966475,15986,-6.878718007946434,-1.0926682779646681,10
1992,-135.2335899759493,4.877537740433124,15987,-137.57400940459857,4.493303950559668,20
1993,-131.0973219284153,1.9620472801225646,15988,-129.1025175244067,1.5488809909733745,1
1994,-99.70209729654603,-2.059137332750462,15993,-96.6939343764425,2.7165835152131033,15
1995,-17.453408996533796,-2.5249315352935935,16008,-6.878718007946434,-1.0926682779646681,10
1996,-136.2713043017076,6.206516352504255,16015,-137.57400940459857,4.493303950559668,20
1997,-6.309953756374738,-19.709246947398764,16017,-6.878718007946434,-1.0926682779646681,10
1998,-96.79302261572478,-15.267556072371102,16024,-95.36861679384212,-10.95784818293233,28
1999,-77.07794221575737,4.493165469159821,16046,-85.91178621041317,3.2728237667350073,24
2000,289.683773318987,-9.45162240157786,16061,302.44973475302317,-5.405747081354008,25
2001,-89.68722121598549,-2.7286388625851585,16064,-85.91178621041317,3.2728237667350073,24
2002,-35.19505620638658,6.760299023403246,16065,-29.714479793685786,-1.264748112657314,8
2003,-145.07413777792505,2.7698462191175928,16067,-146.59606179012786,4.113086925586259,4
2004,-54.231707387491824,7.752148523204876,16070,-49.93530245157272,-0.19848027172185767,2
2005,-142.06304927609895,3.067202464684256,16085,-142.14616351708418,5.245197398204194,22
2006,-81.07692288438751,3.3965225133827928,16090,-85.91178621041317,3.2728237667350073,24
2007,357.4130211232507,10.79856138777031,16094,302.44973475302317,-5.405747081354008,25
2008,468.8422236105769,8.918044633997543,16115,417.6915390220547,-4.11857226961515,29
2009,358.7421328242935,-36.45822284549549,16127,302.44973475302317,-5.405747081354008,25
2010,-89.37790508839949,-5.912025303030806,16128,-95.36861679384212,-10.95784818293233,28
2011,-23.638192608668206,-0.11540339483877567,16131,-29.714479793685786,-1.264748112657314,8
2012,-102.13959092805379,5.434449368621744,16133,-104.7190727296112,3.8815952186994593,7
2013,-98.02120743743292,2.9134076469558794,16135,-96.6939343764425,2.7165835152131033,15
2014,-60.69530095805849,-0.5219803866031465,16140,-66.8889597803445,2.169628081691683,14
2015,-104.91142860764346,0.9056280597230195,16151,-104.7190727296112,3.8815952186994593,7
2016,-42.823385827659614,2.5864314655030305,16158,-49.93530245157272,-0.19848027172185767,2
2017,131.9389265088769,-18.214263564961428,16159,135.4076551174278,-1.697351881935795,33
2018,-30.216215814704437,-7.428595901290196,16175,-29.714479793685786,-1.264748112657314,8
2019,-70.00576925747258,-11.67981115735146,16176,-77.6204452281073,-4.536559244831727,5
2020,-87.49174630507807,-4.926853083985854,16180,-85.91178621041317,3.2728237667350073,24
2021,-136.8886136472639,-0.1518107016200178,16185,-134.89656831690453,-0.030690791204986433,34
2022,615.2691377662433,7.678131198660875,16194,586.0312761189704,-1.722944617346204,30
2023,178.3845265320984,4.815413483921334,16219,172.66355239880147,-2.7112682595768685,38
2024,8.349976847535736,0.14520395529817695,16227,18.937510567705566,1.034768221250525,27
2025,-11.066863811048828,4.848255776370587,16230,-6.878718007946434,-1.0926682779646681,10
2026,-152.16232606519213,3.548105180312604,16232,-152.23629829764135,4.213482038439798,37
2027,-71.00027756969419,2.389514925759,16242,-66.8889597803445,2.169628081691683,14
2028,-131.8771548318626,0.20673590722303553,16250,-134.89656831690453,-0.030690791204986433,34
2029,4.60837605940126,-2.4778393370466594,16257,-6.878718007946434,-1.0926682779646681,10
2030,-79.63499078533602,-2.673514431573158,16261,-77.6204452281073,-4.536559244831727,5
2031,-106.18616968135278,4.84078910582513,16268,-104.7190727296112,3.8815952186994593,7
2032,-151.97473586095194,-1.0838836143116442,16271,-148.09620948762597,-1.1157003398540595,36
2033,-96.92387109424253,0.8032888833117903,16276,-96.6939343764425,2.7165835152131033,15
2034,236.92560888488524,14.840916270406208,16280,227.03647807555316,-5.020718083634986,26
2035,294.8050100054376,3.7247086253408397,16291,302.44973475302317,-5.405747081354008,25
2036,-110.19218969477048,5.420031264011176,16296,-114.33047638704419,5.73481138949136,19
2037,218.88786074925565,-0.39585686637879514,16308,227.03647807555316,-5.020718083634986,26
2038,102.69377859285181,-1.6919164260679933,16311,104.96211155305676,-0.5414592591613776,31
2039,-85.8539666125302,1.4974065315938516,16314,-85.91178621041317,3.2728237667350073,24
2040,10.194189612638018,-11.652172352074231,16331,18.937510567705566,1.034768221250525,27
2041,-133.22398008898645,5.735819938158703,16351,-132.1080396739421,5.887059356646324,17
2042,-72.12147330491466,5.028226981491306,16354,-66.8889597803445,2.169628081691683,14
2043,-92.93211598099117,2.071067766163115,16358,-96.6939343764425,2.7165835152131033,15
2044,-85.78198296274138,-0.093631153026942,16369,-85.91178621041317,3.2728237667350073,24
2045,744.4809917496771,9.302081446666193,16378,861.6475783799328,6.515082937232454,35
2046,-33.90053008554781,2.3667392360408988,16401,-29.714479793685786,-1.264748112657314,8
2047,-138.91685343034297,0.9528037431755645,16411,-141.0346653257256,-1.1036168920026446,0
2048,-120.01906619055018,2.4962366773186178,16414,-118.09857507912784,0.7103841694799473,11
2049,-22.857090376181603,3.1474332910515663,16415,-29.714479793685786,-1.264748112657314,8
2050,-49.56892820424795,-2.066889947823694,16420,-49.93530245157272,-0.19848027172185767,2
2051,-77.0094550198227,3.528069930135731,16424,-77.6204452281073,-4.536559244831727,5
2052,-105.30345562152635,6.923197381211829,16427,-104.7190727296112,3.8815952186994593,7
2053,-141.10685383577473,2.0240366678980934,16436,-141.0346653257256,-1.1036168920026446,0
2054,28.48917198373747,-0.5000597631508148,16440,18.937510567705566,1.034768221250525,27
2055,-79.92607835040822,1.6371800476678624,16442,-85.91178621041317,3.2728237667350073,24
2056,469.75332362406897,25.099894528926807,16443,417.6915390220547,-4.11857226961515,29
2057,139.07282170927138,-5.27294156693792,16446,135.4076551174278,-1.697351881935795,33
2058,-104.51027587379349,-6.341411113966777,16455,-109.71624596876933,-1.0040630408538558,16
2059,-153.23481609277434,4.613209024152657,16456,-152.23629829764135,4.213482038439798,37
2060,34.34237618673908,-12.942128306297313,16487,28.39696760572947,-22.91072472808294,12
2061,-74.90580910347546,1.7906082042729523,16494,-77.6204452281073,-4.536559244831727,5
2062,85.51850817805038,-28.101731126544237,16508,70.166569844569,-14.692630117552799,9
2063,-24.521657845012463,-16.91108311870264,16515,-29.714479793685786,-1.264748112657314,8
2064,-74.62204955025264,-2.3554393191306136,16520,-77.6204452281073,-4.536559244831727,5
2065,17.72402692311994,-4.7999534629800165,16527,18.937510567705566,1.034768221250525,27
2066,-65.17588946914557,6.3586295922500895,16531,-66.8889597803445,2.169628081691683,14
2067,5.403269220444491,-1.0476387452942262,16534,-6.878718007946434,-1.0926682779646681,10
2068,-70.24784138761254,-7.399128976464631,16541,-77.6204452281073,-4.536559244831727,5
2069,-105.09515935277506,3.3655707008013844,16548,-104.7190727296112,3.8815952186994593,7
2070,-119.17912591551145,4.976666513852052,16564,-118.09857507912784,0.7103841694799473,11
2071,14.529686157370982,-2.1383392167792605,16570,18.937510567705566,1.034768221250525,27
2072,26.09522730385984,4.4865840318087225,16574,18.937510567705566,1.034768221250525,27
2073,-140.1228501129857,3.9230230427009385,16575,-142.14616351708418,5.245197398204194,22
2074,-61.61343132547603,-2.3297436663284263,16578,-66.8889597803445,2.169628081691683,14
2075,14.115710883079215,3.3296455275561296,16587,18.937510567705566,1.034768221250525,27
2076,-87.1901459391308,5.274150297332806,16602,-85.91178621041317,3.2728237667350073,24
2077,-121.47754886401573,-6.839592877448331,16609,-123.94204162798616,-1.5144507595891967,3
2078,14.214335182377644,3.2307163865721824,16615,18.937510567705566,1.034768221250525,27
2079,-75.95877218795582,2.4181003254426354,16640,-77.6204452281073,-4.536559244831727,5
2080,-103.23086940604291,6.404369687768538,16646,-104.7190727296112,3.8815952186994593,7
2081,-119.18092736430965,3.994956415145027,16650,-118.09857507912784,0.7103841694799473,11
2082,-36.96771173493481,4.316643677373979,16655,-29.714479793685786,-1.264748112657314,8
2083,-149.32820043207306,6.730547686748213,16657,-146.59606179012786,4.113086925586259,4
2084,28.105432173327234,5.839962036481353,16662,18.937510567705566,1.034768221250525,27
2085,-30.18748108866046,-21.760475145824692,16665,-29.714479793685786,-1.264748112657314,8
2086,-89.18078375886829,5.008226233310433,16673,-85.91178621041317,3.2728237667350073,24
2087,-31.954890411967604,3.0784961247254854,16674,-29.714479793685786,-1.264748112657314,8
2088,-34.30221598379762,-5.613219458243621,16677,-29.714479793685786,-1.264748112657314,8
2089,-11.271400049660505,-5.905533240467548,16686,-6.878718007946434,-1.0926682779646681,10
2090,-58.14525851450492,6.298718603158134,16688,-66.8889597803445,2.169628081691683,14
2091,40.69431779078643,11.981375877556793,16691,47.997068783449585,1.2679199422360634,13
2092,35.427810298101235,0.4449280762990999,16705,47.997068783449585,1.2679199422360634,13
2093,49.24172018567349,-54.153924635494114,16712,28.39696760572947,-22.91072472808294,12
2094,-54.100736820884535,5.906000490181266,16733,-49.93530245157272,-0.19848027172185767,2
2095,-30.60412825545341,-2.023977395443717,16734,-29.714479793685786,-1.264748112657314,8
2096,-23.0486919659904,4.772254947835263,16736,-29.714479793685786,-1.264748112657314,8
2097,-56.51007577669918,-2.986322287063413,16738,-49.93530245157272,-0.19848027172185767,2
2098,-63.63470125439617,-1.913499981286741,16753,-66.8889597803445,2.169628081691683,14
2099,-119.11731401564603,3.637288678409941,16755,-118.09857507912784,0.7103841694799473,11
2100,-133.1771748311233,4.689209889594302,16759,-132.1080396739421,5.887059356646324,17
2101,162.14465240146075,9.29214960953969,16764,172.66355239880147,-2.7112682595768685,38
2102,-68.14835421639732,5.171635114892761,16765,-66.8889597803445,2.169628081691683,14
2103,-130.14833267854843,3.088245183326643,16769,-129.1025175244067,1.5488809909733745,1
2104,-98.91316643329137,1.55549373474563,16781,-96.6939343764425,2.7165835152131033,15
2105,-117.40393076935314,8.910842829735817,16782,-114.33047638704419,5.73481138949136,19
2106,256.511378517253,6.952707581467923,16783,227.03647807555316,-5.020718083634986,26
2107,-62.92181191519587,2.849302508969614,16789,-66.8889597803445,2.169628081691683,14
2108,-56.966632900101516,2.921109206564048,16792,-49.93530245157272,-0.19848027172185767,2
2109,-67.16271383913698,7.034559846766717,16812,-66.8889597803445,2.169628081691683,14
2110,-97.10426366228333,4.247272695789204,16816,-96.6939343764425,2.7165835152131033,15
2111,-109.89205080650957,-0.126581787373024,16825,-109.71624596876933,-1.0040630408538558,16
2112,-138.25841635805563,5.367251793608808,16827,-137.57400940459857,4.493303950559668,20
2113,-114.18645796428363,4.712650347928021,16846,-114.33047638704419,5.73481138949136,19
2114,-101.10818100608098,4.265377496135044,16847,-104.7190727296112,3.8815952186994593,7
2115,-82.00593224625024,-11.886652502613114,16856,-77.6204452281073,-4.536559244831727,5
2116,296.4759663451265,7.888531338344581,16869,302.44973475302317,-5.405747081354008,25
2117,-19.698552764564592,1.2637853025279822,16876,-29.714479793685786,-1.264748112657314,8
2118,480.73976459037596,-3.3688112211402093,16879,417.6915390220547,-4.11857226961515,29
2119,-128.12799798353976,2.6771995498853958,16881,-129.1025175244067,1.5488809909733745,1
2120,-115.89572786738393,-0.15303071287785794,16893,-118.09857507912784,0.7103841694799473,11
2121,-93.37928557046514,-5.941980607293709,16897,-95.36861679384212,-10.95784818293233,28
2122,-135.29371767692723,6.698620732021196,16901,-137.57400940459857,4.493303950559668,20
2123,85.22016848754969,4.291839976928267,16912,78.01149217232324,3.6022338347977136,6
2124,141.61715497480176,1.1537908513683788,16928,135.4076551174278,-1.697351881935795,33
2125,-126.14257810388807,4.077167165815768,16936,-123.80894152337959,5.566802721935252,23
2126,-112.18026066404884,4.0890349632270695,16937,-114.33047638704419,5.73481138949136,19
2127,536.3719985675514,18.3015845070861,16947,586.0312761189704,-1.722944617346204,30
2128,-45.02834575566658,4.468386424650359,16952,-49.93530245157272,-0.19848027172185767,2
2129,-133.31414955361882,-8.56909823195845,16961,-130.75996572568545,-6.6137591708523855,18
2130,-121.11393501101504,4.044058557483145,16962,-123.80894152337959,5.566802721935252,23
2131,-112.91737607372453,0.8901558411602284,16966,-109.71624596876933,-1.0040630408538558,16
2132,-151.08668726740981,1.4094592152960046,16968,-152.23629829764135,4.213482038439798,37
2133,50.916196051931706,8.321678880356906,16979,47.997068783449585,1.2679199422360634,13
2134,730.8203339835329,18.43091955868753,16986,861.6475783799328,6.515082937232454,35
2135,-130.90406967992527,-1.740073634119048,16991,-129.1025175244067,1.5488809909733745,1
2136,333.5155162266856,-33.97150033232507,16992,302.44973475302317,-5.405747081354008,25
2137,-58.93882372290548,2.783492098297515,17008,-66.8889597803445,2.169628081691683,14
2138,-61.10989007354186,5.986272924981321,17009,-66.8889597803445,2.169628081691683,14
2139,1.3721669098210665,-0.969197696183502,17014,-6.878718007946434,-1.0926682779646681,10
2140,-79.07516897146067,4.9222081253384395,17026,-85.91178621041317,3.2728237667350073,24
2141,126.55604610342039,1.7489196402947098,17036,135.4076551174278,-1.697351881935795,33
2142,-101.65816646813268,-2.5378509508504252,17070,-104.7190727296112,3.8815952186994593,7
2143,-120.97482135809241,0.47341750362789764,17073,-118.09857507912784,0.7103841694799473,11
2144,-41.53836051688752,-3.644682906711369,17085,-49.93530245157272,-0.19848027172185767,2
2145,676.5433925285574,-36.878252762740225,17086,586.0312761189704,-1.722944617346204,30
2146,-104.11194304685081,4.266689744367034,17100,-104.7190727296112,3.8815952186994593,7
2147,9.351382284219374,0.6537516579799478,17101,18.937510567705566,1.034768221250525,27
2148,-66.1714467090228,6.741248705078957,17111,-66.8889597803445,2.169628081691683,14
2149,-139.94971367584654,-1.4174175237883655,17116,-141.0346653257256,-1.1036168920026446,0
2150,-107.99022899052649,1.0349536173463179,17123,-109.71624596876933,-1.0040630408538558,16
2151,-98.38023748327903,9.230954058920469,17131,-96.6939343764425,2.7165835152131033,15
2152,-129.00243107263884,-0.09099151334600747,17139,-129.1025175244067,1.5488809909733745,1
2153,-106.71748103697361,-2.8818261028407384,17145,-109.71624596876933,-1.0040630408538558,16
2154,-137.92765992558725,-0.8224198405526847,17156,-141.0346653257256,-1.1036168920026446,0
2155,-123.38970426445944,8.496721402835497,17160,-123.80894152337959,5.566802721935252,23
2156,-131.24307499344755,5.161032523231718,17161,-132.1080396739421,5.887059356646324,17
2157,28.81803373581232,9.075839014844105,17169,18.937510567705566,1.034768221250525,27
2158,-7.537969707418207,-1.0287479515491664,17179,-6.878718007946434,-1.0926682779646681,10
2159,65.33526118499039,3.483025151986642,17186,78.01149217232324,3.6022338347977136,6
2160,270.42042462988155,8.677607503543227,17194,302.44973475302317,-5.405747081354008,25
2161,-131.91941013246665,0.6178861576629274,17200,-129.1025175244067,1.5488809909733745,1
2162,-130.2158959294329,4.599551946905272,17206,-132.1080396739421,5.887059356646324,17
2163,-145.15592153838017,3.534087938324083,17214,-146.59606179012786,4.113086925586259,4
2164,248.36045658490806,8.58312013500268,17226,227.03647807555316,-5.020718083634986,26
2165,-115.03782178077716,2.484593288689186,17227,-114.33047638704419,5.73481138949136,19
2166,-29.421512384899657,-4.4684800592882175,17240,-29.714479793685786,-1.264748112657314,8
2167,-85.92926600381182,1.6053560418294697,17257,-85.91178621041317,3.2728237667350073,24
2168,140.02483559263348,10.012843434628781,17260,135.4076551174278,-1.697351881935795,33
2169,65.13841131761966,6.260584529970466,17273,78.01149217232324,3.6022338347977136,6
2170,-68.24474934367773,7.270595678143783,17277,-66.8889597803445,2.169628081691683,14
2171,-111.70403966547998,-2.7402476764025296,17291,-109.71624596876933,-1.0040630408538558,16
2172,155.60473548999607,2.188245411825623,17294,172.66355239880147,-2.7112682595768685,38
2173,100.51176759426899,1.7510477303366279,17297,104.96211155305676,-0.5414592591613776,31
2174,-76.04219699964104,3.7374093465599247,17305,-77.6204452281073,-4.536559244831727,5
2175,35.63215012782794,-2.4906650327075646,17317,47.997068783449585,1.2679199422360634,13
2176,-10.966416626035754,4.181269107500192,17321,-6.878718007946434,-1.0926682779646681,10
2177,-150.7933129350829,-4.001570287321083,17329,-148.09620948762597,-1.1157003398540595,36
2178,-76.88333072780199,0.7568124634519863,17336,-77.6204452281073,-4.536559244831727,5
2179,-124.20103907138844,5.38648955897283,17340,-123.80894152337959,5.566802721935252,23
2180,-47.20127729564331,-7.52635236054104,17351,-49.93530245157272,-0.19848027172185767,2
2181,-113.96790190281399,1.454855228529275,17353,-118.09857507912784,0.7103841694799473,11
2182,8.542439147088588,-16.72537218355036,17355,18.937510567705566,1.034768221250525,27
2183,43.28882272404308,3.11265576795239,17364,47.997068783449585,1.2679199422360634,13
2184,-124.31803789638981,7.435132119861693,17378,-123.80894152337959,5.566802721935252,23
2185,286.57726989870787,-7.680127194004002,17384,302.44973475302317,-5.405747081354008,25
2186,-136.99527657841372,0.1535449170321851,17402,-134.89656831690453,-0.030690791204986433,34
2187,-111.26947135048708,-9.16659389016933,17405,-115.69510858146283,-11.595084171039186,39
2188,-131.89294231685793,-1.9961769096680981,17413,-134.89656831690453,-0.030690791204986433,34
2189,-139.7728965542271,-3.745015101436086,17415,-141.0346653257256,-1.1036168920026446,0
2190,195.8175272707863,0.25135394926233784,17427,172.66355239880147,-2.7112682595768685,38
2191,-144.25299649951407,5.668472478218044,17433,-142.14616351708418,5.245197398204194,22
2192,-19.549471272357888,-30.953026442066168,17455,-29.714479793685786,-1.264748112657314,8
2193,-90.28066958309456,7.180462936162537,17464,-85.91178621041317,3.2728237667350073,24
2194,-87.95816473546674,1.6896356931316872,17467,-85.91178621041317,3.2728237667350073,24
2195,-6.348029931408532,-4.650814170072853,17469,-6.878718007946434,-1.0926682779646681,10
2196,-108.8072407519693,-0.9293963107458785,17487,-109.71624596876933,-1.0040630408538558,16
2197,-146.33497645255355,6.915032611286619,17498,-146.59606179012786,4.113086925586259,4
2198,-75.66295937910712,-1.9951300290052536,17501,-77.6204452281073,-4.536559244831727,5
2199,-119.9839588987368,1.7187852692148573,17512,-118.09857507912784,0.7103841694799473,11
2200,-130.9758968633609,1.3567482411502525,17517,-129.1025175244067,1.5488809909733745,1
2201,-131.0344997367907,0.5909137558559578,17519,-129.1025175244067,1.5488809909733745,1
2202,-89.93820713882627,2.2613740265141367,17528,-85.91178621041317,3.2728237667350073,24
2203,101.70187054156686,-1.3643032694196695,17531,104.96211155305676,-0.5414592591613776,31
2204,-89.06409527705624,-11.751913493082576,17545,-95.36861679384212,-10.95784818293233,28
2205,-118.88060853323317,-1.0551447952434554,17546,-118.09857507912784,0.7103841694799473,11
2206,-38.59895530230185,-1.244011745674388,17547,-29.714479793685786,-1.264748112657314,8
2207,2.0405877297895536,4.763642969240128,17553,-6.878718007946434,-1.0926682779646681,10
2208,695.0738419961248,28.031014341381834,17562,586.0312761189704,-1.722944617346204,30
2209,-140.77191964909102,-2.75433274278204,17576,-141.0346653257256,-1.1036168920026446,0
2210,29.327269036240228,1.5187538808955874,17582,18.937510567705566,1.034768221250525,27
2211,-59.75147170130656,0.20435652851572178,17613,-66.8889597803445,2.169628081691683,14
2212,-27.658498784554688,-1.2847541072662587,17614,-29.714479793685786,-1.264748112657314,8
2213,-124.0108527621389,1.7220479472866317,17626,-123.94204162798616,-1.5144507595891967,3
2214,-49.67044475976082,-1.394451184220699,17627,-49.93530245157272,-0.19848027172185767,2
2215,91.85084944208893,11.985524635378503,17628,78.01149217232324,3.6022338347977136,6
2216,-152.32383798572084,6.600494764454119,17632,-152.23629829764135,4.213482038439798,37
2217,368.15908628929213,15.529439067504015,17641,417.6915390220547,-4.11857226961515,29
2218,-96.08817236849679,2.8670447018300234,17647,-96.6939343764425,2.7165835152131033,15
2219,-50.02921128771715,5.433030879363508,17657,-49.93530245157272,-0.19848027172185767,2
2220,-139.83935264505362,-3.3128068605653835,17686,-141.0346653257256,-1.1036168920026446,0
2221,-140.8474068590506,-1.1143363748918773,17689,-141.0346653257256,-1.1036168920026446,0
2222,8.827896383667495,9.036354714060158,17693,18.937510567705566,1.034768221250525,27
2223,-101.63094404892915,-3.6566485538425972,17714,-96.6939343764425,2.7165835152131033,15
2224,-8.154482316264765,-7.392019655767117,17719,-6.878718007946434,-1.0926682779646681,10
2225,55.08328250598423,-8.454376115004946,17722,47.997068783449585,1.2679199422360634,13
2226,-135.94537182520415,-1.4460629613823996,17723,-134.89656831690453,-0.030690791204986433,34
2227,-77.97614270755395,1.2184758124617217,17739,-77.6204452281073,-4.536559244831727,5
2228,584.9250412144488,-2.5860418327549235,17740,586.0312761189704,-1.722944617346204,30
2229,1185.076646413741,59.133415611124384,17748,1342.5649032771717,32.04824045393157,32
2230,-106.7712040005809,-0.15603580796509667,17754,-109.71624596876933,-1.0040630408538558,16
2231,-137.07643199898615,3.471347963291038,17764,-137.57400940459857,4.493303950559668,20
2232,-104.75457858522311,-2.0223428897655773,17766,-109.71624596876933,-1.0040630408538558,16
2233,-34.24958027509533,-6.762722443258255,17767,-29.714479793685786,-1.264748112657314,8
2234,-40.760747073539164,-0.8160313170951323,17769,-49.93530245157272,-0.19848027172185767,2
2235,-134.2556834180155,5.4129275760714854,17770,-132.1080396739421,5.887059356646324,17
2236,-71.62261925105554,-3.3268788934700213,17780,-77.6204452281073,-4.536559244831727,5
2237,-84.22606509058889,5.564223857339995,17789,-85.91178621041317,3.2728237667350073,24
2238,-96.8576789377705,-0.14035340149110137,17790,-96.6939343764425,2.7165835152131033,15
2239,-131.80557606359494,-2.376355008774087,17799,-134.89656831690453,-0.030690791204986433,34
2240,-132.92269326828142,0.67763115021863,17803,-134.89656831690453,-0.030690791204986433,34
2241,-106.0537351919692,2.980616292410575,17807,-104.7190727296112,3.8815952186994593,7
2242,-75.82163059908162,-0.5760456240769608,17814,-77.6204452281073,-4.536559244831727,5
2243,568.6828630123706,-14.341156419159777,17829,586.0312761189704,-1.722944617346204,30
2244,-115.85589117809772,-0.4855134130527751,17838,-118.09857507912784,0.7103841694799473,11
2245,109.37733523368124,3.8200008486629624,17840,104.96211155305676,-0.5414592591613776,31
2246,-112.0905685881271,2.6512071043356897,17843,-114.33047638704419,5.73481138949136,19
2247,-139.0210665031686,0.1487723603101576,17864,-141.0346653257256,-1.1036168920026446,0
2248,186.78044119534758,15.115435221929067,17881,172.66355239880147,-2.7112682595768685,38
2249,-70.19044371767446,6.072512431855954,17882,-66.8889597803445,2.169628081691683,14
2250,51.232266904346346,-39.696837324243596,17885,28.39696760572947,-22.91072472808294,12
2251,-130.83287780691288,-0.7486106032558569,17890,-129.1025175244067,1.5488809909733745,1
2252,-103.50979245289888,-5.3175281216882775,17897,-109.71624596876933,-1.0040630408538558,16
2253,-149.09973050880936,3.256787292840459,17899,-146.59606179012786,4.113086925586259,4
2254,-138.83526834525526,-1.330031198013992,17906,-141.0346653257256,-1.1036168920026446,0
2255,-110.24147307708068,5.985413540442372,17907,-114.33047638704419,5.73481138949136,19
2256,-88.02282782589447,3.119423588466442,17909,-85.91178621041317,3.2728237667350073,24
2257,-31.995284411835424,5.000878466530834,17910,-29.714479793685786,-1.264748112657314,8
2258,676.6748682562734,-10.305297766940864,17912,586.0312761189704,-1.722944617346204,30
2259,-89.57130078324481,-4.234915075082043,17920,-85.91178621041317,3.2728237667350073,24
2260,-30.030119824667555,5.274622005232645,17928,-29.714479793685786,-1.264748112657314,8
2261,-125.8566116584109,-2.2058112907401233,17935,-123.94204162798616,-1.5144507595891967,3
2262,-94.29882145643826,8.025911070589418,17938,-96.6939343764425,2.7165835152131033,15
2263,-61.350436748281446,9.714144345105726,17939,-66.8889597803445,2.169628081691683,14
2264,79.27042786147302,-24.822562625196195,17940,70.166569844569,-14.692630117552799,9
2265,-51.866922686120404,2.371287378531903,17946,-49.93530245157272,-0.19848027172185767,2
2266,-13.509992539420464,-3.272515502045575,17949,-6.878718007946434,-1.0926682779646681,10
2267,364.0478494161575,-12.07501182756657,17967,417.6915390220547,-4.11857226961515,29
2268,-92.72739450275546,-1.8967027652999209,17972,-96.6939343764425,2.7165835152131033,15
2269,21.168270664754203,3.312612569773758,17987,18.937510567705566,1.034768221250525,27
2270,-94.97415288578381,1.402675276418047,17993,-96.6939343764425,2.7165835152131033,15
2271,-143.13839192284877,3.1909292239452927,18001,-142.14616351708418,5.245197398204194,22
2272,3.3632697205349085,-0.2142885599099213,18007,-6.878718007946434,-1.0926682779646681,10
2273,33.28802247935917,2.944523678740559,18012,18.937510567705566,1.034768221250525,27
2274,55.23713221336626,4.4465545129232416,18022,47.997068783449585,1.2679199422360634,13
2275,-86.32529621753713,8.72208640547611,18034,-85.91178621041317,3.2728237667350073,24
2276,132.82169071173894,13.315418555123367,18045,135.4076551174278,-1.697351881935795,33
2277,-14.906847532898142,3.3346179515721763,18047,-6.878718007946434,-1.0926682779646681,10
2278,-146.10526349457322,2.8967942545520717,18058,-146.59606179012786,4.113086925586259,4
2279,-99.19465839997666,4.628449083637456,18092,-96.6939343764425,2.7165835152131033,15
2280,316.5083820615204,-5.676529187913612,18102,302.44973475302317,-5.405747081354008,25
2281,-102.8975018362959,0.11484577501797089,18111,-104.7190727296112,3.8815952186994593,7
2282,-90.41016485112446,9.511887875431134,18115,-85.91178621041317,3.2728237667350073,24
2283,-114.33734192264089,7.520874564137795,18123,-114.33047638704419,5.73481138949136,19
2284,181.10071376003972,-18.88060135518585,18131,172.66355239880147,-2.7112682595768685,38
2285,-109.1219845946802,4.412097141200641,18162,-104.7190727296112,3.8815952186994593,7
2286,-86.07954678673232,2.8488846763750533,18171,-85.91178621041317,3.2728237667350073,24
2287,-111.32672853558856,7.337994301994332,18174,-114.33047638704419,5.73481138949136,19
2288,-101.78359062415277,-2.366079172678283,18180,-104.7190727296112,3.8815952186994593,7
2289,-57.61410022389973,-3.287290246706208,18195,-49.93530245157272,-0.19848027172185767,2
2290,1.8424985247338477,8.590236561217734,18197,-6.878718007946434,-1.0926682779646681,10
2291,-84.02946170212935,3.340390059665976,18198,-85.91178621041317,3.2728237667350073,24
2292,-105.18433507319705,5.358787912548986,18200,-104.7190727296112,3.8815952186994593,7
2293,-136.0811376858629,2.0402386126919376,18206,-134.89656831690453,-0.030690791204986433,34
2294,163.59855772947816,-12.273456711100554,18215,172.66355239880147,-2.7112682595768685,38
2295,282.9833849697323,-42.51758490754165,18225,302.44973475302317,-5.405747081354008,25
2296,365.7612356702856,-7.828562492559547,18240,417.6915390220547,-4.11857226961515,29
2297,100.43839619056236,2.860955491008169,18244,104.96211155305676,-0.5414592591613776,31
2298,3.931997804197389,-8.561355447409385,18246,-6.878718007946434,-1.0926682779646681,10
2299,131.99656570968895,10.497416106411196,18259,135.4076551174278,-1.697351881935795,33
2300,377.2299106784424,-56.945322717796394,18275,417.6915390220547,-4.11857226961515,29
2301,-125.1851006597952,4.512230016589056,18283,-123.80894152337959,5.566802721935252,23
2302,-121.57040149802529,-5.832612169298103,18287,-123.94204162798616,-1.5144507595891967,3
2303,-139.18874835228007,4.865910212930208,18290,-137.57400940459857,4.493303950559668,20
2304,-110.90625518950809,0.18057292182800455,18304,-109.71624596876933,-1.0040630408538558,16
2305,-128.85341454983944,-1.2807765623474001,18308,-129.1025175244067,1.5488809909733745,1
2306,106.4827795101301,2.4959976401234045,18312,104.96211155305676,-0.5414592591613776,31
2307,-22.254670745582626,-5.94370860145272,18314,-29.714479793685786,-1.264748112657314,8
2308,3.3744908172283994,0.572865989041196,18323,-6.878718007946434,-1.0926682779646681,10
2309,97.87309172955628,-3.6354674462636245,18330,104.96211155305676,-0.5414592591613776,31
2310,-116.20418924525157,5.076898663227832,18353,-114.33047638704419,5.73481138949136,19
2311,-122.91748451351008,-0.7924958597086379,18373,-123.94204162798616,-1.5144507595891967,3
2312,6.635555600238017,-18.300345326324983,18376,-6.878718007946434,-1.0926682779646681,10
2313,55.30421380707638,2.97957729041312,18395,47.997068783449585,1.2679199422360634,13
2314,-130.65275385758216,-3.6612721971731514,18415,-130.75996572568545,-6.6137591708523855,18
2315,-133.13941144809954,3.8677415249900493,18420,-132.1080396739421,5.887059356646324,17
2316,-125.858156864908,-1.1251800049616973,18430,-123.94204162798616,-1.5144507595891967,3
2317,-138.96621276230752,-1.0609668040278393,18453,-141.0346653257256,-1.1036168920026446,0
2318,-111.59583423265748,-4.577456140838081,18460,-109.71624596876933,-1.0040630408538558,16
2319,-75.96399771778741,1.0045166800062373,18468,-77.6204452281073,-4.536559244831727,5
2320,61.50584309523345,0.7161698420755794,18469,47.997068783449585,1.2679199422360634,13
2321,-97.03792287771047,1.7490194799979424,18473,-96.6939343764425,2.7165835152131033,15
2322,-98.32819430459621,7.590307066154022,18486,-96.6939343764425,2.7165835152131033,15
2323,317.4013605383859,-18.557779700427783,18488,302.44973475302317,-5.405747081354008,25
2324,-116.00347061241641,1.182283869090736,18493,-118.09857507912784,0.7103841694799473,11
2325,-49.699001276417796,-0.7773068945513917,18494,-49.93530245157272,-0.19848027172185767,2
2326,-119.88757942890443,-1.4153447987690475,18498,-118.09857507912784,0.7103841694799473,11
2327,-105.15089674597327,3.581519129316569,18504,-104.7190727296112,3.8815952186994593,7
2328,-58.886058296936234,1.111400992621351,18515,-66.8889597803445,2.169628081691683,14
2329,-106.06953660361306,2.8094156036719182,18517,-104.7190727296112,3.8815952186994593,7
2330,-50.76716880061815,-0.31925902812551105,18519,-49.93530245157272,-0.19848027172185767,2
2331,393.2653004739852,0.42033634407425574,18524,417.6915390220547,-4.11857226961515,29
2332,-151.32396184837913,6.598603971686047,18527,-152.23629829764135,4.213482038439798,37
2333,86.92614200618766,-19.72540243791155,18529,70.166569844569,-14.692630117552799,9
2334,-137.9795353183995,-0.7556797788810686,18534,-141.0346653257256,-1.1036168920026446,0
2335,-117.22924069178693,5.597697437717933,18537,-114.33047638704419,5.73481138949136,19
2336,256.1031519505203,-1.922773358320602,18551,227.03647807555316,-5.020718083634986,26
2337,-70.783258087487,-0.8295391865074264,18556,-66.8889597803445,2.169628081691683,14
2338,-136.97163985968817,-0.3710395989935102,18564,-134.89656831690453,-0.030690791204986433,34
2339,-87.49296665740007,-4.378713397494384,18568,-85.91178621041317,3.2728237667350073,24
2340,-90.07844035967533,2.7502655502279465,18578,-85.91178621041317,3.2728237667350073,24
2341,-71.80925884060964,-0.2752935658639318,18581,-66.8889597803445,2.169628081691683,14
2342,-30.716227902824464,-0.5888238827673765,18590,-29.714479793685786,-1.264748112657314,8
2343,136.88472529630238,-31.672704317237258,18606,110.19899446847099,-35.665903512662624,21
2344,-67.88378779151216,1.445287964435154,18607,-66.8889597803445,2.169628081691683,14
2345,-102.10466699538343,3.139461454992564,18612,-104.7190727296112,3.8815952186994593,7
2346,749.1644523031723,-28.890332122119627,18631,861.6475783799328,6.515082937232454,35
2347,-147.1716652439339,4.351421478639373,18638,-146.59606179012786,4.113086925586259,4
2348,-133.90703627516302,-1.233213884670123,18651,-134.89656831690453,-0.030690791204986433,34
2349,-72.93176201481117,2.913052232972151,18652,-66.8889597803445,2.169628081691683,14
2350,-95.51911282806543,-4.978348266306463,18660,-95.36861679384212,-10.95784818293233,28
2351,-119.01632759706065,0.40955589835068434,18673,-118.09857507912784,0.7103841694799473,11
2352,-137.15311648430017,3.0840568264761985,18678,-137.57400940459857,4.493303950559668,20
2353,358.48174116196003,-3.874639603664417,18685,302.44973475302317,-5.405747081354008,25
2354,-139.3502438408226,7.379390719969058,18695,-137.57400940459857,4.493303950559668,20
2355,269.4269410972618,-6.220298985377066,18699,302.44973475302317,-5.405747081354008,25
2356,148.54341594941607,2.3897941272275687,18703,135.4076551174278,-1.697351881935795,33
2357,-96.83061320594285,0.2862176947642929,18708,-96.6939343764425,2.7165835152131033,15
2358,-108.08886741231726,2.6756744220705033,18719,-104.7190727296112,3.8815952186994593,7
2359,-102.28870956741905,6.632177383218477,18733,-104.7190727296112,3.8815952186994593,7
2360,-73.10008866191808,3.539152693204283,18738,-66.8889597803445,2.169628081691683,14
2361,-134.18672836987125,4.878195107531156,18743,-132.1080396739421,5.887059356646324,17
2362,-62.01025639450935,4.289718272241547,18751,-66.8889597803445,2.169628081691683,14
2363,-71.69044997094124,-2.879097002815279,18754,-77.6204452281073,-4.536559244831727,5
2364,-101.79602383993836,-1.0624059352084259,18766,-104.7190727296112,3.8815952186994593,7
2365,-147.21797890792016,4.339738557575107,18774,-146.59606179012786,4.113086925586259,4
2366,-108.51106315915317,-20.61089723747832,18777,-115.69510858146283,-11.595084171039186,39
2367,77.93748735409406,-5.3857723881569886,18784,78.01149217232324,3.6022338347977136,6
2368,-45.78569804661214,1.2082949831208056,18786,-49.93530245157272,-0.19848027172185767,2
2369,61.92983017468345,8.72871970217003,18790,47.997068783449585,1.2679199422360634,13
2370,3.1771743434742725,-26.105983954917523,18797,28.39696760572947,-22.91072472808294,12
2371,-65.84391307979914,1.6155791212382775,18803,-66.8889597803445,2.169628081691683,14
2372,-101.08033817184095,2.109588136330637,18809,-104.7190727296112,3.8815952186994593,7
2373,138.3585897276132,5.2269900219908125,18813,135.4076551174278,-1.697351881935795,33
2374,-148.29586872285407,6.032295065985072,18822,-146.59606179012786,4.113086925586259,4
2375,-117.14340598560979,3.7166018947910273,18825,-118.09857507912784,0.7103841694799473,11
2376,-86.77216602295137,-1.8395349258051976,18834,-85.91178621041317,3.2728237667350073,24
2377,-30.78139008053275,1.3498826121005998,18845,-29.714479793685786,-1.264748112657314,8
2378,-95.97934377460389,2.554599915423132,18848,-96.6939343764425,2.7165835152131033,15
2379,-133.36615739241648,7.840039721002567,18849,-132.1080396739421,5.887059356646324,17
2380,-151.30229742799506,6.099061325431025,18860,-152.23629829764135,4.213482038439798,37
2381,-135.29483325829332,6.730659762407931,18870,-137.57400940459857,4.493303950559668,20
2382,-127.69319979329973,-2.7348954598647426,18873,-123.94204162798616,-1.5144507595891967,3
2383,-100.94960483629471,1.7963835782090072,18874,-104.7190727296112,3.8815952186994593,7
2384,-82.69673667599517,-1.883433774766968,18895,-77.6204452281073,-4.536559244831727,5
2385,-104.5507624304515,-5.460738805322341,18898,-109.71624596876933,-1.0040630408538558,16
2386,-77.62216929490191,-3.959336358814991,18906,-77.6204452281073,-4.536559244831727,5
2387,-118.23892815213974,-9.440468245589154,18917,-115.69510858146283,-11.595084171039186,39
2388,-131.1209335916922,2.4829943219464274,18921,-129.1025175244067,1.5488809909733745,1
2389,-110.16597033378379,4.8221480770840435,18928,-114.33047638704419,5.73481138949136,19
2390,-149.03307125847402,1.8036172112044615,18938,-148.09620948762597,-1.1157003398540595,36
2391,-126.73685602662555,-4.3167129864258085,18943,-123.94204162798616,-1.5144507595891967,3
2392,-125.25919819983159,5.635602986282403,18949,-123.80894152337959,5.566802721935252,23
2393,-129.37551754740653,8.084560857922511,18950,-132.1080396739421,5.887059356646324,17
2394,-49.031760434777524,3.4624041894915063,18953,-49.93530245157272,-0.19848027172185767,2
2395,88.65031650161004,-0.45683042560908266,18970,78.01149217232324,3.6022338347977136,6
2396,-0.3402135574271623,-4.217275774377229,18985,-6.878718007946434,-1.0926682779646681,10
2397,5.831568969937663,9.416320227119346,19000,18.937510567705566,1.034768221250525,27
2398,-145.1002859497481,2.826055751694239,19014,-146.59606179012786,4.113086925586259,4
2399,-43.62691100857712,-1.737034377420237,19015,-49.93530245157272,-0.19848027172185767,2
2400,-127.31344905617992,7.284075491544067,19023,-123.80894152337959,5.566802721935252,23
2401,-104.78144057094882,-1.9380193930369285,19025,-109.71624596876933,-1.0040630408538558,16
2402,-82.14340010357891,4.832828839958385,19036,-85.91178621041317,3.2728237667350073,24
2403,-68.23711487380119,8.141327906282458,19048,-66.8889597803445,2.169628081691683,14
2404,-95.20067932652319,5.873587674474261,19062,-96.6939343764425,2.7165835152131033,15
2405,-128.18620844836147,3.9636091940415206,19068,-129.1025175244067,1.5488809909733745,1
2406,-107.94179073579929,0.4876578730416613,19075,-109.71624596876933,-1.0040630408538558,16
2407,-69.45888978153256,-4.317062850564789,19108,-66.8889597803445,2.169628081691683,14
2408,-58.42976220381086,10.982924950420623,19136,-66.8889597803445,2.169628081691683,14
2409,-88.5913206002817,-4.826984243755203,19138,-85.91178621041317,3.2728237667350073,24
2410,894.5503949479915,-0.8199602473026466,19140,861.6475783799328,6.515082937232454,35
2411,100.8202803698105,-2.944851700136557,19141,104.96211155305676,-0.5414592591613776,31
2412,-67.16402644241823,-9.195967166416935,19147,-66.8889597803445,2.169628081691683,14
2413,16.50454587711298,-2.0672737918774757,19154,18.937510567705566,1.034768221250525,27
2414,-53.18793649531959,7.327038812263525,19160,-49.93530245157272,-0.19848027172185767,2
2415,-123.9591945859989,0.08765448075280294,19162,-123.94204162798616,-1.5144507595891967,3
2416,-132.09729328159645,2.472597990581855,19167,-129.1025175244067,1.5488809909733745,1
2417,-154.31966139519213,6.468883291033519,19170,-152.23629829764135,4.213482038439798,37
2418,-34.73901356880617,-13.868933602378682,19173,-29.714479793685786,-1.264748112657314,8
2419,139.10836413089424,-20.774535019490656,19175,135.4076551174278,-1.697351881935795,33
2420,-9.103437560688981,8.250613779317417,19188,-6.878718007946434,-1.0926682779646681,10
2421,-118.0834063513015,2.411045097527683,19190,-118.09857507912784,0.7103841694799473,11
2422,53.0394485690326,6.68356634261726,19198,47.997068783449585,1.2679199422360634,13
2423,-126.11224692143132,3.403200799731541,19214,-123.80894152337959,5.566802721935252,23
2424,74.88966285592576,10.344240534508433,19227,78.01149217232324,3.6022338347977136,6
2425,365.28209698693746,13.295710785541502,19230,417.6915390220547,-4.11857226961515,29
2426,-113.3618128117284,8.04130304898646,19236,-114.33047638704419,5.73481138949136,19
2427,-117.78220831010668,-1.6332550051692034,19250,-118.09857507912784,0.7103841694799473,11
2428,176.00407529161612,11.585864241560172,19251,172.66355239880147,-2.7112682595768685,38
2429,-109.3520544277221,7.9094313412577675,19255,-114.33047638704419,5.73481138949136,19
2430,-62.22407730670631,7.9534236748222575,19262,-66.8889597803445,2.169628081691683,14
2431,-125.11856079704029,4.051698097565349,19265,-123.80894152337959,5.566802721935252,23
2432,-134.1873264141878,4.921593315752776,19283,-132.1080396739421,5.887059356646324,17
2433,258.6988339627336,18.118968938301787,19287,227.03647807555316,-5.020718083634986,26
2434,-154.04131189619238,0.3483483732269694,19299,-152.23629829764135,4.213482038439798,37
2435,37.29062933861424,2.9742075854970524,19303,47.997068783449585,1.2679199422360634,13
2436,-140.60697469168414,-5.865435525145694,19308,-141.0346653257256,-1.1036168920026446,0
2437,-98.46520399663042,-5.693346739529884,19313,-95.36861679384212,-10.95784818293233,28
2438,13.048613966089604,-38.3663612776665,19335,28.39696760572947,-22.91072472808294,12
2439,-118.35162257695025,-8.50877662824953,19336,-115.69510858146283,-11.595084171039186,39
2440,-125.25169204496369,6.4863540715388055,19339,-123.80894152337959,5.566802721935252,23
2441,-61.850617234860344,0.292623324895241,19347,-66.8889597803445,2.169628081691683,14
2442,-136.0587323831344,2.5826283299670902,19365,-137.57400940459857,4.493303950559668,20
2443,-131.10056117878372,2.0375569382746557,19380,-129.1025175244067,1.5488809909733745,1
2444,79.8091552196485,10.133094347177218,19390,78.01149217232324,3.6022338347977136,6
2445,-85.07789021730919,3.866748460674567,19403,-85.91178621041317,3.2728237667350073,24
2446,-16.506962545599176,-2.8913234181610967,19423,-6.878718007946434,-1.0926682779646681,10
2447,347.3744635427635,11.987217899701053,19429,302.44973475302317,-5.405747081354008,25
2448,-136.3079351713541,-9.268508645586541,19451,-130.75996572568545,-6.6137591708523855,18
2449,231.61009715341785,-24.578400192053216,19455,227.03647807555316,-5.020718083634986,26
2450,-37.74761707269867,0.483467385774019,19461,-29.714479793685786,-1.264748112657314,8
2451,2.460932438370314,-0.8351540436533785,19463,-6.878718007946434,-1.0926682779646681,10
2452,-123.00695621763874,1.6603922704071818,19466,-123.94204162798616,-1.5144507595891967,3
2453,-131.00910956058507,1.5813725026973284,19477,-129.1025175244067,1.5488809909733745,1
2454,16.928409765414656,-7.234206333400813,19484,18.937510567705566,1.034768221250525,27
2455,-114.18969763822543,5.310248679338304,19491,-114.33047638704419,5.73481138949136,19
2456,-155.31386933451506,6.295525942388788,19495,-152.23629829764135,4.213482038439798,37
2457,492.95981364129256,-34.87361178818106,19500,417.6915390220547,-4.11857226961515,29
2458,-135.01733177618465,0.661816508370647,19508,-134.89656831690453,-0.030690791204986433,34
2459,-153.31868508337013,6.433628270009796,19519,-152.23629829764135,4.213482038439798,37
2460,-134.08545181534313,2.170067621267707,19529,-134.89656831690453,-0.030690791204986433,34
2461,-113.18727081242457,4.75221347663739,19545,-114.33047638704419,5.73481138949136,19
2462,-102.4122705530142,-6.404612818814986,19546,-95.36861679384212,-10.95784818293233,28
2463,14.62363615435523,-32.114311373099454,19559,28.39696760572947,-22.91072472808294,12
2464,-123.68302983841473,-18.135847838254563,19560,-115.69510858146283,-11.595084171039186,39
2465,-147.10957272566546,1.992878731553645,19567,-146.59606179012786,4.113086925586259,4
2466,-47.600397975821814,-1.3561902554090874,19571,-49.93530245157272,-0.19848027172185767,2
2467,18.40231421992352,-0.8218393880209951,19575,18.937510567705566,1.034768221250525,27
2468,80.90555894386239,-5.1519523002505885,19579,78.01149217232324,3.6022338347977136,6
2469,-148.11122994847855,1.9840038989285333,19583,-146.59606179012786,4.113086925586259,4
2470,-117.9885998655308,0.32187419938832823,19584,-118.09857507912784,0.7103841694799473,11
2471,-71.20601720983788,5.899025254254393,19589,-66.8889597803445,2.169628081691683,14
2472,33.43477495090103,-0.26356287247473525,19609,18.937510567705566,1.034768221250525,27
2473,-31.595877652708218,-0.6648687607809382,19610,-29.714479793685786,-1.264748112657314,8
2474,-88.62205174891221,-2.601055567612727,19623,-85.91178621041317,3.2728237667350073,24
2475,-96.89081199444992,0.07249857763223795,19628,-96.6939343764425,2.7165835152131033,15
2476,-95.0554922329965,2.1668845164258586,19634,-96.6939343764425,2.7165835152131033,15
2477,-118.98928476299614,0.8349612550229707,19636,-118.09857507912784,0.7103841694799473,11
2478,-88.66412381657985,-3.2192381127613547,19640,-85.91178621041317,3.2728237667350073,24
2479,-25.593138945820968,-0.6266666488235636,19653,-29.714479793685786,-1.264748112657314,8
2480,-146.079686041065,1.842009772648432,19721,-146.59606179012786,4.113086925586259,4
2481,-117.44647855390676,-6.419888584700352,19728,-115.69510858146283,-11.595084171039186,39
2482,374.81299469826627,6.427354667745336,19731,417.6915390220547,-4.11857226961515,29
2483,-57.244214273933444,7.461543145422094,19759,-49.93530245157272,-0.19848027172185767,2
2484,-64.69053332131267,-1.220128414499907,19775,-66.8889597803445,2.169628081691683,14
2485,-137.11315354286822,2.7195615376035116,19777,-137.57400940459857,4.493303950559668,20
2486,52.73715121408187,-32.41506665125787,19789,70.166569844569,-14.692630117552799,9
2487,-113.12737543062029,3.4439629342400706,19791,-114.33047638704419,5.73481138949136,19
2488,-12.540111881924327,-2.6074423715184034,19803,-6.878718007946434,-1.0926682779646681,10
2489,-131.2698574059684,5.749061742057179,19806,-132.1080396739421,5.887059356646324,17
2490,-152.86069701329103,-3.0718026861489003,19813,-148.09620948762597,-1.1157003398540595,36
2491,-58.55047007666983,-2.6526818782177988,19814,-49.93530245157272,-0.19848027172185767,2
2492,1156.3412859822472,11.23010736624594,19829,1342.5649032771717,32.04824045393157,32
2493,317.06778985087885,-13.820635339974556,19838,302.44973475302317,-5.405747081354008,25
2494,-8.070881280923595,6.018273676729234,19846,-6.878718007946434,-1.0926682779646681,10
2495,-13.04030376119068,5.792912214526319,19885,-6.878718007946434,-1.0926682779646681,10
2496,43.21275679708945,3.7468810332147946,19898,47.997068783449585,1.2679199422360634,13
2497,-59.76075109364477,-29.04497763796858,19899,-77.6204452281073,-4.536559244831727,5
2498,-106.6530377749051,-3.2566614270977716,19900,-109.71624596876933,-1.0040630408538558,16
2499,-127.31389880394713,7.295125524449879,19930,-123.80894152337959,5.566802721935252,23
2500,-134.16442166570653,4.927565976113421,19943,-132.1080396739421,5.887059356646324,17
2501,69.80642205365925,10.027611944847875,19950,78.01149217232324,3.6022338347977136,6
2502,395.3670300130528,13.474041841901565,19951,417.6915390220547,-4.11857226961515,29
2503,-44.86594537119571,1.4164493489010697,19955,-49.93530245157272,-0.19848027172185767,2
2504,-63.97672092286015,-11.705689231752043,19956,-66.8889597803445,2.169628081691683,14
2505,-90.36872802502218,-6.640143133486622,19960,-95.36861679384212,-10.95784818293233,28
2506,-127.02464220747935,0.958251988078164,19965,-129.1025175244067,1.5488809909733745,1
2507,-106.0507188645108,2.905782991666676,19970,-104.7190727296112,3.8815952186994593,7
2508,-34.97576628513883,4.009406133858803,19979,-29.714479793685786,-1.264748112657314,8
2509,-128.23003272740664,5.434304195202072,19981,-132.1080396739421,5.887059356646324,17
2510,-140.08069144668357,1.4646722399330598,19985,-141.0346653257256,-1.1036168920026446,0
2511,88.01787833926606,8.768683491558164,19998,78.01149217232324,3.6022338347977136,6
2512,361.5000444962896,-4.231289898390674,20017,417.6915390220547,-4.11857226961515,29
2513,-8.436936312883674,-2.750133437610444,20021,-6.878718007946434,-1.0926682779646681,10
2514,-135.1397321333146,3.8712068856707034,20040,-137.57400940459857,4.493303950559668,20
2515,-150.32734405801662,6.683319757624342,20042,-152.23629829764135,4.213482038439798,37
2516,-91.73564255896991,-1.6897628292685365,20058,-96.6939343764425,2.7165835152131033,15
2517,-123.14408919045235,3.636614235159243,20070,-123.80894152337959,5.566802721935252,23
2518,-107.19956035736755,5.125551002930794,20085,-104.7190727296112,3.8815952186994593,7
2519,-127.98843276626691,2.2053728912806845,20092,-129.1025175244067,1.5488809909733745,1
2520,-37.418108166240124,-4.155059554796446,20094,-29.714479793685786,-1.264748112657314,8
2521,-68.93721521240464,2.5931961362732814,20101,-66.8889597803445,2.169628081691683,14
2522,-147.58536833872927,-5.936344943252619,20121,-148.09620948762597,-1.1157003398540595,36
2523,222.52563787966386,-52.3280440897134,20130,227.03647807555316,-5.020718083634986,26
2524,-54.34679500003155,9.775690186818519,20134,-49.93530245157272,-0.19848027172185767,2
2525,-142.9417966336376,-0.08291660430627915,20135,-141.0346653257256,-1.1036168920026446,0
2526,34.1233774890866,5.039726050926443,20136,47.997068783449585,1.2679199422360634,13
2527,-93.51402467732595,-5.048068574620105,20140,-95.36861679384212,-10.95784818293233,28
2528,-95.89473172576122,0.19462834092539108,20143,-96.6939343764425,2.7165835152131033,15
2529,-1.9736820363090686,5.034023719218296,20146,-6.878718007946434,-1.0926682779646681,10
2530,-47.968543345606044,4.142717614242291,20149,-49.93530245157272,-0.19848027172185767,2
2531,-135.1863190464596,4.863816549080652,20154,-137.57400940459857,4.493303950559668,20
2532,-140.85327955048595,-0.9908312283177044,20167,-141.0346653257256,-1.1036168920026446,0
2533,-49.88231876068871,2.197114279733194,20176,-49.93530245157272,-0.19848027172185767,2
2534,-7.886546248530892,4.031170985004679,20178,-6.878718007946434,-1.0926682779646681,10
2535,270.701240878158,4.57761495427342,20184,302.44973475302317,-5.405747081354008,25
2536,34.02850852346036,-9.151478487022084,20189,28.39696760572947,-22.91072472808294,12
2537,-130.02188460218414,1.8721876960911423,20196,-129.1025175244067,1.5488809909733745,1
2538,-53.861329820204006,2.20639043593479,20214,-49.93530245157272,-0.19848027172185767,2
2539,63.7897931443066,11.824361379731792,20232,78.01149217232324,3.6022338347977136,6
2540,-137.87376940152544,-2.5201985016589883,20253,-141.0346653257256,-1.1036168920026446,0
2541,-119.01699158084807,2.4747734546947564,20254,-118.09857507912784,0.7103841694799473,11
2542,-145.3364818907888,6.954733062884897,20260,-146.59606179012786,4.113086925586259,4
2543,467.31739828797095,16.79483087504983,20263,417.6915390220547,-4.11857226961515,29
2544,-121.23756839271687,5.198434470339278,20270,-123.80894152337959,5.566802721935252,23
2545,-133.87016852311567,-1.525745744537032,20305,-134.89656831690453,-0.030690791204986433,34
2546,-50.96869347984816,4.094725171164599,20311,-49.93530245157272,-0.19848027172185767,2
2547,-77.64719736115455,-2.366996044263567,20331,-77.6204452281073,-4.536559244831727,5
2548,-129.0487764030712,0.933451818043627,20333,-129.1025175244067,1.5488809909733745,1
2549,328.97373745602454,-12.070651513229233,20335,302.44973475302317,-5.405747081354008,25
2550,-133.57105972740197,-5.001423056591357,20340,-130.75996572568545,-6.6137591708523855,18
2551,-81.35205442285235,8.908178609172548,20358,-85.91178621041317,3.2728237667350073,24
2552,-113.90605266066129,-0.40545582733927454,20372,-109.71624596876933,-1.0040630408538558,16
2553,-93.39430276788497,9.107974892119858,20378,-96.6939343764425,2.7165835152131033,15
2554,755.8102789578044,-9.365128805812658,20383,861.6475783799328,6.515082937232454,35
2555,-101.52467915389886,-4.4377171396388135,20388,-96.6939343764425,2.7165835152131033,15
2556,404.8024738434415,22.417796158000158,20395,417.6915390220547,-4.11857226961515,29
2557,-79.16773341906298,6.439674101766802,20401,-85.91178621041317,3.2728237667350073,24
2558,55.42925248280097,1.2666721497816158,20406,47.997068783449585,1.2679199422360634,13
2559,-39.465001489082084,-3.6732955857925615,20409,-29.714479793685786,-1.264748112657314,8
2560,151.9795681611959,-18.25249473138246,20430,135.4076551174278,-1.697351881935795,33
2561,-153.2458209853401,4.836210149875023,20443,-152.23629829764135,4.213482038439798,37
2562,-56.940746785563995,2.8517430547237548,20464,-49.93530245157272,-0.19848027172185767,2
2563,-145.4909143585667,-6.957313036184852,20471,-148.09620948762597,-1.1157003398540595,36
2564,661.6088430131593,4.591210836533116,20485,586.0312761189704,-1.722944617346204,30
2565,-108.22611455084879,6.718868474217819,20488,-104.7190727296112,3.8815952186994593,7
2566,-102.2959861996107,6.801384486310672,20499,-104.7190727296112,3.8815952186994593,7
2567,107.74212992886797,-1.6414435179302638,20512,104.96211155305676,-0.5414592591613776,31
2568,124.92700252332175,-18.583338998090028,20513,135.4076551174278,-1.697351881935795,33
2569,-44.787538812481415,0.222190487762872,20521,-49.93530245157272,-0.19848027172185767,2
2570,142.51201227596985,2.955013343074631,20528,135.4076551174278,-1.697351881935795,33
2571,40.91204989726008,-6.476355889216862,20533,47.997068783449585,1.2679199422360634,13
2572,-126.3105184695228,6.722158546643733,20538,-123.80894152337959,5.566802721935252,23
2573,-98.79611863695317,0.02631201927145529,20543,-96.6939343764425,2.7165835152131033,15
2574,232.91115458080154,-14.372376388551903,20547,227.03647807555316,-5.020718083634986,26
2575,312.39150016205843,-4.218723929531114,20548,302.44973475302317,-5.405747081354008,25
2576,-148.29167574425063,5.931049170879504,20549,-146.59606179012786,4.113086925586259,4
2577,62.66334485839909,-1.7032764886173413,20557,47.997068783449585,1.2679199422360634,13
2578,-148.20170431105547,4.48867581956797,20559,-146.59606179012786,4.113086925586259,4
2579,36.64999370468422,-2.8566400144142734,20572,47.997068783449585,1.2679199422360634,13
2580,-137.86882330558524,-1.0986556624208912,20581,-134.89656831690453,-0.030690791204986433,34
2581,-134.92945583696934,0.7815751311326303,20585,-134.89656831690453,-0.030690791204986433,34
2582,-37.352223858543795,-5.097838612951219,20590,-29.714479793685786,-1.264748112657314,8
2583,-131.0012755625079,1.4064164743944663,20602,-129.1025175244067,1.5488809909733745,1
2584,43.21344802171614,-10.996528823302686,20617,47.997068783449585,1.2679199422360634,13
2585,-113.41517732380544,9.253459903844945,20621,-114.33047638704419,5.73481138949136,19
2586,-144.07409469461433,1.7631174313174691,20638,-146.59606179012786,4.113086925586259,4
2587,-77.85654119484201,-0.34432421885411163,20642,-77.6204452281073,-4.536559244831727,5
2588,60.36291488645721,-12.955799941693035,20645,70.166569844569,-14.692630117552799,9
2589,-72.21457437188852,-8.172789583640517,20650,-77.6204452281073,-4.536559244831727,5
2590,-107.13609756557966,3.732684225686644,20654,-104.7190727296112,3.8815952186994593,7
2591,-132.20444440839466,4.305466389200078,20684,-132.1080396739421,5.887059356646324,17
2592,-121.27099828623675,6.459616729258918,20698,-123.80894152337959,5.566802721935252,23
2593,137.1825111832163,-7.195894842060285,20712,135.4076551174278,-1.697351881935795,33
2594,-101.90240534363237,-0.2704521056793079,20717,-104.7190727296112,3.8815952186994593,7
2595,-55.998623711167276,3.6283291807562397,20719,-49.93530245157272,-0.19848027172185767,2
2596,-75.7991659596833,-0.5560265295362639,20722,-77.6204452281073,-4.536559244831727,5
2597,-119.25256164329755,6.585493550668509,20725,-123.80894152337959,5.566802721935252,23
2598,-82.57368173963829,-3.557978464513737,20735,-77.6204452281073,-4.536559244831727,5
2599,-97.95655430110195,1.4927475625569366,20738,-96.6939343764425,2.7165835152131033,15
2600,-116.22863201287392,6.110393944045953,20752,-114.33047638704419,5.73481138949136,19
2601,161.49971971227578,-10.65986805261346,20755,172.66355239880147,-2.7112682595768685,38
2602,-25.97123718676176,-24.894360545985215,20758,-29.714479793685786,-1.264748112657314,8
2603,12.67931818555431,-18.64158312949069,20759,28.39696760572947,-22.91072472808294,12
2604,427.0857885354865,3.899447995310402,20763,417.6915390220547,-4.11857226961515,29
2605,-138.76858851761148,-3.320024488954117,20765,-141.0346653257256,-1.1036168920026446,0
2606,640.9303204068426,28.191882404649824,20766,586.0312761189704,-1.722944617346204,30
2607,-68.7415740870615,-0.6682041694222117,20767,-66.8889597803445,2.169628081691683,14
2608,-71.23090279377729,6.404510500598698,20775,-66.8889597803445,2.169628081691683,14
2609,-124.15449616912092,4.3664955798647025,20782,-123.80894152337959,5.566802721935252,23
2610,-140.1459669587732,3.4148493137888303,20784,-142.14616351708418,5.245197398204194,22
2611,-147.99546368371503,0.48047965114661173,20788,-148.09620948762597,-1.1157003398540595,36
2612,-4.3806759641465485,-4.419222247098065,20801,-6.878718007946434,-1.0926682779646681,10
2613,558.3307374848066,-23.575390187610484,20809,586.0312761189704,-1.722944617346204,30
2614,-108.93812589393488,0.3756386824852711,20832,-109.71624596876933,-1.0040630408538558,16
2615,122.24721998267745,5.87161635171989,20838,135.4076551174278,-1.697351881935795,33
2616,-36.63238227007703,-1.4952030079792105,20839,-29.714479793685786,-1.264748112657314,8
2617,-147.12402449192976,3.8226511113623007,20841,-146.59606179012786,4.113086925586259,4
2618,-64.27382674763615,7.998446690923649,20847,-66.8889597803445,2.169628081691683,14
2619,-129.82746710688215,-1.3574182722991996,20848,-129.1025175244067,1.5488809909733745,1
2620,-43.97454966993498,2.7921544815418162,20855,-49.93530245157272,-0.19848027172185767,2
2621,-120.02273728377135,1.5513733143063098,20862,-118.09857507912784,0.7103841694799473,11
2622,132.63479429526802,-14.106982548148398,20863,135.4076551174278,-1.697351881935795,33
2623,-102.84316616139783,-0.054127711445345415,20868,-104.7190727296112,3.8815952186994593,7
2624,-112.57445488988922,-5.594037357331076,20870,-109.71624596876933,-1.0040630408538558,16
2625,49.8610949885624,9.001000812638878,20872,47.997068783449585,1.2679199422360634,13
2626,606.3876145434791,5.9445250591989245,20891,586.0312761189704,-1.722944617346204,30
2627,-41.32175326197166,8.893087095972556,20901,-49.93530245157272,-0.19848027172185767,2
2628,-59.11303639407119,5.584807975997288,20902,-66.8889597803445,2.169628081691683,14
2629,-135.10785965553205,3.6730657513760763,20912,-137.57400940459857,4.493303950559668,20
2630,373.1050784804004,2.0622952624708297,20922,417.6915390220547,-4.11857226961515,29
2631,-70.09460091816878,-10.777586985270835,20936,-77.6204452281073,-4.536559244831727,5
2632,8.18438936850081,-11.454263602319603,20940,18.937510567705566,1.034768221250525,27
2633,-138.9887213169645,-0.5515844401101451,20946,-141.0346653257256,-1.1036168920026446,0
2634,-115.07497819468774,3.2811326319640868,20953,-114.33047638704419,5.73481138949136,19
2635,-38.84865439717837,1.146297330440053,20957,-29.714479793685786,-1.264748112657314,8
2636,-105.29863293835348,7.8395162144930515,20960,-104.7190727296112,3.8815952186994593,7
2637,899.019598671146,-21.65214445181096,20965,861.6475783799328,6.515082937232454,35
2638,-64.24631038683201,7.886374149116766,20975,-66.8889597803445,2.169628081691683,14
2639,-74.37746360308142,-7.217253114465557,20977,-77.6204452281073,-4.536559244831727,5
2640,-145.08046893344502,1.3651462857723247,20987,-146.59606179012786,4.113086925586259,4
2641,-76.92145778055564,2.1044587943687034,20991,-77.6204452281073,-4.536559244831727,5
2642,900.7485713774226,-17.744766187845308,21008,861.6475783799328,6.515082937232454,35
2643,-50.800761135242126,0.9321407910723927,21009,-49.93530245157272,-0.19848027172185767,2
2644,760.6615358163255,7.155589201984889,21024,861.6475783799328,6.515082937232454,35
2645,119.01797868757205,-5.957513400944191,21029,104.96211155305676,-0.5414592591613776,31
2646,-138.15851774562964,3.7092489974470695,21035,-137.57400940459857,4.493303950559668,20
2647,-136.01173896242443,1.042754795924659,21036,-134.89656831690453,-0.030690791204986433,34
2648,-13.090537460523624,-23.08313334394917,21040,-6.878718007946434,-1.0926682779646681,10
2649,-92.00658076663194,2.1827711944633377,21048,-96.6939343764425,2.7165835152131033,15
2650,-109.69608132159381,-2.856909269380372,21049,-109.71624596876933,-1.0040630408538558,16
2651,-129.37445233241473,8.065300165823265,21054,-132.1080396739421,5.887059356646324,17
2652,-95.75447986408953,-1.8722498730114097,21055,-96.6939343764425,2.7165835152131033,15
2653,-144.98581755263413,-0.727608275047202,21056,-148.09620948762597,-1.1157003398540595,36
2654,-117.00689598241048,1.2410291620599827,21069,-118.09857507912784,0.7103841694799473,11
2655,-82.11325058644567,4.165489114974077,21082,-85.91178621041317,3.2728237667350073,24
2656,-71.98946888819533,2.146368867286456,21085,-66.8889597803445,2.169628081691683,14
2657,235.73357171152887,17.998460743037818,21099,227.03647807555316,-5.020718083634986,26
2658,17.535786692373954,-2.2226221608802903,21105,18.937510567705566,1.034768221250525,27
2659,-105.26246056190595,-8.205634403493788,21107,-109.71624596876933,-1.0040630408538558,16
2660,-101.23133586720226,-9.324003202480604,21128,-95.36861679384212,-10.95784818293233,28
2661,-137.9100095965832,0.3130736656409016,21129,-134.89656831690453,-0.030690791204986433,34
2662,187.57381872526244,-11.333604949611582,21134,172.66355239880147,-2.7112682595768685,38
2663,25.81731601190754,10.072127299351221,21146,18.937510567705566,1.034768221250525,27
2664,30.025010559160943,-9.144451118066295,21154,28.39696760572947,-22.91072472808294,12
2665,42.13269025116725,-9.756776397359143,21160,47.997068783449585,1.2679199422360634,13
2666,-103.28726044429644,7.143396840089869,21162,-104.7190727296112,3.8815952186994593,7
2667,523.6150861807607,-28.862261123975856,21171,586.0312761189704,-1.722944617346204,30
2668,-128.19631140006436,4.681002402097125,21175,-129.1025175244067,1.5488809909733745,1
2669,-107.29701803998252,6.7150214461161655,21184,-104.7190727296112,3.8815952186994593,7
2670,-148.02281352497135,0.5666707449235258,21200,-148.09620948762597,-1.1157003398540595,36
2671,257.814894283137,2.3731724779337426,21203,227.03647807555316,-5.020718083634986,26
2672,-122.15507383283837,3.891571438210991,21206,-123.80894152337959,5.566802721935252,23
2673,-49.186985485482566,7.3598399387200795,21211,-49.93530245157272,-0.19848027172185767,2
2674,-125.9193144545564,-0.8004345147444655,21218,-123.94204162798616,-1.5144507595891967,3
2675,81.16852437249997,-8.874991970558414,21228,70.166569844569,-14.692630117552799,9
2676,-139.19347896168512,4.4544928941561475,21229,-137.57400940459857,4.493303950559668,20
2677,-134.23362240574176,5.425407399148425,21238,-132.1080396739421,5.887059356646324,17
2678,-75.34030229810627,8.749515187866484,21242,-66.8889597803445,2.169628081691683,14
2679,-76.82355292686618,-0.5352458351970419,21245,-77.6204452281073,-4.536559244831727,5
2680,152.291730595252,5.906266166663092,21247,135.4076551174278,-1.697351881935795,33
2681,12.888265301202997,-7.981609533939161,21269,18.937510567705566,1.034768221250525,27
2682,-97.94386555458075,0.18545198339642746,21271,-96.6939343764425,2.7165835152131033,15
2683,455.06236401544544,-51.966948729502974,21283,417.6915390220547,-4.11857226961515,29
2684,161.28225549943832,-22.172955353583035,21285,172.66355239880147,-2.7112682595768685,38
2685,-152.24823893583422,4.910957223249021,21296,-152.23629829764135,4.213482038439798,37
2686,-137.2902166621941,6.610751095559363,21309,-137.57400940459857,4.493303950559668,20
2687,297.467708465455,9.111157970024232,21311,302.44973475302317,-5.405747081354008,25
2688,-36.689996955110516,0.2948998787645807,21325,-29.714479793685786,-1.264748112657314,8
2689,-47.04049957317957,5.228035344222731,21328,-49.93530245157272,-0.19848027172185767,2
2690,-109.93599978881915,0.8455702879173262,21329,-109.71624596876933,-1.0040630408538558,16
2691,-95.82668242253365,0.22618727258335725,21336,-96.6939343764425,2.7165835152131033,15
2692,132.31880794441298,-9.244591482007461,21340,135.4076551174278,-1.697351881935795,33
2693,268.10404303470824,-15.959869897751737,21347,302.44973475302317,-5.405747081354008,25
2694,-141.34728166901394,7.286700144315436,21408,-142.14616351708418,5.245197398204194,22
2695,-110.06476615617201,1.6202208517034165,21409,-109.71624596876933,-1.0040630408538558,16
2696,-72.73908363529605,-16.044912025391678,21412,-77.6204452281073,-4.536559244831727,5
2697,-7.1011036106164225,7.230800165551544,21417,-6.878718007946434,-1.0926682779646681,10
2698,-101.16944675893487,-9.66031002598071,21419,-95.36861679384212,-10.95784818293233,28
2699,-104.4079460599456,9.209811647966328,21428,-104.7190727296112,3.8815952186994593,7
2700,-116.31381131797257,6.959969710663964,21432,-114.33047638704419,5.73481138949136,19
2701,5.3831842138579225,-0.11572723699134402,21439,-6.878718007946434,-1.0926682779646681,10
2702,56.99172734864886,-7.4430747862224695,21441,47.997068783449585,1.2679199422360634,13
2703,459.24476777519055,3.0140723821407454,21451,417.6915390220547,-4.11857226961515,29
2704,38.15584392602263,-10.331553560714125,21456,47.997068783449585,1.2679199422360634,13
2705,-64.263281052159,7.74502106364369,21461,-66.8889597803445,2.169628081691683,14
2706,-71.11874626995478,4.476609678290229,21467,-66.8889597803445,2.169628081691683,14
2707,-44.61479225922589,-16.23493952447618,21470,-49.93530245157272,-0.19848027172185767,2
2708,-26.326429246504023,10.801242350108078,21473,-29.714479793685786,-1.264748112657314,8
2709,-146.00721235707903,0.7486041144454476,21479,-148.09620948762597,-1.1157003398540595,36
2710,-131.25661616704437,5.441970145087728,21495,-132.1080396739421,5.887059356646324,17
2711,-124.1940871658914,5.217918792322755,21499,-123.80894152337959,5.566802721935252,23
2712,-45.06788083251258,5.34056906078717,21515,-49.93530245157272,-0.19848027172185767,2
2713,598.7445808791083,0.5685091806179956,21516,586.0312761189704,-1.722944617346204,30
2714,-127.31322601526556,6.772427155719346,21520,-123.80894152337959,5.566802721935252,23
2715,-113.41072096323703,9.12746288798819,21563,-114.33047638704419,5.73481138949136,19
2716,-65.38807336200975,10.47520621829607,21564,-66.8889597803445,2.169628081691683,14
2717,-93.69629763465075,-16.82721944820041,21570,-95.36861679384212,-10.95784818293233,28
2718,424.83586080243595,-21.14401645278228,21582,417.6915390220547,-4.11857226961515,29
2719,-111.87465844725372,-1.0582432523291292,21599,-109.71624596876933,-1.0040630408538558,16
2720,-107.5913936635004,-4.0973731275740075,21603,-109.71624596876933,-1.0040630408538558,16
2721,-131.1667600597061,3.480466798654022,21606,-132.1080396739421,5.887059356646324,17
2722,-14.541148440141276,-2.610637946907034,21609,-6.878718007946434,-1.0926682779646681,10
2723,-56.895146833691975,2.3739706178476907,21610,-49.93530245157272,-0.19848027172185767,2
2724,-53.895635345605314,2.4353216043870596,21614,-49.93530245157272,-0.19848027172185767,2
2725,9.165500292849426,3.195174296883827,21622,18.937510567705566,1.034768221250525,27
2726,-92.73779279438136,-16.399403847127882,21627,-95.36861679384212,-10.95784818293233,28
2727,-53.07922613090046,-38.741491500970845,21633,-49.93530245157272,-0.19848027172185767,2
2728,327.34713359257444,-2.993402987254728,21660,302.44973475302317,-5.405747081354008,25
2729,-120.96046302593697,-0.3582034237100777,21677,-118.09857507912784,0.7103841694799473,11
2730,-83.33870844591753,8.07794976631904,21678,-85.91178621041317,3.2728237667350073,24
2731,-104.01301892641304,1.0928627778311948,21680,-104.7190727296112,3.8815952186994593,7
2732,-152.01139382114678,0.7567114169406952,21688,-152.23629829764135,4.213482038439798,37
2733,-88.1005346331093,5.3384502886087155,21689,-85.91178621041317,3.2728237667350073,24
2734,110.4532543145765,3.199691371775636,21703,104.96211155305676,-0.5414592591613776,31
2735,-103.85628603535635,0.2277223136819609,21736,-104.7190727296112,3.8815952186994593,7
2736,-135.99727111060076,0.20174069971551875,21751,-134.89656831690453,-0.030690791204986433,34
2737,13.478276592608236,-15.741523317250698,21757,28.39696760572947,-22.91072472808294,12
2738,-56.59447933572344,-2.1503885582721822,21765,-49.93530245157272,-0.19848027172185767,2
2739,-148.10880913755955,2.443655769805911,21768,-146.59606179012786,4.113086925586259,4
2740,34.646086544072546,-2.8077450887708983,21776,47.997068783449585,1.2679199422360634,13
2741,650.9811256741075,-1.174624886068216,21782,586.0312761189704,-1.722944617346204,30
2742,437.7702278805396,8.94273939122843,21791,417.6915390220547,-4.11857226961515,29
2743,-143.30923249507103,6.405329191014989,21794,-142.14616351708418,5.245197398204194,22
2744,28.552632131883612,-1.8933916437499214,21823,18.937510567705566,1.034768221250525,27
2745,-119.60747078201985,-4.4711442811809405,21826,-123.94204162798616,-1.5144507595891967,3
2746,-141.34545755405068,7.228640965244018,21834,-142.14616351708418,5.245197398204194,22
2747,-100.72739140066795,-2.0287449244717335,21838,-96.6939343764425,2.7165835152131033,15
2748,-67.17425304279408,4.73218774230639,21841,-66.8889597803445,2.169628081691683,14
2749,-100.52780472559631,-4.347744849257334,21848,-96.6939343764425,2.7165835152131033,15
2750,-136.0078726205646,-0.08820520023497094,21850,-134.89656831690453,-0.030690791204986433,34
2751,49.049240000872736,-7.806976552600149,21874,47.997068783449585,1.2679199422360634,13
2752,-69.91272797403985,1.5319988650103704,21878,-66.8889597803445,2.169628081691683,14
2753,331.4177304693523,10.783444496031358,21886,302.44973475302317,-5.405747081354008,25
2754,228.95001162278467,-29.508612492373146,21887,227.03647807555316,-5.020718083634986,26
2755,-126.8243355401396,-1.8987968396194517,21897,-123.94204162798616,-1.5144507595891967,3
2756,240.55399628261887,-8.984097489798378,21911,227.03647807555316,-5.020718083634986,26
2757,6.326318044145833,-13.575163677030975,21915,-6.878718007946434,-1.0926682779646681,10
2758,5.950591273385475,-8.413097534783658,21923,-6.878718007946434,-1.0926682779646681,10
2759,129.93354640768328,10.304149979014213,21928,135.4076551174278,-1.697351881935795,33
2760,-130.28430555955177,6.581889737455909,21930,-132.1080396739421,5.887059356646324,17
2761,-93.39458877616852,9.643414957556006,21934,-96.6939343764425,2.7165835152131033,15
2762,984.3818541071199,33.31539864869249,21944,861.6475783799328,6.515082937232454,35
2763,4.4611075367501805,-1.3154760087438317,21948,-6.878718007946434,-1.0926682779646681,10
2764,108.15098679726141,-7.519243297891552,21949,104.96211155305676,-0.5414592591613776,31
2765,54.02666643658558,7.5090328258219445,21954,47.997068783449585,1.2679199422360634,13
2766,0.47681376253197333,-1.7347568373011082,21957,-6.878718007946434,-1.0926682779646681,10
2767,82.36055382141085,3.2203119698713314,21966,78.01149217232324,3.6022338347977136,6
2768,-17.226152808919842,-6.48716583935875,21970,-6.878718007946434,-1.0926682779646681,10
2769,-127.93184563571288,-1.090541688620751,21972,-129.1025175244067,1.5488809909733745,1
2770,86.5811806541841,-0.5169135430814482,21974,78.01149217232324,3.6022338347977136,6
2771,-43.01146142674211,3.113105542281816,21981,-49.93530245157272,-0.19848027172185767,2
2772,-129.3791852631198,-7.573628221227744,22013,-130.75996572568545,-6.6137591708523855,18
2773,-108.57883396627693,-4.392533793854834,22019,-109.71624596876933,-1.0040630408538558,16
2774,3.4639360233069008,-0.8825096457016393,22021,-6.878718007946434,-1.0926682779646681,10
2775,-142.16592437123947,3.2912638484817087,22026,-142.14616351708418,5.245197398204194,22
2776,362.4425203695485,-46.09788128565678,22031,417.6915390220547,-4.11857226961515,29
2777,-55.61009685741679,-1.2820137973052024,22034,-49.93530245157272,-0.19848027172185767,2
2778,583.6028883536319,-12.346844845891432,22035,586.0312761189704,-1.722944617346204,30
2779,-154.0249707043315,0.4977349139654875,22041,-152.23629829764135,4.213482038439798,37
2780,-52.19145661681575,6.899153322192884,22050,-49.93530245157272,-0.19848027172185767,2
2781,-75.88474694842834,0.30587588009384564,22060,-77.6204452281073,-4.536559244831727,5
2782,-141.87195770978587,-0.07423502324051437,22061,-141.0346653257256,-1.1036168920026446,0
2783,17.155988460436358,-10.679985514443745,22069,18.937510567705566,1.034768221250525,27
2784,-32.57260592005171,-16.451104334505835,22078,-29.714479793685786,-1.264748112657314,8
2785,141.86377316494256,12.536315951297547,22080,135.4076551174278,-1.697351881935795,33
2786,-68.61676061274733,-1.3572673938707882,22091,-66.8889597803445,2.169628081691683,14
2787,-136.1626347565753,3.320350057240235,22110,-137.57400940459857,4.493303950559668,20
2788,-135.25812484866117,5.420937461689627,22147,-137.57400940459857,4.493303950559668,20
2789,-48.103623994857465,5.039758214785983,22148,-49.93530245157272,-0.19848027172185767,2
2790,-36.80946568570881,1.3629581257723145,22158,-29.714479793685786,-1.264748112657314,8
2791,-6.946363393220571,4.856464913074644,22163,-6.878718007946434,-1.0926682779646681,10
2792,-106.94041604696658,0.4599983045113749,22165,-109.71624596876933,-1.0040630408538558,16
2793,-152.00370228016985,0.5929179520944897,22183,-152.23629829764135,4.213482038439798,37
2794,-131.18389008574283,3.868341147301484,22186,-132.1080396739421,5.887059356646324,17
2795,-152.22587875497487,4.931390253718972,22189,-152.23629829764135,4.213482038439798,37
2796,-56.874078348535456,0.888045455374213,22190,-49.93530245157272,-0.19848027172185767,2
2797,-102.47302703425406,-6.099945217458094,22200,-95.36861679384212,-10.95784818293233,28
2798,-139.3506504731269,7.372905180446407,22201,-137.57400940459857,4.493303950559668,20
2799,-149.92391022727452,-2.1448280317719517,22219,-148.09620948762597,-1.1157003398540595,36
2800,-13.9319528197451,3.8882126925800207,22237,-6.878718007946434,-1.0926682779646681,10
2801,-55.69987555874364,-0.34913106574385866,22239,-49.93530245157272,-0.19848027172185767,2
2802,-96.71262022416718,-2.8068191751620177,22241,-96.6939343764425,2.7165835152131033,15
2803,11.131646568229895,3.968220563845061,22244,18.937510567705566,1.034768221250525,27
2804,-107.171365177778,5.018100519614955,22245,-104.7190727296112,3.8815952186994593,7
2805,-27.52671591459812,-2.1207162333544254,22254,-29.714479793685786,-1.264748112657314,8
2806,306.39503536067787,-61.7641742673245,22274,302.44973475302317,-5.405747081354008,25
2807,83.5613394618394,0.3944685281004248,22280,78.01149217232324,3.6022338347977136,6
2808,-138.9706743366233,-0.4425789475223255,22289,-141.0346653257256,-1.1036168920026446,0
2809,184.30695832333114,-7.5844272153599706,22294,172.66355239880147,-2.7112682595768685,38
2810,-135.9800237072767,-0.6924911146633291,22298,-134.89656831690453,-0.030690791204986433,34
2811,-117.31256193071391,6.92761362139717,22300,-114.33047638704419,5.73481138949136,19
2812,-135.02125649044333,1.777625938301977,22303,-134.89656831690453,-0.030690791204986433,34
2813,-29.724551757072767,-14.6122959816644,22309,-29.714479793685786,-1.264748112657314,8
2814,-34.331170921327356,10.261319007465422,22316,-29.714479793685786,-1.264748112657314,8
2815,80.29514454256065,4.103623460723044,22329,78.01149217232324,3.6022338347977136,6
2816,-129.03732528064234,2.2217222678800113,22330,-129.1025175244067,1.5488809909733745,1
2817,-28.14380887749268,-8.47737892744034,22332,-29.714479793685786,-1.264748112657314,8
2818,-39.45226680503831,-3.9595777228600926,22350,-29.714479793685786,-1.264748112657314,8
2819,-129.03291709126407,2.140415078984825,22361,-129.1025175244067,1.5488809909733745,1
2820,-102.53183131199401,-19.039561290473166,22362,-95.36861679384212,-10.95784818293233,28
2821,160.87207383851683,12.167821268973059,22369,172.66355239880147,-2.7112682595768685,38
2822,-110.80301301765581,-1.0622790511339446,22371,-109.71624596876933,-1.0040630408538558,16
2823,-55.53510566960805,-2.9251621858957897,22374,-49.93530245157272,-0.19848027172185767,2
2824,581.1689179185247,8.270035296989741,22377,586.0312761189704,-1.722944617346204,30
2825,-123.95248285625496,0.9427293932751165,22380,-123.94204162798616,-1.5144507595891967,3
2826,12.518523443147606,-16.13965763898236,22412,28.39696760572947,-22.91072472808294,12
2827,-149.11420806170747,3.041041588076189,22415,-146.59606179012786,4.113086925586259,4
2828,-64.22000265061216,-7.410007916398474,22418,-66.8889597803445,2.169628081691683,14
2829,-115.33943277202353,8.03425479244417,22424,-114.33047638704419,5.73481138949136,19
2830,933.2625312917235,4.591641605038626,22428,861.6475783799328,6.515082937232454,35
2831,4.099102790885797,4.057137634513918,22429,-6.878718007946434,-1.0926682779646681,10
2832,-141.06346655973456,1.0595601746482886,22444,-141.0346653257256,-1.1036168920026446,0
2833,157.4653043619663,-10.488920507623885,22445,172.66355239880147,-2.7112682595768685,38
2834,-86.17152226979982,4.857961008013097,22453,-85.91178621041317,3.2728237667350073,24
2835,-127.22030781868568,4.741899053663023,22460,-123.80894152337959,5.566802721935252,23
2836,7.692121506202945,10.461260871144194,22462,18.937510567705566,1.034768221250525,27
2837,-110.32374434498759,7.277010281689092,22479,-114.33047638704419,5.73481138949136,19
2838,-65.71864954334401,-2.1518855279628726,22481,-66.8889597803445,2.169628081691683,14
2839,164.42526283000964,4.721935255355607,22484,172.66355239880147,-2.7112682595768685,38
2840,135.0307983409371,-4.929509667626292,22486,135.4076551174278,-1.697351881935795,33
2841,716.0288916622707,0.40829871932569684,22498,586.0312761189704,-1.722944617346204,30
2842,-141.34567267450632,7.222376207132211,22512,-142.14616351708418,5.245197398204194,22
2843,-69.69045090208682,-2.3287730542994067,22523,-66.8889597803445,2.169628081691683,14
2844,41.82694862058395,-19.84138662570847,22528,28.39696760572947,-22.91072472808294,12
2845,-20.33539684110484,-19.379638129979895,22532,-29.714479793685786,-1.264748112657314,8
2846,227.682335217047,3.243746234106336,22542,227.03647807555316,-5.020718083634986,26
2847,-136.9804028201559,0.33170309406062093,22561,-134.89656831690453,-0.030690791204986433,34
2848,-62.18856017180132,5.123072282766586,22563,-66.8889597803445,2.169628081691683,14
2849,-99.95842567847679,0.9912387813887499,22565,-96.6939343764425,2.7165835152131033,15
2850,-76.06493208827071,-11.011409238976873,22571,-77.6204452281073,-4.536559244831727,5
2851,-3.8408427878836466,3.1131531964689017,22573,-6.878718007946434,-1.0926682779646681,10
2852,-66.7504562783035,-0.45042899759674876,22575,-66.8889597803445,2.169628081691683,14
2853,-44.881018843653756,2.2916829127203475,22590,-49.93530245157272,-0.19848027172185767,2
2854,417.7095817310663,24.14907138465713,22593,417.6915390220547,-4.11857226961515,29
2855,-132.64914122983922,-4.300461150356722,22595,-130.75996572568545,-6.6137591708523855,18
2856,895.6783500284829,-2.588174222138339,22599,861.6475783799328,6.515082937232454,35
2857,51.899775455796615,-34.96968330354881,22603,28.39696760572947,-22.91072472808294,12
2858,-108.1293710567457,5.115775260985627,22608,-104.7190727296112,3.8815952186994593,7
2859,425.95116471938485,-8.409598524157463,22619,417.6915390220547,-4.11857226961515,29
2860,519.3881270579576,2.92413583663136,22626,586.0312761189704,-1.722944617346204,30
2861,139.0287123629832,9.91312032380197,22640,135.4076551174278,-1.697351881935795,33
2862,207.32366037084356,7.674674635074274,22647,227.03647807555316,-5.020718083634986,26
2863,366.936557531493,18.83784447254697,22654,417.6915390220547,-4.11857226961515,29
2864,-142.9530636678922,-0.8841715524684204,22659,-141.0346653257256,-1.1036168920026446,0
2865,-67.79206288666224,0.46060392465681915,22660,-66.8889597803445,2.169628081691683,14
2866,71.06425367129529,7.47681211681588,22671,78.01149217232324,3.6022338347977136,6
2867,-123.07358920348493,3.112705745751047,22691,-123.80894152337959,5.566802721935252,23
2868,-74.7332307517401,-1.9731463727717096,22697,-77.6204452281073,-4.536559244831727,5
2869,-119.27074631009077,5.958482989828908,22718,-123.80894152337959,5.566802721935252,23
2870,-74.00405420286623,-11.272460271096381,22728,-77.6204452281073,-4.536559244831727,5
2871,-144.09417536710492,2.6920950631108544,22737,-146.59606179012786,4.113086925586259,4
2872,-29.111518789605718,6.029486997176983,22743,-29.714479793685786,-1.264748112657314,8
2873,-26.24580814663675,8.022541558824122,22749,-29.714479793685786,-1.264748112657314,8
2874,-143.79268162508697,-3.3669293269335268,22755,-141.0346653257256,-1.1036168920026446,0
2875,30.84297055672581,-20.382110331121854,22760,28.39696760572947,-22.91072472808294,12
2876,-138.9918873026121,-0.46928556643555785,22770,-141.0346653257256,-1.1036168920026446,0
2877,-144.2483614995705,5.569389423377493,22772,-142.14616351708418,5.245197398204194,22
2878,-120.14624776118389,3.230087744847237,22779,-118.09857507912784,0.7103841694799473,11
2879,223.2808323328251,9.393016466606873,22781,227.03647807555316,-5.020718083634986,26
2880,-47.75473031253725,0.9817651311367831,22786,-49.93530245157272,-0.19848027172185767,2
2881,672.8282273647924,16.237717619835305,22795,586.0312761189704,-1.722944617346204,30
2882,-113.80570727597294,-0.5389542985969851,22808,-109.71624596876933,-1.0040630408538558,16
2883,-85.19676381597584,6.465886439215852,22814,-85.91178621041317,3.2728237667350073,24
2884,297.5386737066031,-49.81147334136475,22824,302.44973475302317,-5.405747081354008,25
2885,-80.84344801079284,-0.6991797622285377,22838,-77.6204452281073,-4.536559244831727,5
2886,-134.18886937786323,4.946135037942983,22839,-132.1080396739421,5.887059356646324,17
2887,-137.11586649332853,2.2880090748053314,22844,-137.57400940459857,4.493303950559668,20
2888,-111.17990753774862,5.134904859209995,22849,-114.33047638704419,5.73481138949136,19
2889,-110.41729756663385,9.32958278434798,22864,-114.33047638704419,5.73481138949136,19
2890,-0.4690850886087431,-1.3879886500715006,22865,-6.878718007946434,-1.0926682779646681,10
2891,517.7325330049811,-2.0687548998574727,22880,586.0312761189704,-1.722944617346204,30
2892,-77.74816058858734,-1.1949244159652415,22924,-77.6204452281073,-4.536559244831727,5
2893,-73.07796770756478,4.571044227045656,22928,-66.8889597803445,2.169628081691683,14
2894,-61.74361384945174,-15.237787499470922,22940,-66.8889597803445,2.169628081691683,14
2895,-37.182729433879096,7.466381417599988,22944,-29.714479793685786,-1.264748112657314,8
2896,-137.00955361043947,1.4837349425106474,22949,-134.89656831690453,-0.030690791204986433,34
2897,-107.19466402421708,-9.202360452421745,22966,-109.71624596876933,-1.0040630408538558,16
2898,-39.80216207677961,2.1814826367672957,22969,-49.93530245157272,-0.19848027172185767,2
2899,96.78674068710876,-17.523883400704282,22993,104.96211155305676,-0.5414592591613776,31
2900,210.88713832320664,13.709821943312566,22996,227.03647807555316,-5.020718083634986,26
2901,407.0649205416225,-10.713374721788831,23005,417.6915390220547,-4.11857226961515,29
2902,604.7673701260097,14.89136873683253,23017,586.0312761189704,-1.722944617346204,30
2903,-91.59246437176598,-2.7966711997440106,23031,-96.6939343764425,2.7165835152131033,15
2904,-24.458602249434687,-4.0705647538928575,23040,-29.714479793685786,-1.264748112657314,8
2905,-139.12338241678674,3.938800837015299,23041,-137.57400940459857,4.493303950559668,20
2906,101.02243732565901,-5.837944489198972,23045,104.96211155305676,-0.5414592591613776,31
2907,22.255806315215093,2.969094822998022,23047,18.937510567705566,1.034768221250525,27
2908,-124.02368941509836,0.9553771623746613,23050,-123.94204162798616,-1.5144507595891967,3
2909,-45.80636494310694,1.654619687857825,23067,-49.93530245157272,-0.19848027172185767,2
2910,-104.72420861969793,-2.1684936896791753,23069,-109.71624596876933,-1.0040630408538558,16
2911,-114.85788086429605,-1.9880602751456766,23073,-118.09857507912784,0.7103841694799473,11
2912,-147.65731783680985,-5.3909336462281345,23077,-148.09620948762597,-1.1157003398540595,36
2913,-47.41205784926068,-4.466340015935367,23089,-49.93530245157272,-0.19848027172185767,2
2914,-61.16869420472298,-8.994727335993403,23091,-66.8889597803445,2.169628081691683,14
2915,463.72103174489837,-3.7545587720502436,23092,417.6915390220547,-4.11857226961515,29
2916,49.15378671798352,-9.586133068280029,23099,47.997068783449585,1.2679199422360634,13
2917,-104.94941394097985,0.19024323821314398,23105,-104.7190727296112,3.8815952186994593,7
2918,-81.02003563615477,2.670642736177861,23109,-85.91178621041317,3.2728237667350073,24
2919,-78.67536421794252,-1.7797605686550813,23111,-77.6204452281073,-4.536559244831727,5
2920,55.21707296644137,-10.877928659771014,23112,47.997068783449585,1.2679199422360634,13
2921,-137.08732318496507,1.6455687590810046,23114,-134.89656831690453,-0.030690791204986433,34
2922,-56.285584413051,-21.58980843121123,23129,-49.93530245157272,-0.19848027172185767,2
2923,-153.31972870836202,6.461620807891066,23134,-152.23629829764135,4.213482038439798,37
2924,-90.55076486666665,-4.202500166859066,23138,-95.36861679384212,-10.95784818293233,28
2925,94.58902475566039,0.472607428395361,23154,104.96211155305676,-0.5414592591613776,31
2926,130.35983546703125,5.070355762533815,23165,135.4076551174278,-1.697351881935795,33
2927,-21.36847198775524,-4.462301184778121,23174,-29.714479793685786,-1.264748112657314,8
2928,-47.613978548498075,-2.6113988926505027,23182,-49.93530245157272,-0.19848027172185767,2
2929,-138.9199989985467,-1.5271545829997022,23184,-141.0346653257256,-1.1036168920026446,0
2930,-93.36992277794171,8.58310862107309,23187,-96.6939343764425,2.7165835152131033,15
2931,29.667499092683865,-3.370163591783528,23198,18.937510567705566,1.034768221250525,27
2932,173.81512783387748,13.617498524562087,23213,172.66355239880147,-2.7112682595768685,38
2933,229.59717525294624,18.82015123814493,23215,227.03647807555316,-5.020718083634986,26
2934,30.619807942725824,-2.3001628703701122,23220,18.937510567705566,1.034768221250525,27
2935,-42.8191491173626,-42.21563179207801,23227,-49.93530245157272,-0.19848027172185767,2
2936,-78.4591952809188,-5.477745160990765,23242,-77.6204452281073,-4.536559244831727,5
2937,-86.89391629316229,-13.404979463470642,23246,-95.36861679384212,-10.95784818293233,28
2938,-69.24122795382748,7.699313476091085,23253,-66.8889597803445,2.169628081691683,14
2939,-57.70873990819395,-0.6888946919583209,23262,-49.93530245157272,-0.19848027172185767,2
2940,-134.17814071329389,4.20159900423173,23269,-132.1080396739421,5.887059356646324,17
2941,145.92295626539575,-3.4184214975269818,23275,135.4076551174278,-1.697351881935795,33
2942,-127.14336772544209,4.0881460940986285,23282,-129.1025175244067,1.5488809909733745,1
2943,-70.05209960153229,4.555064468296372,23286,-66.8889597803445,2.169628081691683,14
2944,-135.10289450396832,2.557468000278314,23294,-134.89656831690453,-0.030690791204986433,34
2945,-142.20835720971618,4.222390437132865,23299,-142.14616351708418,5.245197398204194,22
2946,-48.76473019939737,0.18855442016308882,23306,-49.93530245157272,-0.19848027172185767,2
2947,241.68616512032568,3.3795234901423203,23313,227.03647807555316,-5.020718083634986,26
2948,-81.05555057674812,2.923221032682994,23315,-85.91178621041317,3.2728237667350073,24
2949,-122.44464306082448,-6.544178704738913,23332,-123.94204162798616,-1.5144507595891967,3
2950,-48.96661106014267,-11.673867217916653,23333,-49.93530245157272,-0.19848027172185767,2
2951,73.34567556690254,-11.840731085249637,23340,70.166569844569,-14.692630117552799,9
2952,-7.132193682008679,-22.070643773011312,23346,-6.878718007946434,-1.0926682779646681,10
2953,-3.2428987151719424,9.376445344163391,23357,-6.878718007946434,-1.0926682779646681,10
2954,65.09587109362415,6.687085626670645,23373,78.01149217232324,3.6022338347977136,6
2955,-16.189682057701333,-7.257197212110956,23375,-6.878718007946434,-1.0926682779646681,10
2956,331.46328506080516,9.777179707007413,23383,302.44973475302317,-5.405747081354008,25
2957,120.81670308989595,-16.751233841253782,23387,135.4076551174278,-1.697351881935795,33
2958,-14.900516936460663,4.225091260249384,23393,-6.878718007946434,-1.0926682779646681,10
2959,-108.8096572489786,-1.9173241359389706,23407,-109.71624596876933,-1.0040630408538558,16
2960,-125.40500155417583,-7.479546514711408,23422,-130.75996572568545,-6.6137591708523855,18
2961,0.6055237408085073,-3.5148938584528024,23425,-6.878718007946434,-1.0926682779646681,10
2962,18.653557011638792,-3.2327323442680522,23427,18.937510567705566,1.034768221250525,27
2963,212.89820025150118,14.51955424475414,23429,227.03647807555316,-5.020718083634986,26
2964,355.940125925913,17.538495527323263,23434,302.44973475302317,-5.405747081354008,25
2965,-128.29169979645505,6.285487291516888,23435,-132.1080396739421,5.887059356646324,17
2966,29.19763419051848,-10.880561423088,23449,28.39696760572947,-22.91072472808294,12
2967,-88.22701964387144,6.566368048386569,23451,-85.91178621041317,3.2728237667350073,24
2968,-53.9105745578694,2.7736348481222994,23455,-49.93530245157272,-0.19848027172185767,2
2969,-153.21513964639445,4.161860772369171,23456,-152.23629829764135,4.213482038439798,37
2970,-64.90463133694583,1.9261242954008775,23457,-66.8889597803445,2.169628081691683,14
2971,213.71418857522983,17.535188331785566,23480,227.03647807555316,-5.020718083634986,26
2972,18.646419082301282,12.668190995517369,23491,18.937510567705566,1.034768221250525,27
2973,-24.692437054037118,-1.0126248335355061,23494,-29.714479793685786,-1.264748112657314,8
2974,476.1437684074539,4.987159023126273,23495,417.6915390220547,-4.11857226961515,29
2975,-140.96403348042773,0.425102809363666,23507,-141.0346653257256,-1.1036168920026446,0
2976,-77.01080326066615,2.51780791183985,23523,-77.6204452281073,-4.536559244831727,5
2977,-32.459365167127594,-3.6839551936255326,23533,-29.714479793685786,-1.264748112657314,8
2978,-120.22494210352149,4.946776836402511,23550,-123.80894152337959,5.566802721935252,23
2979,-125.97625240695946,0.9570616048004557,23565,-129.1025175244067,1.5488809909733745,1
2980,-149.13217866285598,2.955898138672868,23576,-146.59606179012786,4.113086925586259,4
2981,-122.20222630609805,4.915161890035381,23587,-123.80894152337959,5.566802721935252,23
2982,-116.40515468641215,8.95212346158313,23590,-114.33047638704419,5.73481138949136,19
2983,397.5371919598939,26.055367729183576,23596,417.6915390220547,-4.11857226961515,29
2984,-51.29037722617442,9.594164505323167,23608,-49.93530245157272,-0.19848027172185767,2
2985,26.54226193427757,-1.1834441125643709,23615,18.937510567705566,1.034768221250525,27
2986,-60.46881956547239,11.812289340025881,23646,-66.8889597803445,2.169628081691683,14
2987,-38.91868588411484,2.6794303884285955,23651,-29.714479793685786,-1.264748112657314,8
2988,-144.68237383677447,-4.7830025192384795,23653,-148.09620948762597,-1.1157003398540595,36
2989,-29.66756750786803,-0.09007584040024051,23655,-29.714479793685786,-1.264748112657314,8
2990,-46.67544703637937,-0.7108923592773694,23659,-49.93530245157272,-0.19848027172185767,2
2991,306.03907753698286,-28.101491964284527,23664,302.44973475302317,-5.405747081354008,25
2992,-143.1201888961517,3.290849556902179,23671,-142.14616351708418,5.245197398204194,22
2993,-28.558031481595943,-1.449275765124697,23692,-29.714479793685786,-1.264748112657314,8
2994,-75.09306069005207,4.36176850184435,23702,-66.8889597803445,2.169628081691683,14
2995,-65.17297604420489,6.280851448658505,23716,-66.8889597803445,2.169628081691683,14
2996,58.325119759138296,3.078149743481755,23717,47.997068783449585,1.2679199422360634,13
2997,-10.39940835350603,11.633012594393787,23726,-6.878718007946434,-1.0926682779646681,10
2998,-68.22703556983095,6.89776210932262,23729,-66.8889597803445,2.169628081691683,14
2999,-115.18391205781612,4.6536832509590935,23736,-114.33047638704419,5.73481138949136,19
3000,-138.88686161272207,-1.7488584838587606,23748,-141.0346653257256,-1.1036168920026446,0
3001,-141.70849261427963,-3.1483454772336916,23777,-141.0346653257256,-1.1036168920026446,0
3002,-129.09581222110333,2.986783738136514,23780,-129.1025175244067,1.5488809909733745,1
3003,-53.111134838959394,4.095766660308111,23792,-49.93530245157272,-0.19848027172185767,2
3004,-64.238047451374,6.717348225153296,23814,-66.8889597803445,2.169628081691683,14
3005,-131.30408905703547,7.0035943718353595,23818,-132.1080396739421,5.887059356646324,17
3006,-111.76024695954459,-0.980128755040875,23819,-109.71624596876933,-1.0040630408538558,16
3007,-140.84987316689524,-1.030551039574472,23827,-141.0346653257256,-1.1036168920026446,0
3008,36.88954353741248,-6.564146113564008,23840,47.997068783449585,1.2679199422360634,13
3009,-53.75581716406237,-0.09011666882182653,23856,-49.93530245157272,-0.19848027172185767,2
3010,15.535425728025931,-2.2538631625488303,23868,18.937510567705566,1.034768221250525,27
3011,-40.33355293045393,-5.546333685531845,23902,-49.93530245157272,-0.19848027172185767,2
3012,-119.11000226577121,2.459578635801575,23920,-118.09857507912784,0.7103841694799473,11
3013,44.442235640324895,0.2793340785276544,23927,47.997068783449585,1.2679199422360634,13
3014,170.67543725040207,-27.543992916249938,23936,172.66355239880147,-2.7112682595768685,38
3015,-117.67401367834054,-2.9719026964647592,23943,-118.09857507912784,0.7103841694799473,11
3016,897.4049267932369,1.380783986128572,23946,861.6475783799328,6.515082937232454,35
3017,-68.64729991787864,-1.713478708984146,23947,-66.8889597803445,2.169628081691683,14
3018,15.229422112114904,2.3928608608408495,23970,18.937510567705566,1.034768221250525,27
3019,-68.172472545853,-9.031689954170467,23971,-77.6204452281073,-4.536559244831727,5
3020,-144.26242148703759,5.367782837241179,23972,-142.14616351708418,5.245197398204194,22
3021,-138.28811832533583,6.534070639043277,23974,-137.57400940459857,4.493303950559668,20
3022,63.899018714739924,-5.299794361017866,23995,70.166569844569,-14.692630117552799,9
3023,-116.15975737798072,5.131462055027592,24002,-114.33047638704419,5.73481138949136,19
3024,-79.1163443884828,4.805277915308076,24011,-85.91178621041317,3.2728237667350073,24
3025,41.3650968551684,1.40586175935084,24014,47.997068783449585,1.2679199422360634,13
3026,-149.2602416541683,5.2291605034416415,24026,-146.59606179012786,4.113086925586259,4
3027,63.13718850127732,-37.93547848407743,24036,70.166569844569,-14.692630117552799,9
3028,-149.26439556050698,5.296576680187614,24044,-146.59606179012786,4.113086925586259,4
3029,-9.91458850015815,-10.612976581574246,24049,-6.878718007946434,-1.0926682779646681,10
3030,-54.421766014488036,10.867322428409606,24061,-49.93530245157272,-0.19848027172185767,2
3031,-142.0360299854386,0.9490542838410849,24067,-141.0346653257256,-1.1036168920026446,0
3032,-111.07771188656564,2.908693683149281,24072,-109.71624596876933,-1.0040630408538558,16
3033,361.6136820416468,-5.688868545968571,24073,417.6915390220547,-4.11857226961515,29
3034,345.54102235620894,-19.610460197258593,24079,302.44973475302317,-5.405747081354008,25
3035,157.90143829566406,12.510616489000107,24087,172.66355239880147,-2.7112682595768685,38
3036,-108.31529629949401,7.654487770131418,24093,-104.7190727296112,3.8815952186994593,7
3037,-129.94370516783462,0.17371699352662034,24095,-129.1025175244067,1.5488809909733745,1
3038,-128.1074920310527,2.2312466762231726,24100,-129.1025175244067,1.5488809909733745,1
3039,-93.15198852904169,4.322199669288328,24107,-96.6939343764425,2.7165835152131033,15
3040,-18.698156348142525,0.23789886202764457,24108,-29.714479793685786,-1.264748112657314,8
3041,-78.15679043819316,6.210018206549031,24111,-85.91178621041317,3.2728237667350073,24
3042,77.12835462703788,-22.775990434360896,24114,70.166569844569,-14.692630117552799,9
3043,-142.80277587285852,-3.160475469523264,24122,-141.0346653257256,-1.1036168920026446,0
3044,-93.60189423412264,-2.619590689969184,24142,-96.6939343764425,2.7165835152131033,15
3045,-154.8642993905638,-3.513344255663041,24148,-148.09620948762597,-1.1157003398540595,36
3046,-120.04752392950478,1.0556386385450574,24178,-118.09857507912784,0.7103841694799473,11
3047,11.559255130195904,-17.053424413116147,24189,28.39696760572947,-22.91072472808294,12
3048,-114.28947121956752,6.475184164912854,24218,-114.33047638704419,5.73481138949136,19
3049,-85.9996684760536,3.15671540845726,24229,-85.91178621041317,3.2728237667350073,24
3050,-126.15519877580941,4.36915646217838,24234,-123.80894152337959,5.566802721935252,23
3051,-133.06864866845055,1.304576644094694,24259,-134.89656831690453,-0.030690791204986433,34
3052,-87.89586397178373,2.3875850630723465,24270,-85.91178621041317,3.2728237667350073,24
3053,-132.37147810579606,7.974652501365436,24272,-132.1080396739421,5.887059356646324,17
3054,-110.03901313818061,2.582318817991284,24275,-109.71624596876933,-1.0040630408538558,16
3055,428.12492133934916,-53.794480357454006,24283,417.6915390220547,-4.11857226961515,29
3056,-114.75833079074756,-2.110362955132104,24287,-118.09857507912784,0.7103841694799473,11
3057,-72.978335249021,2.3977978639774884,24292,-66.8889597803445,2.169628081691683,14
3058,618.0618034040145,-17.710568216662733,24294,586.0312761189704,-1.722944617346204,30
3059,-84.9331555533539,2.73901165766453,24297,-85.91178621041317,3.2728237667350073,24
3060,-115.32613763861794,7.763105899549264,24300,-114.33047638704419,5.73481138949136,19
3061,61.18287697123658,5.219233549363509,24309,47.997068783449585,1.2679199422360634,13
3062,-133.13647069153984,2.8048778764745403,24311,-132.1080396739421,5.887059356646324,17
3063,207.85800025553905,-28.866692827643966,24314,227.03647807555316,-5.020718083634986,26
3064,64.5083593410616,0.721614571937964,24323,78.01149217232324,3.6022338347977136,6
3065,70.93812103405895,9.209655211510773,24328,78.01149217232324,3.6022338347977136,6
3066,-91.01386520582288,3.88755631794258,24329,-85.91178621041317,3.2728237667350073,24
3067,-75.47721548242338,-4.53662356097841,24333,-77.6204452281073,-4.536559244831727,5
3068,-128.17621573273686,-10.978404854911904,24337,-130.75996572568545,-6.6137591708523855,18
3069,-126.19761425213082,4.2448604599357616,24341,-123.80894152337959,5.566802721935252,23
3070,61.639544645349794,-1.6947086062031054,24343,47.997068783449585,1.2679199422360634,13
3071,28.495361902894086,-15.363941904763289,24373,28.39696760572947,-22.91072472808294,12
3072,-74.00837859099524,2.0157238138231635,24381,-66.8889597803445,2.169628081691683,14
3073,13.744001169956258,-4.792894800252467,24387,18.937510567705566,1.034768221250525,27
3074,-74.97198000597635,3.239315087290154,24404,-66.8889597803445,2.169628081691683,14
3075,-2.049017621388346,6.134804943798075,24408,-6.878718007946434,-1.0926682779646681,10
3076,-86.13787728695877,5.148002867968383,24414,-85.91178621041317,3.2728237667350073,24
3077,-127.16307288598979,4.498754128498452,24416,-123.80894152337959,5.566802721935252,23
3078,-104.85372394935135,-0.8893140649682078,24446,-104.7190727296112,3.8815952186994593,7
3079,-50.456785211744695,-4.048195810952939,24448,-49.93530245157272,-0.19848027172185767,2
3080,-2.935101203010966,5.187984353583131,24465,-6.878718007946434,-1.0926682779646681,10
3081,-136.94595630364037,0.601416926021317,24466,-134.89656831690453,-0.030690791204986433,34
3082,79.50009982317737,1.1449437920741912,24470,78.01149217232324,3.6022338347977136,6
3083,24.572577024027822,-1.8797816625234274,24497,18.937510567705566,1.034768221250525,27
3084,-108.3034698566654,-9.396012375944734,24502,-115.69510858146283,-11.595084171039186,39
3085,-130.80611834179226,-0.8115844721351313,24513,-129.1025175244067,1.5488809909733745,1
3086,-70.10345866893489,5.188561882525487,24514,-66.8889597803445,2.169628081691683,14
3087,513.7417788292222,-2.340934257250982,24521,586.0312761189704,-1.722944617346204,30
3088,1074.5459425544134,5.376009516171336,24530,861.6475783799328,6.515082937232454,35
3089,-53.058361659088085,4.476264827819474,24532,-49.93530245157272,-0.19848027172185767,2
3090,101.33593600248584,-10.634521730065225,24541,104.96211155305676,-0.5414592591613776,31
3091,-130.82716843482137,-1.390239638608114,24543,-129.1025175244067,1.5488809909733745,1
3092,-68.76307993894578,0.3081693763398469,24574,-66.8889597803445,2.169628081691683,14
3093,163.0362126175678,-4.061181551761544,24592,172.66355239880147,-2.7112682595768685,38
3094,-126.99541772252608,0.8295543563559211,24599,-129.1025175244067,1.5488809909733745,1
3095,-139.27984012726486,5.8397598841018965,24601,-137.57400940459857,4.493303950559668,20
3096,-53.1451285786966,6.891533953837694,24605,-49.93530245157272,-0.19848027172185767,2
3097,1086.5871676357694,-9.030646423509681,24609,861.6475783799328,6.515082937232454,35
3098,-65.151883231882,5.27554776453502,24610,-66.8889597803445,2.169628081691683,14
3099,-116.19473169249858,4.858769145627831,24622,-114.33047638704419,5.73481138949136,19
3100,-102.848955440731,0.5892694869111661,24626,-104.7190727296112,3.8815952186994593,7
3101,-73.18759328897454,-8.794135329438054,24639,-77.6204452281073,-4.536559244831727,5
3102,-84.63878941986584,-2.68717381553453,24653,-85.91178621041317,3.2728237667350073,24
3103,158.09707449448612,9.74563461236341,24665,172.66355239880147,-2.7112682595768685,38
3104,30.979341202887685,7.0991704567365295,24677,18.937510567705566,1.034768221250525,27
3105,-124.22442397845654,4.868435081661809,24701,-123.80894152337959,5.566802721935252,23
3106,265.9359054241439,-13.843726285853156,24706,302.44973475302317,-5.405747081354008,25
3107,-117.1075203360217,3.467525863262387,24722,-118.09857507912784,0.7103841694799473,11
3108,589.4990926203742,3.7325512883980125,24723,586.0312761189704,-1.722944617346204,30
3109,-12.119344677294471,5.995511374700965,24743,-6.878718007946434,-1.0926682779646681,10
3110,-145.23844517128234,4.8294113478763405,24746,-146.59606179012786,4.113086925586259,4
3111,25.73158356224191,9.376486706569969,24749,18.937510567705566,1.034768221250525,27
3112,-108.0083464441214,2.4746463663290643,24775,-104.7190727296112,3.8815952186994593,7
3113,-142.34702428919218,7.268706212389502,24779,-142.14616351708418,5.245197398204194,22
3114,-103.24572214383076,6.703299268168191,24797,-104.7190727296112,3.8815952186994593,7
3115,141.92453321080615,11.202106241267186,24811,135.4076551174278,-1.697351881935795,33
3116,76.82158412902001,11.350358892496244,24823,78.01149217232324,3.6022338347977136,6
3117,-106.94987294248271,0.15911134276241073,24833,-109.71624596876933,-1.0040630408538558,16
3118,-148.91955762933924,-2.2187745392257927,24841,-148.09620948762597,-1.1157003398540595,36
3119,162.80775055651543,-1.6344209674280985,24844,172.66355239880147,-2.7112682595768685,38
3120,122.83887486037878,12.762429148288652,24876,135.4076551174278,-1.697351881935795,33
3121,-115.0156659090394,2.5085404214486307,24878,-114.33047638704419,5.73481138949136,19
3122,-128.21937096631237,5.208859640572885,24907,-129.1025175244067,1.5488809909733745,1
3123,0.8932518700600557,7.986809962489376,24915,-6.878718007946434,-1.0926682779646681,10
3124,-120.25252304249426,5.54180209355987,24932,-123.80894152337959,5.566802721935252,23
3125,-151.32142682358625,6.529508211051756,24939,-152.23629829764135,4.213482038439798,37
3126,-148.25992761852638,5.743269589396961,24951,-146.59606179012786,4.113086925586259,4
3127,-106.34936569642004,8.41427319418151,24956,-104.7190727296112,3.8815952186994593,7
3128,-18.650012543004944,-0.29678529061531406,24960,-29.714479793685786,-1.264748112657314,8
3129,-106.1691889533539,-10.244995183273453,24963,-115.69510858146283,-11.595084171039186,39
3130,-109.30284663402401,7.357204678342286,24965,-114.33047638704419,5.73481138949136,19
3131,-83.15698132159082,5.636558580284085,24986,-85.91178621041317,3.2728237667350073,24
3132,308.95383559886056,2.2581730028298725,24998,302.44973475302317,-5.405747081354008,25
3133,-146.10071980065547,3.3283137624651964,25007,-146.59606179012786,4.113086925586259,4
3134,38.64447236925704,-3.2335921337980498,25024,47.997068783449585,1.2679199422360634,13
3135,480.233181476945,-10.602454589629257,25033,417.6915390220547,-4.11857226961515,29
3136,-45.492706139231714,-4.2038517577196055,25035,-49.93530245157272,-0.19848027172185767,2
3137,-25.09167917807568,5.158912384755569,25044,-29.714479793685786,-1.264748112657314,8
3138,-99.28476250226724,6.622191192594457,25046,-96.6939343764425,2.7165835152131033,15
3139,22.832874451169683,7.630107437176645,25051,18.937510567705566,1.034768221250525,27
3140,-147.9811505390385,0.1584910740608823,25053,-148.09620948762597,-1.1157003398540595,36
3141,-130.02628542467747,1.9549525924259017,25063,-129.1025175244067,1.5488809909733745,1
3142,30.702405969632835,-3.5955488371004733,25080,18.937510567705566,1.034768221250525,27
3143,-117.06344363231172,1.4544327245090223,25086,-118.09857507912784,0.7103841694799473,11
3144,-96.87142055674856,-0.8628977013805259,25107,-96.6939343764425,2.7165835152131033,15
3145,-130.8112600774396,-1.7199538298193013,25109,-129.1025175244067,1.5488809909733745,1
3146,-100.44314016614636,10.08482798124408,25114,-104.7190727296112,3.8815952186994593,7
3147,159.54393611497275,-11.64482251178715,25115,172.66355239880147,-2.7112682595768685,38
3148,35.81497948515169,-4.948723532990137,25121,47.997068783449585,1.2679199422360634,13
3149,99.84144942149571,11.813491749785284,25123,104.96211155305676,-0.5414592591613776,31
3150,-123.23340496582826,5.585662742292459,25131,-123.80894152337959,5.566802721935252,23
3151,50.798433794005895,-4.331647200365197,25133,47.997068783449585,1.2679199422360634,13
3152,488.41597557449427,-12.92946058122694,25141,417.6915390220547,-4.11857226961515,29
3153,-123.94574588206534,1.8439794079248155,25166,-123.94204162798616,-1.5144507595891967,3
3154,-27.301730586621055,-5.502279351530386,25191,-29.714479793685786,-1.264748112657314,8
3155,-111.04094537414824,2.091857115475549,25203,-109.71624596876933,-1.0040630408538558,16
3156,359.76415544481415,-7.988984970240569,25204,302.44973475302317,-5.405747081354008,25
3157,-136.23477313474294,5.406722370973537,25219,-137.57400940459857,4.493303950559668,20
3158,89.28087884195888,-24.892133719311957,25223,70.166569844569,-14.692630117552799,9
3159,-98.25365616088357,6.967656705231555,25234,-96.6939343764425,2.7165835152131033,15
3160,-91.24840422879856,6.460372533330632,25235,-85.91178621041317,3.2728237667350073,24
3161,-76.54937327964336,-3.4686238799015983,25237,-77.6204452281073,-4.536559244831727,5
3162,-63.301069910890725,9.10497614881239,25243,-66.8889597803445,2.169628081691683,14
3163,170.36005369578,6.766967318857251,25260,172.66355239880147,-2.7112682595768685,38
3164,448.5296054052868,-44.510980826331156,25284,417.6915390220547,-4.11857226961515,29
3165,22.24924299401301,1.5578806988227576,25292,18.937510567705566,1.034768221250525,27
3166,54.81616774216835,10.574852895826057,25294,47.997068783449585,1.2679199422360634,13
3167,-133.21167592746627,4.432448866674826,25305,-132.1080396739421,5.887059356646324,17
3168,-131.28334421107206,6.043640750689643,25309,-132.1080396739421,5.887059356646324,17
3169,-55.038461192597325,4.529078368440562,25315,-49.93530245157272,-0.19848027172185767,2
3170,250.48436947184197,-7.8019784376141486,25323,227.03647807555316,-5.020718083634986,26
3171,600.9113087514422,12.722989656042706,25326,586.0312761189704,-1.722944617346204,30
3172,75.38868900893956,-41.18495536403132,25333,70.166569844569,-14.692630117552799,9
3173,-141.87987983912274,-0.4284070650098298,25335,-141.0346653257256,-1.1036168920026446,0
3174,-140.3227455636808,6.742293792340977,25348,-142.14616351708418,5.245197398204194,22
3175,-101.62658238488639,-3.232809869669325,25350,-96.6939343764425,2.7165835152131033,15
3176,-85.05730929979607,2.8700329532506212,25360,-85.91178621041317,3.2728237667350073,24
3177,109.56858193349046,-13.552011220854753,25370,104.96211155305676,-0.5414592591613776,31
3178,15.353800606642478,-14.013848192585062,25395,18.937510567705566,1.034768221250525,27
3179,-135.19039122076478,3.9136568733140336,25400,-137.57400940459857,4.493303950559668,20
3180,-126.98109425815517,1.0261403786903613,25408,-129.1025175244067,1.5488809909733745,1
3181,-100.3814133956008,-6.023396074466123,25411,-95.36861679384212,-10.95784818293233,28
3182,-65.26290335900352,7.207834482014653,25443,-66.8889597803445,2.169628081691683,14
3183,-10.67855201472483,-14.258953864999096,25460,-6.878718007946434,-1.0926682779646681,10
3184,-55.2231819282584,7.038930833567333,25475,-49.93530245157272,-0.19848027172185767,2
3185,172.55006676015623,-40.00345968763067,25480,172.66355239880147,-2.7112682595768685,38
3186,-4.7459554278996565,1.5229808431947334,25486,-6.878718007946434,-1.0926682779646681,10
3187,22.410690952162298,-0.429653675667163,25493,18.937510567705566,1.034768221250525,27
3188,108.89156781860314,-75.9637301196341,25508,110.19899446847099,-35.665903512662624,21
3189,-125.25578423319907,6.058636165746355,25511,-123.80894152337959,5.566802721935252,23
3190,-86.90719056709844,1.6187878549226098,25534,-85.91178621041317,3.2728237667350073,24
3191,-123.3835361069621,8.360955023665966,25551,-123.80894152337959,5.566802721935252,23
3192,-107.04287782099338,3.2199091673465516,25555,-104.7190727296112,3.8815952186994593,7
3193,481.4924719794444,-14.206121230060832,25562,417.6915390220547,-4.11857226961515,29
3194,4.239722707105098,1.4788255800551546,25587,-6.878718007946434,-1.0926682779646681,10
3195,-50.98633902755677,3.4548422518704087,25590,-49.93530245157272,-0.19848027172185767,2
3196,58.58582518945149,-0.5657781873697171,25595,47.997068783449585,1.2679199422360634,13
3197,108.393591607559,3.4473332451659737,25599,104.96211155305676,-0.5414592591613776,31
3198,-80.56062707953434,-4.31876007545551,25617,-77.6204452281073,-4.536559244831727,5
3199,-129.97332566226154,1.3222544595568815,25621,-129.1025175244067,1.5488809909733745,1
3200,95.27635841279603,-9.952660655736546,25626,104.96211155305676,-0.5414592591613776,31
3201,-127.231979578648,-9.736563315802492,25628,-130.75996572568545,-6.6137591708523855,18
3202,189.01174377924565,-17.310499889287644,25643,172.66355239880147,-2.7112682595768685,38
3203,-129.9953703658259,2.3261496514983353,25647,-129.1025175244067,1.5488809909733745,1
3204,117.28311039531569,-9.21742512018572,25652,104.96211155305676,-0.5414592591613776,31
3205,-110.30106313011696,6.801068088052561,25665,-114.33047638704419,5.73481138949136,19
3206,-13.903083314851846,3.789458192497414,25668,-6.878718007946434,-1.0926682779646681,10
3207,-144.96339057395184,-1.1642593735089724,25671,-148.09620948762597,-1.1157003398540595,36
3208,-139.11298651436977,3.204438850411844,25677,-137.57400940459857,4.493303950559668,20
3209,-109.15883728845128,4.706828251732245,25678,-104.7190727296112,3.8815952186994593,7
3210,-117.06250299529933,2.4610829764708675,25694,-118.09857507912784,0.7103841694799473,11
3211,-117.06993590568435,2.121759437027447,25695,-118.09857507912784,0.7103841694799473,11
3212,-17.503555649993256,-2.4703939463382945,25703,-6.878718007946434,-1.0926682779646681,10
3213,146.71278946651114,-0.33281967871117885,25704,135.4076551174278,-1.697351881935795,33
3214,-112.0656935828886,2.614278768154441,25713,-114.33047638704419,5.73481138949136,19
3215,-114.00359004614255,1.2175707971754308,25727,-118.09857507912784,0.7103841694799473,11
3216,-101.12390359500677,4.072914102991097,25729,-104.7190727296112,3.8815952186994593,7
3217,-118.78042570353024,-1.7012354880233649,25745,-118.09857507912784,0.7103841694799473,11
3218,-87.00767354762623,2.2768440420734026,25761,-85.91178621041317,3.2728237667350073,24
3219,-48.78703683027061,1.6910276513945857,25773,-49.93530245157272,-0.19848027172185767,2
3220,-82.16320603164615,-9.467804982347815,25774,-77.6204452281073,-4.536559244831727,5
3221,425.4599394297246,12.97239573968128,25775,417.6915390220547,-4.11857226961515,29
3222,-67.08039060227382,3.6918462097769247,25799,-66.8889597803445,2.169628081691683,14
3223,-148.2646319968699,5.853155887853058,25800,-146.59606179012786,4.113086925586259,4
3224,-25.75284576230165,-28.140124833380124,25809,-29.714479793685786,-1.264748112657314,8
3225,16.70384646158385,-3.8618062057888416,25815,18.937510567705566,1.034768221250525,27
3226,-56.996495501806166,4.0827707832416165,25821,-49.93530245157272,-0.19848027172185767,2
3227,65.90579098111331,9.838626101135018,25836,78.01149217232324,3.6022338347977136,6
3228,-132.99386424044616,0.1682502733696084,25848,-134.89656831690453,-0.030690791204986433,34
3229,-148.86241475061408,-1.4254232350464893,25850,-148.09620948762597,-1.1157003398540595,36
3230,-81.93845718958806,1.3654204326676274,25859,-85.91178621041317,3.2728237667350073,24
3231,-132.07462496222615,3.017028361109017,25860,-132.1080396739421,5.887059356646324,17
3232,-113.08002257553305,3.43911030621992,25868,-114.33047638704419,5.73481138949136,19
3233,-9.203788423306621,8.920415509727281,25869,-6.878718007946434,-1.0926682779646681,10
3234,567.1997508037882,7.362444268370559,25881,586.0312761189704,-1.722944617346204,30
3235,-64.65891910552835,-2.9377126307117147,25893,-66.8889597803445,2.169628081691683,14
3236,226.00148372437212,12.964457139179562,25897,227.03647807555316,-5.020718083634986,26
3237,-121.04127733015254,2.9606787439486237,25905,-118.09857507912784,0.7103841694799473,11
3238,70.22351365145565,3.9669223248032193,25917,78.01149217232324,3.6022338347977136,6
3239,-88.01004958778482,1.8108108012584312,25931,-85.91178621041317,3.2728237667350073,24
3240,-105.20247517933718,5.73944348179449,25948,-104.7190727296112,3.8815952186994593,7
3241,-91.06725552893775,2.992303035011506,25950,-85.91178621041317,3.2728237667350073,24
3242,-75.11675130927824,4.87285183460447,25952,-66.8889597803445,2.169628081691683,14
3243,-75.57534721813192,-2.884543343246204,25984,-77.6204452281073,-4.536559244831727,5
3244,-72.21583202495464,7.599992285732286,25991,-66.8889597803445,2.169628081691683,14
3245,-83.82030963080275,0.8037025559539404,26003,-85.91178621041317,3.2728237667350073,24
3246,-94.26162460181511,6.1782713203353135,26008,-96.6939343764425,2.7165835152131033,15
3247,-44.93864653704855,4.055645828596102,26011,-49.93530245157272,-0.19848027172185767,2
3248,80.80801869195409,11.193288126426484,26014,78.01149217232324,3.6022338347977136,6
3249,67.67731854496705,13.32747165257098,26027,78.01149217232324,3.6022338347977136,6
3250,-136.17367024472475,3.539351068567334,26038,-137.57400940459857,4.493303950559668,20
3251,-66.14864129418326,5.7119102024066795,26039,-66.8889597803445,2.169628081691683,14
3252,-23.85155070128636,1.979806260521055,26054,-29.714479793685786,-1.264748112657314,8
3253,-134.05967610067768,1.6123150020254335,26056,-134.89656831690453,-0.030690791204986433,34
3254,-112.82419163600292,-1.1488574655536916,26058,-109.71624596876933,-1.0040630408538558,16
3255,711.3339191712969,10.428879766995776,26069,586.0312761189704,-1.722944617346204,30
3256,-129.31121667439038,7.222720260885058,26085,-132.1080396739421,5.887059356646324,17
3257,-130.10976371742825,3.274229205128403,26089,-129.1025175244067,1.5488809909733745,1
3258,-113.89989004636779,-1.0465337017709875,26094,-109.71624596876933,-1.0040630408538558,16
3259,332.86638383870434,19.294890884748057,26111,302.44973475302317,-5.405747081354008,25
3260,-134.1541372798589,4.185443466892781,26131,-132.1080396739421,5.887059356646324,17
3261,70.85804986300376,-5.30811751003095,26139,70.166569844569,-14.692630117552799,9
3262,302.45755987629724,-5.315656995837361,26159,302.44973475302317,-5.405747081354008,25
3263,-41.14808440302382,6.652698872666319,26166,-49.93530245157272,-0.19848027172185767,2
3264,-106.65703380006725,-2.656663361067578,26169,-109.71624596876933,-1.0040630408538558,16
3265,-89.93773793132694,2.2381715578532955,26204,-85.91178621041317,3.2728237667350073,24
3266,57.44067158541873,1.0605267448845284,26225,47.997068783449585,1.2679199422360634,13
3267,-53.77899548384073,0.40992914182829177,26228,-49.93530245157272,-0.19848027172185767,2
3268,-100.04737860713423,2.4190165018092995,26245,-96.6939343764425,2.7165835152131033,15
3269,-107.17610969759643,4.63335744140391,26248,-104.7190727296112,3.8815952186994593,7
3270,-137.23705255354037,4.9192197267091435,26253,-137.57400940459857,4.493303950559668,20
3271,-55.674321838874945,-1.4070322911156288,26274,-49.93530245157272,-0.19848027172185767,2
3272,-123.22293323718728,5.876671346860715,26288,-123.80894152337959,5.566802721935252,23
3273,-138.97831866957483,-0.7661371408920744,26298,-141.0346653257256,-1.1036168920026446,0
3274,-135.10839748669443,2.6455622596374306,26305,-134.89656831690453,-0.030690791204986433,34
3275,19.08795124662342,5.571108715559663,26310,18.937510567705566,1.034768221250525,27
3276,-98.77918367358005,-16.116425410044794,26313,-95.36861679384212,-10.95784818293233,28
3277,-116.11739028714952,4.212062424705077,26320,-114.33047638704419,5.73481138949136,19
3278,-2.740407208084276,1.4432840126268924,26326,-6.878718007946434,-1.0926682779646681,10
3279,-143.34110289319867,7.088021798447972,26350,-142.14616351708418,5.245197398204194,22
3280,-148.95632875325742,-0.40195334802403276,26351,-148.09620948762597,-1.1157003398540595,36
3281,-135.9990047252556,0.23733955144160113,26354,-134.89656831690453,-0.030690791204986433,34
3282,-42.047830043889256,5.966996837642385,26369,-49.93530245157272,-0.19848027172185767,2
3283,-89.18041504232133,4.48940808005672,26373,-85.91178621041317,3.2728237667350073,24
3284,-113.18479611524741,4.6938111104105325,26381,-114.33047638704419,5.73481138949136,19
3285,-108.17917317818774,4.64284400711062,26394,-104.7190727296112,3.8815952186994593,7
3286,-106.16317395538088,5.8908326858660685,26404,-104.7190727296112,3.8815952186994593,7
3287,-39.97493151335642,4.412069782291944,26409,-49.93530245157272,-0.19848027172185767,2
3288,-129.37514606723744,8.093037207090804,26413,-132.1080396739421,5.887059356646324,17
3289,-136.15384287264519,4.152746643859467,26420,-137.57400940459857,4.493303950559668,20
3290,197.12823434258178,-18.695686699634905,26428,172.66355239880147,-2.7112682595768685,38
3291,-103.0984603006643,3.4910657238953826,26436,-104.7190727296112,3.8815952186994593,7
3292,-78.34750234255571,-21.12133863747017,26441,-77.6204452281073,-4.536559244831727,5
3293,15.145205257855007,2.7071872934726784,26451,18.937510567705566,1.034768221250525,27
3294,20.48644641258296,-1.1027390225420322,26456,18.937510567705566,1.034768221250525,27
3295,-119.01925289849765,0.9900026604978039,26457,-118.09857507912784,0.7103841694799473,11
3296,191.41954053303152,5.821324083157911,26463,172.66355239880147,-2.7112682595768685,38
3297,-108.6684043910966,-3.466974930768441,26466,-109.71624596876933,-1.0040630408538558,16
3298,-110.93315058465609,0.7490685039835668,26490,-109.71624596876933,-1.0040630408538558,16
3299,-25.85232765863306,2.9898730402814135,26496,-29.714479793685786,-1.264748112657314,8
3300,-118.89560769558572,0.8296082404025178,26505,-118.09857507912784,0.7103841694799473,11
3301,-143.01205702789235,-0.10516797620780192,26507,-141.0346653257256,-1.1036168920026446,0
3302,26.951861016556894,7.121600035652491,26514,18.937510567705566,1.034768221250525,27
3303,-122.2736778651836,-8.757138864349026,26526,-115.69510858146283,-11.595084171039186,39
3304,-57.02216999844233,4.108717449175669,26544,-49.93530245157272,-0.19848027172185767,2
3305,573.668831431876,0.7791144450710963,26554,586.0312761189704,-1.722944617346204,30
3306,-147.3342303897733,6.888720015240176,26566,-146.59606179012786,4.113086925586259,4
3307,-146.22731489827092,5.079116148145818,26569,-146.59606179012786,4.113086925586259,4
3308,-147.02085851455385,0.009907809798166758,26575,-148.09620948762597,-1.1157003398540595,36
3309,-131.10352956695843,2.1059838420704753,26577,-129.1025175244067,1.5488809909733745,1
3310,-140.6606206448793,-5.1976352705913,26580,-141.0346653257256,-1.1036168920026446,0
3311,-121.23662645711485,5.199936962364412,26586,-123.80894152337959,5.566802721935252,23
3312,7.8100936153102225,-5.8252831635137925,26589,18.937510567705566,1.034768221250525,27
3313,-24.241833869061125,7.936934505843713,26596,-29.714479793685786,-1.264748112657314,8
3314,18.741635248556552,9.045745805723119,26604,18.937510567705566,1.034768221250525,27
3315,-134.08719189899543,3.2529013111477663,26605,-132.1080396739421,5.887059356646324,17
3316,-28.102159819919308,-23.07749210120762,26613,-29.714479793685786,-1.264748112657314,8
3317,-51.85234715665407,1.0280326143827165,26633,-49.93530245157272,-0.19848027172185767,2
3318,82.95978662349668,-5.796367767818574,26634,78.01149217232324,3.6022338347977136,6
3319,-86.00877154524026,2.8175495499266723,26637,-85.91178621041317,3.2728237667350073,24
3320,-115.38954915015213,-8.659660435937695,26648,-115.69510858146283,-11.595084171039186,39
3321,-103.05397274662089,3.037573635862491,26655,-104.7190727296112,3.8815952186994593,7
3322,-126.17919631529654,4.866948799504163,26657,-123.80894152337959,5.566802721935252,23
3323,11.839793049225209,-5.894631488478784,26666,18.937510567705566,1.034768221250525,27
3324,-55.04999545434063,-24.675545785805475,26669,-49.93530245157272,-0.19848027172185767,2
3325,7.872783578701312,-7.720801578046819,26681,18.937510567705566,1.034768221250525,27
3326,-100.23307935787574,5.97566214269132,26682,-96.6939343764425,2.7165835152131033,15
3327,-145.15492246004032,3.010486570427905,26703,-146.59606179012786,4.113086925586259,4
3328,-127.379242800249,8.215558840906013,26707,-123.80894152337959,5.566802721935252,23
3329,-122.21527075777765,5.195054137982637,26710,-123.80894152337959,5.566802721935252,23
3330,298.7461405238813,-24.368359098967193,26714,302.44973475302317,-5.405747081354008,25
3331,80.34287635264627,3.0548440296293276,26727,78.01149217232324,3.6022338347977136,6
3332,-40.89420292001848,3.1317819457044163,26743,-49.93530245157272,-0.19848027172185767,2
3333,-108.7333833907576,-2.044776977468483,26747,-109.71624596876933,-1.0040630408538558,16
3334,-116.03703275134077,1.9274597928994255,26751,-118.09857507912784,0.7103841694799473,11
3335,-99.81534540338541,0.4217828389091847,26756,-96.6939343764425,2.7165835152131033,15
3336,-96.3855077601676,9.382654124690777,26762,-96.6939343764425,2.7165835152131033,15
3337,186.59872350590405,-11.376038046635026,26770,172.66355239880147,-2.7112682595768685,38
3338,-105.43127313428548,9.730090627335157,26787,-104.7190727296112,3.8815952186994593,7
3339,54.748739406954336,9.99919215718871,26793,47.997068783449585,1.2679199422360634,13
3340,-126.92450711617171,0.2960874954747547,26803,-129.1025175244067,1.5488809909733745,1
3341,-98.084388942321,2.7510941498649504,26814,-96.6939343764425,2.7165835152131033,15
3342,-73.90638758114252,1.3170043013502444,26827,-77.6204452281073,-4.536559244831727,5
3343,368.4984269676319,25.901297482904553,26828,417.6915390220547,-4.11857226961515,29
3344,-129.10394742399626,2.147158422479484,26831,-129.1025175244067,1.5488809909733745,1
3345,-101.10832275177292,3.1990694004868123,26837,-104.7190727296112,3.8815952186994593,7
3346,401.5982915361478,10.562664680680081,26838,417.6915390220547,-4.11857226961515,29
3347,-151.2559096677708,5.601791184962166,26852,-152.23629829764135,4.213482038439798,37
3348,-128.0800206402607,1.648424583851427,26854,-129.1025175244067,1.5488809909733745,1
3349,-119.39830029741297,8.760506230248868,26858,-123.80894152337959,5.566802721935252,23
3350,-149.9217948680433,-1.1699621033079601,26868,-148.09620948762597,-1.1157003398540595,36
3351,-98.61660314823006,-3.4097429720554784,26872,-96.6939343764425,2.7165835152131033,15
3352,-124.08373484587271,3.3350477983930684,26875,-123.80894152337959,5.566802721935252,23
3353,6.7169515299545735,9.907103220513095,26877,18.937510567705566,1.034768221250525,27
3354,-84.1907577758305,-8.89352899295104,26878,-77.6204452281073,-4.536559244831727,5
3355,-126.00887113841316,1.1375685966161928,26892,-129.1025175244067,1.5488809909733745,1
3356,-103.87540300929622,1.1457124029606411,26894,-104.7190727296112,3.8815952186994593,7
3357,-37.13102163610993,6.85001904504521,26902,-29.714479793685786,-1.264748112657314,8
3358,-31.07273001211771,4.653433718127941,26924,-29.714479793685786,-1.264748112657314,8
3359,94.47861438929807,1.8803144815544957,26928,104.96211155305676,-0.5414592591613776,31
3360,-5.013336686253551,6.357323472841239,26931,-6.878718007946434,-1.0926682779646681,10
3361,-141.14419017734713,2.8406871420489335,26943,-142.14616351708418,5.245197398204194,22
3362,-55.16521157601449,-8.9693319560966,26948,-49.93530245157272,-0.19848027172185767,2
3363,-84.96911922547183,-12.739708215213732,26958,-95.36861679384212,-10.95784818293233,28
3364,156.74095706691392,0.23107942753052726,26961,172.66355239880147,-2.7112682595768685,38
3365,115.63795813304175,0.27341814889218297,26966,104.96211155305676,-0.5414592591613776,31
3366,4.894314453971559,-7.715712945515554,26967,-6.878718007946434,-1.0926682779646681,10
3367,512.5098202683843,15.398047641298334,26968,586.0312761189704,-1.722944617346204,30
3368,-48.98038784463048,3.3647212282269097,26971,-49.93530245157272,-0.19848027172185767,2
3369,291.4695965567506,-20.485822547008134,26991,302.44973475302317,-5.405747081354008,25
3370,-143.92467841750366,-2.048335276362881,27005,-141.0346653257256,-1.1036168920026446,0
3371,-58.89515657214763,0.297421614448318,27007,-66.8889597803445,2.169628081691683,14
3372,-44.21421981515664,7.02408805923058,27011,-49.93530245157272,-0.19848027172185767,2
3373,-142.34684660323606,7.242313997146734,27013,-142.14616351708418,5.245197398204194,22
3374,-100.2859399665147,6.585762755931076,27014,-104.7190727296112,3.8815952186994593,7
3375,-124.96141461625373,-0.3871927060623114,27018,-123.94204162798616,-1.5144507595891967,3
3376,-86.86714996747173,-0.784203249907247,27035,-85.91178621041317,3.2728237667350073,24
3377,-115.1498150758024,4.922482005497784,27039,-114.33047638704419,5.73481138949136,19
3378,-105.90233078174298,1.1933892055196822,27045,-104.7190727296112,3.8815952186994593,7
3379,-141.9633051725819,-1.159578508004504,27046,-141.0346653257256,-1.1036168920026446,0
3380,276.8313936794152,-26.09382514344487,27047,302.44973475302317,-5.405747081354008,25
3381,-143.8993903731023,-0.5381410829653662,27049,-141.0346653257256,-1.1036168920026446,0
3382,-127.05600199349546,1.6542623674833268,27050,-129.1025175244067,1.5488809909733745,1
3383,263.44182841378824,-6.651417694790038,27062,227.03647807555316,-5.020718083634986,26
3384,-10.81549797251903,2.429491219304895,27065,-6.878718007946434,-1.0926682779646681,10
3385,-129.6547582664643,-4.633608428689589,27067,-130.75996572568545,-6.6137591708523855,18
3386,-137.94403842610438,0.04947934417386311,27071,-134.89656831690453,-0.030690791204986433,34
3387,-36.29784289549543,9.499947468471037,27073,-29.714479793685786,-1.264748112657314,8
3388,166.02359627958575,9.961102636562915,27078,172.66355239880147,-2.7112682595768685,38
3389,408.944181280907,-9.053392924131686,27087,417.6915390220547,-4.11857226961515,29
3390,44.795379507211706,-4.876589889725624,27111,47.997068783449585,1.2679199422360634,13
3391,-79.1578752771622,5.189561544037584,27112,-85.91178621041317,3.2728237667350073,24
3392,-88.69387349871144,-2.055249612065057,27113,-85.91178621041317,3.2728237667350073,24
3393,-57.441659209804904,-5.01298042477762,27126,-49.93530245157272,-0.19848027172185767,2
3394,-28.631390054272387,-0.8599314152985044,27133,-29.714479793685786,-1.264748112657314,8
3395,-116.09417251839017,3.701766975674383,27145,-114.33047638704419,5.73481138949136,19
3396,-131.08723700957114,2.2716997575593596,27148,-129.1025175244067,1.5488809909733745,1
3397,-117.1809327287868,4.045224169204854,27149,-114.33047638704419,5.73481138949136,19
3398,-133.04864244972782,1.906407139444483,27150,-134.89656831690453,-0.030690791204986433,34
3399,-104.84122313055049,-0.11279585864387644,27160,-104.7190727296112,3.8815952186994593,7
3400,-44.87413928940927,1.6072650911661641,27164,-49.93530245157272,-0.19848027172185767,2
3401,-129.1828322953542,3.885897956701131,27184,-129.1025175244067,1.5488809909733745,1
3402,-35.74971814880065,0.058403646608548514,27202,-29.714479793685786,-1.264748112657314,8
3403,184.8673063703674,14.206959839805577,27207,172.66355239880147,-2.7112682595768685,38
3404,-140.13955878579864,3.7463266752078583,27211,-142.14616351708418,5.245197398204194,22
3405,-134.75060838553523,-4.146936741658889,27230,-134.89656831690453,-0.030690791204986433,34
3406,-141.29480876979162,6.122049303770082,27231,-142.14616351708418,5.245197398204194,22
3407,-98.82700248862484,-1.3728184211951964,27236,-96.6939343764425,2.7165835152131033,15
3408,-13.751641798937964,0.4682541345825283,27238,-6.878718007946434,-1.0926682779646681,10
3409,-64.98181562572633,4.134889289932047,27242,-66.8889597803445,2.169628081691683,14
3410,13.286379151215499,2.141199753611695,27250,18.937510567705566,1.034768221250525,27
3411,-104.26517476398192,6.118627779256746,27254,-104.7190727296112,3.8815952186994593,7
3412,242.13922864209175,-2.9580197260109786,27262,227.03647807555316,-5.020718083634986,26
3413,-78.14879115287788,-10.23104621537611,27269,-77.6204452281073,-4.536559244831727,5
3414,6.913229821865424,6.097352683774079,27286,18.937510567705566,1.034768221250525,27
3415,-148.10292403819818,2.821144553004333,27289,-146.59606179012786,4.113086925586259,4
3416,-151.22999200232005,4.553975325814036,27290,-152.23629829764135,4.213482038439798,37
3417,-37.361907748878636,-4.349646925465057,27292,-29.714479793685786,-1.264748112657314,8
3418,-0.844741724050106,3.238478278341142,27295,-6.878718007946434,-1.0926682779646681,10
3419,-101.19408155664802,6.128364993515476,27297,-104.7190727296112,3.8815952186994593,7
3420,-126.28246378105113,6.109476141912913,27322,-123.80894152337959,5.566802721935252,23
3421,-59.87415454634633,1.8659108437996514,27326,-66.8889597803445,2.169628081691683,14
3422,-79.48827468610868,-4.866430771825777,27329,-77.6204452281073,-4.536559244831727,5
3423,-33.20807667067601,7.595981761032129,27334,-29.714479793685786,-1.264748112657314,8
3424,63.50413827714916,15.492287028403041,27339,78.01149217232324,3.6022338347977136,6
3425,-103.91640941011096,1.529953843753405,27345,-104.7190727296112,3.8815952186994593,7
3426,1450.7363181557664,15.735408070650386,27347,1342.5649032771717,32.04824045393157,32
3427,-69.88513017231733,2.4676981649993746,27352,-66.8889597803445,2.169628081691683,14
3428,-93.9660597093912,0.7525167039103297,27354,-96.6939343764425,2.7165835152131033,15
3429,-95.81432952002335,-1.5892063735255721,27366,-96.6939343764425,2.7165835152131033,15
3430,-70.44527477994635,11.132269684069252,27396,-66.8889597803445,2.169628081691683,14
3431,-105.04343057427849,3.78280620310628,27400,-104.7190727296112,3.8815952186994593,7
3432,-99.19934330686412,5.268952444973355,27409,-96.6939343764425,2.7165835152131033,15
3433,366.40458343654717,-2.556168351023116,27412,417.6915390220547,-4.11857226961515,29
3434,-49.913657224746146,2.3939326751629957,27418,-49.93530245157272,-0.19848027172185767,2
3435,-115.40944487600957,9.090343503717381,27424,-114.33047638704419,5.73481138949136,19
3436,577.5526252760841,2.3667953651951446,27428,586.0312761189704,-1.722944617346204,30
3437,610.7084256820459,-41.598312853747586,27430,586.0312761189704,-1.722944617346204,30
3438,-113.16221867820764,4.21556021066196,27452,-114.33047638704419,5.73481138949136,19
3439,-40.4081678702216,-5.446856763022216,27453,-49.93530245157272,-0.19848027172185767,2
3440,-50.24901900738794,-21.78538902955138,27456,-49.93530245157272,-0.19848027172185767,2
3441,-97.23732361077299,7.152269517024031,27467,-96.6939343764425,2.7165835152131033,15
3442,-73.0037645913,2.4273994377289,27472,-66.8889597803445,2.169628081691683,14
3443,-71.206492616155,6.3843463075793565,27487,-66.8889597803445,2.169628081691683,14
3444,531.3542333159617,3.885869265259574,27514,586.0312761189704,-1.722944617346204,30
3445,34.51516044634162,-15.707094051280778,27520,28.39696760572947,-22.91072472808294,12
3446,114.76635146479674,-1.528930106387494,27532,104.96211155305676,-0.5414592591613776,31
3447,912.7164700098053,-16.83774626638724,27537,861.6475783799328,6.515082937232454,35
3448,22.06607194162047,5.075123928737,27543,18.937510567705566,1.034768221250525,27
3449,243.96679246631768,-14.895536388637765,27554,227.03647807555316,-5.020718083634986,26
3450,-107.55756224970509,-19.06102758271827,27562,-115.69510858146283,-11.595084171039186,39
3451,-94.63868922199143,-3.8692561088267308,27564,-96.6939343764425,2.7165835152131033,15
3452,331.3393670347407,-60.119151298806244,27581,302.44973475302317,-5.405747081354008,25
3453,-139.30400778155547,6.356400692756018,27597,-137.57400940459857,4.493303950559668,20
3454,-33.1469797762406,-8.996622577460641,27599,-29.714479793685786,-1.264748112657314,8
3455,-123.07346626185662,2.610452046249623,27627,-123.80894152337959,5.566802721935252,23
3456,-88.34726297503505,8.18231828914855,27628,-85.91178621041317,3.2728237667350073,24
3457,64.0298844172026,-7.654497360216502,27630,70.166569844569,-14.692630117552799,9
3458,-142.2098625145041,5.2719440110533995,27638,-142.14616351708418,5.245197398204194,22
3459,332.69623881688864,-22.18821004896986,27639,302.44973475302317,-5.405747081354008,25
3460,-136.2672922622817,-10.67006826584347,27640,-130.75996572568545,-6.6137591708523855,18
3461,16.48939367350709,-1.7245572555233408,27656,18.937510567705566,1.034768221250525,27
3462,-16.093581733771995,6.901657146323205,27669,-6.878718007946434,-1.0926682779646681,10
3463,-140.98827121393137,0.4368531265855355,27688,-141.0346653257256,-1.1036168920026446,0
3464,173.8267734782307,-0.8492570754643107,27695,172.66355239880147,-2.7112682595768685,38
3465,181.92403220186821,-30.743156098305025,27704,172.66355239880147,-2.7112682595768685,38
3466,-94.87793217226722,-0.6757944097896977,27711,-96.6939343764425,2.7165835152131033,15
3467,-118.08452691050674,2.9355344900465514,27712,-118.09857507912784,0.7103841694799473,11
3468,-23.878105420587318,3.0684444145218044,27726,-29.714479793685786,-1.264748112657314,8
3469,-86.77968088929525,-1.1662382923056311,27743,-85.91178621041317,3.2728237667350073,24
3470,-129.13540097590206,2.8341240650018418,27753,-129.1025175244067,1.5488809909733745,1
3471,255.4907052712957,-22.069929142944787,27797,227.03647807555316,-5.020718083634986,26
3472,-11.542664397178065,-2.5345205516551927,27827,-6.878718007946434,-1.0926682779646681,10
3473,-35.561167612269024,-3.037074465857594,27838,-29.714479793685786,-1.264748112657314,8
3474,-142.0725408935985,2.776333237011036,27842,-142.14616351708418,5.245197398204194,22
3475,-150.14233938178535,2.609403422003719,27869,-152.23629829764135,4.213482038439798,37
3476,-142.2131650956232,5.341187503320168,27905,-142.14616351708418,5.245197398204194,22
3477,888.04228616613,-22.334247969686466,27907,861.6475783799328,6.515082937232454,35
3478,175.64135598394003,16.95836948917141,27910,172.66355239880147,-2.7112682595768685,38
3479,-33.62451258819255,-2.1253875961752104,27911,-29.714479793685786,-1.264748112657314,8
3480,-51.306428951907066,-7.3414638467706075,27913,-49.93530245157272,-0.19848027172185767,2
3481,-128.9290420084939,-0.14021561420809764,27920,-129.1025175244067,1.5488809909733745,1
3482,-105.02300446905893,2.326301554473814,27921,-104.7190727296112,3.8815952186994593,7
3483,-68.65766168028858,-2.5219446123536935,27924,-66.8889597803445,2.169628081691683,14
3484,-79.10523683472093,-39.6277793131013,27926,-95.36861679384212,-10.95784818293233,28
3485,61.9059637058857,9.256956968144646,27940,47.997068783449585,1.2679199422360634,13
3486,-100.0417401178916,3.3225263764986037,27960,-96.6939343764425,2.7165835152131033,15
3487,110.23567000221703,5.409143041444721,27962,104.96211155305676,-0.5414592591613776,31
3488,-30.858836613202225,3.046674169885771,27963,-29.714479793685786,-1.264748112657314,8
3489,-140.0916547116812,2.7197846173820848,27973,-137.57400940459857,4.493303950559668,20
3490,-91.28071447834911,7.688920707985154,27978,-85.91178621041317,3.2728237667350073,24
3491,833.1029728072687,-10.898798235562527,27992,861.6475783799328,6.515082937232454,35
3492,4.696126837187451,-62.29284676362701,28000,28.39696760572947,-22.91072472808294,12
3493,-117.10343382128325,3.376288681945679,28005,-118.09857507912784,0.7103841694799473,11
3494,-114.08122595669644,1.8974503242339908,28014,-114.33047638704419,5.73481138949136,19
3495,121.17583653739857,-8.348990982765454,28015,135.4076551174278,-1.697351881935795,33
3496,108.87541186767744,-4.020297095539774,28021,104.96211155305676,-0.5414592591613776,31
3497,-83.06165553020587,3.0183898043913717,28028,-85.91178621041317,3.2728237667350073,24
3498,-80.79329125289857,-0.7774468096187435,28029,-77.6204452281073,-4.536559244831727,5
3499,230.47528688403574,5.751499557572366,28037,227.03647807555316,-5.020718083634986,26
3500,-84.72737689176272,-0.2249484572902056,28042,-85.91178621041317,3.2728237667350073,24
3501,-122.02444633513979,1.0354988588796583,28045,-123.94204162798616,-1.5144507595891967,3
3502,-113.01422082050699,1.9864210482821365,28060,-114.33047638704419,5.73481138949136,19
3503,-71.03266877274322,4.136556361853998,28061,-66.8889597803445,2.169628081691683,14
3504,-140.91033672519845,-0.24743268664030016,28063,-141.0346653257256,-1.1036168920026446,0
3505,-123.3107767729304,7.286167100792153,28064,-123.80894152337959,5.566802721935252,23
3506,-127.04142663332564,1.8348312496225478,28066,-129.1025175244067,1.5488809909733745,1
3507,-19.012384578027746,5.066286213580621,28076,-29.714479793685786,-1.264748112657314,8
3508,4.9856800773260534,5.002773368717475,28101,-6.878718007946434,-1.0926682779646681,10
3509,150.1969740517393,-6.780728691540532,28117,135.4076551174278,-1.697351881935795,33
3510,427.94029315682815,-8.13160684977996,28118,417.6915390220547,-4.11857226961515,29
3511,-153.15264270312935,3.3227270974404703,28122,-152.23629829764135,4.213482038439798,37
3512,-137.90048734635226,-1.422290880792659,28124,-141.0346653257256,-1.1036168920026446,0
3513,-1.4341007998035846,12.565400537431563,28130,-6.878718007946434,-1.0926682779646681,10
3514,-21.906920081856125,3.228049624273423,28137,-29.714479793685786,-1.264748112657314,8
3515,-77.07369805057425,3.3873910999716546,28148,-77.6204452281073,-4.536559244831727,5
3516,-103.00592663326951,1.9802862161338133,28155,-104.7190727296112,3.8815952186994593,7
3517,-135.0144597684596,0.09436640854356625,28164,-134.89656831690453,-0.030690791204986433,34
3518,-138.35263174911537,7.441168089875226,28167,-137.57400940459857,4.493303950559668,20
3519,-130.3891478340281,-7.900456850862525,28171,-130.75996572568545,-6.6137591708523855,18
3520,42.24015562930505,2.6222364991636256,28173,47.997068783449585,1.2679199422360634,13
3521,554.8881205190812,25.613324929524794,28185,586.0312761189704,-1.722944617346204,30
3522,104.18263599409471,-8.26093268408086,28201,104.96211155305676,-0.5414592591613776,31
3523,-110.89523562047987,1.4821629344027614,28203,-109.71624596876933,-1.0040630408538558,16
3524,324.2527231816526,-16.21155053097069,28206,302.44973475302317,-5.405747081354008,25
3525,-129.29230180073284,6.278261383353353,28211,-132.1080396739421,5.887059356646324,17
3526,49.49572275159765,0.22612021013833802,28214,47.997068783449585,1.2679199422360634,13
3527,-95.07412313686817,4.632813584306971,28226,-96.6939343764425,2.7165835152131033,15
3528,-43.653912364452204,-1.1326759103697308,28227,-49.93530245157272,-0.19848027172185767,2
3529,-81.02243288816865,1.6656942306175593,28237,-85.91178621041317,3.2728237667350073,24
3530,-120.56279300972217,-6.48473237414025,28242,-123.94204162798616,-1.5144507595891967,3
3531,185.88777356030894,-1.4740896279856337,28245,172.66355239880147,-2.7112682595768685,38
3532,-148.1221099917717,2.240453623600045,28246,-146.59606179012786,4.113086925586259,4
3533,-115.10879984301859,2.993344859572548,28274,-114.33047638704419,5.73481138949136,19
3534,231.1339459723393,11.203303252984847,28305,227.03647807555316,-5.020718083634986,26
3535,-129.03631060477244,0.6596372952727506,28308,-129.1025175244067,1.5488809909733745,1
3536,-131.17061825735823,4.06295662800505,28316,-132.1080396739421,5.887059356646324,17
3537,-102.75375543407871,-0.9711212932643728,28323,-104.7190727296112,3.8815952186994593,7
3538,-134.07341671212228,2.4082455423093805,28338,-134.89656831690453,-0.030690791204986433,34
3539,25.074065731053576,4.419037042892695,28342,18.937510567705566,1.034768221250525,27
3540,145.17499219461104,-35.83643856212709,28345,110.19899446847099,-35.665903512662624,21
3541,-88.17779666640688,4.967884629869625,28356,-85.91178621041317,3.2728237667350073,24
3542,-19.3109081489423,-5.191693038734381,28365,-29.714479793685786,-1.264748112657314,8
3543,-118.1732494977957,4.380887784863319,28366,-118.09857507912784,0.7103841694799473,11
3544,-10.521627114425417,-1.9442700681877247,28379,-6.878718007946434,-1.0926682779646681,10
3545,-71.21367490379883,7.577102977979659,28394,-66.8889597803445,2.169628081691683,14
3546,-111.29015205669546,6.546150297302548,28398,-114.33047638704419,5.73481138949136,19
3547,157.506253310158,-26.11464336376845,28408,172.66355239880147,-2.7112682595768685,38
3548,11.897017889531924,6.028309701901962,28411,18.937510567705566,1.034768221250525,27
3549,-122.99415605507339,0.35653114099011,28412,-123.94204162798616,-1.5144507595891967,3
3550,61.85276687424772,-4.8265309698178855,28415,70.166569844569,-14.692630117552799,9
3551,707.2903070524839,10.7983244996546,28427,586.0312761189704,-1.722944617346204,30
3552,-109.2069276294189,5.246068750116678,28429,-104.7190727296112,3.8815952186994593,7
3553,582.9055093902792,26.74115217068738,28453,586.0312761189704,-1.722944617346204,30
3554,-52.0493345765813,5.314164004519375,28465,-49.93530245157272,-0.19848027172185767,2
3555,156.5376908599862,-11.571937126995062,28480,172.66355239880147,-2.7112682595768685,38
3556,2.837002138245625,7.706472576882761,28494,-6.878718007946434,-1.0926682779646681,10
3557,-117.16431291724645,3.694646345919778,28500,-118.09857507912784,0.7103841694799473,11
3558,-129.3640335769799,7.828929952512985,28508,-132.1080396739421,5.887059356646324,17
3559,-118.80241374172975,-0.6989912816895829,28511,-118.09857507912784,0.7103841694799473,11
3560,-74.99279991812541,3.703190896482185,28517,-66.8889597803445,2.169628081691683,14
3561,225.19602877213583,-18.681409611795594,28525,227.03647807555316,-5.020718083634986,26
3562,-55.95908688698939,3.2808417859549746,28537,-49.93530245157272,-0.19848027172185767,2
3563,27.48485985290905,-44.091576616026174,28545,28.39696760572947,-22.91072472808294,12
3564,-109.95419645650773,1.7376498901602904,28549,-109.71624596876933,-1.0040630408538558,16
3565,175.35890556194255,-8.373922515340675,28551,172.66355239880147,-2.7112682595768685,38
3566,-10.258981115850279,10.108679768326123,28558,-6.878718007946434,-1.0926682779646681,10
3567,-92.4601927033186,10.562179868725332,28570,-96.6939343764425,2.7165835152131033,15
3568,-40.99764266019298,2.3208155978686746,28575,-49.93530245157272,-0.19848027172185767,2
3569,-136.0818359693765,2.0351311084236166,28586,-134.89656831690453,-0.030690791204986433,34
3570,-32.71728218630472,0.9289607234627038,28588,-29.714479793685786,-1.264748112657314,8
3571,-91.17672821819613,5.4026683963961455,28594,-85.91178621041317,3.2728237667350073,24
3572,152.9839950790975,-32.556622372868794,28599,135.4076551174278,-1.697351881935795,33
3573,161.0961062655579,8.81031254738943,28612,172.66355239880147,-2.7112682595768685,38
3574,-144.98324946414132,-0.7616078406115669,28613,-148.09620948762597,-1.1157003398540595,36
3575,-118.12874559381208,3.8968123720905674,28618,-118.09857507912784,0.7103841694799473,11
3576,-39.9641193238491,3.6467269787408187,28621,-49.93530245157272,-0.19848027172185767,2
3577,-132.84605407617923,-1.5353841373725952,28635,-134.89656831690453,-0.030690791204986433,34
3578,111.8460756330869,10.889574279494363,28642,104.96211155305676,-0.5414592591613776,31
3579,799.7067108013822,-6.362299509964215,28644,861.6475783799328,6.515082937232454,35
3580,-126.21376784244347,4.632599393229246,28658,-123.80894152337959,5.566802721935252,23
3581,-31.22140411662243,-7.329990536328006,28673,-29.714479793685786,-1.264748112657314,8
3582,41.40819036846836,0.47981987442263296,28679,47.997068783449585,1.2679199422360634,13
3583,96.62302915323997,-0.23898949447433468,28680,104.96211155305676,-0.5414592591613776,31
3584,-40.97873947617953,5.006138650939787,28697,-49.93530245157272,-0.19848027172185767,2
3585,-136.10590908461532,2.582538597330867,28704,-137.57400940459857,4.493303950559668,20
3586,-123.84783034046808,-1.322735194860164,28707,-123.94204162798616,-1.5144507595891967,3
3587,-66.09637364917414,4.591492775412721,28709,-66.8889597803445,2.169628081691683,14
3588,-136.02673791775396,-13.87390171038521,28722,-130.75996572568545,-6.6137591708523855,18
3589,-99.21613610488399,6.1316383742373315,28724,-96.6939343764425,2.7165835152131033,15
3590,-127.02918990747882,0.5433593252453817,28726,-129.1025175244067,1.5488809909733745,1
3591,32.858798507267934,-5.963775699866606,28734,18.937510567705566,1.034768221250525,27
3592,77.22622408947322,4.545920458753528,28737,78.01149217232324,3.6022338347977136,6
3593,-14.228636239513387,-6.890512766800802,28738,-6.878718007946434,-1.0926682779646681,10
3594,-65.87576263481265,1.284757140118271,28741,-66.8889597803445,2.169628081691683,14
3595,-135.25588444046312,5.887590200594671,28752,-137.57400940459857,4.493303950559668,20
3596,316.79344918414785,4.358341463724436,28756,302.44973475302317,-5.405747081354008,25
3597,42.42248955063028,1.1847747321268036,28757,47.997068783449585,1.2679199422360634,13
3598,-7.406634628246442,-3.3803561903535306,28759,-6.878718007946434,-1.0926682779646681,10
3599,-122.87248217953163,-0.7593811728827257,28763,-123.94204162798616,-1.5144507595891967,3
3600,-101.25073645444513,6.3420316476397005,28777,-104.7190727296112,3.8815952186994593,7
3601,-53.42674826525707,-5.268603360541902,28783,-49.93530245157272,-0.19848027172185767,2
3602,-79.89852870694294,2.5804927757430214,28798,-85.91178621041317,3.2728237667350073,24
3603,-10.84080697329725,3.514538220191444,28799,-6.878718007946434,-1.0926682779646681,10
3604,-133.2013580632228,4.212204443408749,28806,-132.1080396739421,5.887059356646324,17
3605,-39.14788752332728,6.146524237883951,28807,-29.714479793685786,-1.264748112657314,8
3606,-99.86216246272522,-0.6086798479183352,28815,-96.6939343764425,2.7165835152131033,15
3607,-109.14319261854128,4.872609467294754,28828,-104.7190727296112,3.8815952186994593,7
3608,327.0572276882603,1.315065706544846,28834,302.44973475302317,-5.405747081354008,25
3609,-131.25625821585038,5.435297191812844,28839,-132.1080396739421,5.887059356646324,17
3610,-81.72533429981644,-1.745188834398319,28842,-77.6204452281073,-4.536559244831727,5
3611,-101.18820207078258,5.47641268747122,28853,-104.7190727296112,3.8815952186994593,7
3612,1015.7457598736601,-13.696666400630473,28855,861.6475783799328,6.515082937232454,35
3613,-9.723108604894033,0.42288435325134505,28866,-6.878718007946434,-1.0926682779646681,10
3614,-137.98229131438677,-0.667599286756261,28873,-141.0346653257256,-1.1036168920026446,0
3615,-119.94812286128291,1.4465964998997343,28878,-118.09857507912784,0.7103841694799473,11
3616,-136.9496948175932,-0.8704335023390362,28896,-134.89656831690453,-0.030690791204986433,34
3617,64.38832916939728,1.792866895366021,28904,78.01149217232324,3.6022338347977136,6
3618,-135.3604924859002,7.670784741635,28943,-132.1080396739421,5.887059356646324,17
3619,300.83969584392617,3.5718167997739654,28951,302.44973475302317,-5.405747081354008,25
3620,-94.86094106159281,0.9819627204295462,28953,-96.6939343764425,2.7165835152131033,15
3621,-70.09055237325258,5.415698554656955,28981,-66.8889597803445,2.169628081691683,14
3622,-106.64027086649693,-17.749310395267447,28982,-115.69510858146283,-11.595084171039186,39
3623,-38.13562483990926,4.885464238308653,28985,-29.714479793685786,-1.264748112657314,8
3624,-14.901119996189967,3.7290298901444374,28992,-6.878718007946434,-1.0926682779646681,10
3625,142.23071957365403,-7.651855987384832,29002,135.4076551174278,-1.697351881935795,33
3626,-123.04467407027128,1.4625909011187874,29004,-123.94204162798616,-1.5144507595891967,3
3627,-92.02878508296874,2.1550786151426418,29007,-96.6939343764425,2.7165835152131033,15
3628,-135.88018358581698,-1.8375313732009924,29009,-134.89656831690453,-0.030690791204986433,34
3629,-83.00763574219698,2.868736692893583,29013,-85.91178621041317,3.2728237667350073,24
3630,-84.04943826902017,3.7710012566804845,29015,-85.91178621041317,3.2728237667350073,24
3631,-111.02574451623815,1.755640869263145,29026,-109.71624596876933,-1.0040630408538558,16
3632,-56.717778372016326,-0.48765550501627547,29027,-49.93530245157272,-0.19848027172185767,2
3633,353.42833379522233,-3.2944223037547364,29028,302.44973475302317,-5.405747081354008,25
3634,-126.59331249132092,-4.889076345838078,29038,-123.94204162798616,-1.5144507595891967,3
3635,-145.27230738069252,6.086591102639226,29043,-146.59606179012786,4.113086925586259,4
3636,-69.17244335486045,5.172577938707581,29044,-66.8889597803445,2.169628081691683,14
3637,-128.15006761057415,4.710248896651096,29050,-129.1025175244067,1.5488809909733745,1
3638,45.58005688986148,-1.178227502324123,29051,47.997068783449585,1.2679199422360634,13
3639,-124.79316767301127,-3.0471572256596704,29072,-123.94204162798616,-1.5144507595891967,3
3640,32.46443477252499,-14.621587904252522,29078,28.39696760572947,-22.91072472808294,12
3641,-102.2575475127927,6.985268683458535,29079,-104.7190727296112,3.8815952186994593,7
3642,-96.24606499812727,-9.441383545455123,29084,-95.36861679384212,-10.95784818293233,28
3643,-63.25830900778503,7.657747432165476,29085,-66.8889597803445,2.169628081691683,14
3644,-23.6448404991898,0.010555933643287576,29086,-29.714479793685786,-1.264748112657314,8
3645,-143.25987682803776,5.833888750757586,29088,-142.14616351708418,5.245197398204194,22
3646,-111.03822856330031,1.5133768046422018,29095,-109.71624596876933,-1.0040630408538558,16
3647,98.30516558717483,-24.755536861807897,29098,110.19899446847099,-35.665903512662624,21
3648,-115.00422800210586,0.719114190314702,29102,-118.09857507912784,0.7103841694799473,11
3649,110.28764269853656,-9.43718886685833,29103,104.96211155305676,-0.5414592591613776,31
3650,-140.98859421638284,-0.08062421322696116,29122,-141.0346653257256,-1.1036168920026446,0
3651,-124.77548535012603,-3.4363223961276455,29129,-123.94204162798616,-1.5144507595891967,3
3652,-63.55488946520512,-2.611340133271582,29136,-66.8889597803445,2.169628081691683,14
3653,18.572465823695005,-2.486472112136184,29139,18.937510567705566,1.034768221250525,27
3654,21.52295069008492,-16.077011590327643,29148,28.39696760572947,-22.91072472808294,12
3655,-122.12868899632738,4.351417187120853,29170,-123.80894152337959,5.566802721935252,23
3656,43.70238768047378,-3.3831431575374666,29175,47.997068783449585,1.2679199422360634,13
3657,-28.209040663490324,8.201400199562352,29185,-29.714479793685786,-1.264748112657314,8
3658,-141.33426169131948,6.9826683999544255,29186,-142.14616351708418,5.245197398204194,22
3659,26.56918007627015,-1.2641980464216265,29188,18.937510567705566,1.034768221250525,27
3660,-54.87744514759725,2.0316731548292526,29191,-49.93530245157272,-0.19848027172185767,2
3661,66.98406131579485,8.64482489041768,29193,78.01149217232324,3.6022338347977136,6
3662,-135.3450956315188,-7.9140074185567615,29207,-130.75996572568545,-6.6137591708523855,18
3663,471.51163045015846,14.148927648673615,29227,417.6915390220547,-4.11857226961515,29
3664,72.87239818648185,-5.077998168743068,29233,70.166569844569,-14.692630117552799,9
3665,-134.2461976146578,5.176237706330565,29251,-132.1080396739421,5.887059356646324,17
3666,-98.15489193603011,4.799309584054339,29268,-96.6939343764425,2.7165835152131033,15
3667,-122.28246570892833,6.677477632376502,29277,-123.80894152337959,5.566802721935252,23
3668,85.98762174150562,-20.57721800934928,29279,70.166569844569,-14.692630117552799,9
3669,-7.990721450535131,-9.442526442559576,29283,-6.878718007946434,-1.0926682779646681,10
3670,-68.30809714866605,8.657809128849882,29291,-66.8889597803445,2.169628081691683,14
3671,134.45859134312573,2.9776751656611284,29292,135.4076551174278,-1.697351881935795,33
3672,-26.563022295386574,-2.34082876751468,29301,-29.714479793685786,-1.264748112657314,8
3673,101.03880058415858,9.043171892074184,29311,104.96211155305676,-0.5414592591613776,31
3674,-133.684918634985,-4.035352427550498,29314,-130.75996572568545,-6.6137591708523855,18
3675,262.59767411919967,5.1634518860663166,29323,227.03647807555316,-5.020718083634986,26
3676,-128.98403531603927,0.03661059122608372,29341,-129.1025175244067,1.5488809909733745,1
3677,-117.19628394902752,4.896623568400795,29368,-114.33047638704419,5.73481138949136,19
3678,380.9173559598039,-9.449598282367877,29370,417.6915390220547,-4.11857226961515,29
3679,-146.1452328926709,3.2882841725115064,29371,-146.59606179012786,4.113086925586259,4
3680,-47.142872380200494,6.447792876150252,29394,-49.93530245157272,-0.19848027172185767,2
3681,92.06850838322684,8.242432996494452,29396,78.01149217232324,3.6022338347977136,6
3682,-134.82644805090493,-1.9883400106442797,29408,-134.89656831690453,-0.030690791204986433,34
3683,-58.30983253449455,8.878327219671936,29419,-66.8889597803445,2.169628081691683,14
3684,-106.2197688510526,6.093508595036271,29429,-104.7190727296112,3.8815952186994593,7
3685,-145.07541616771763,2.272178678626093,29433,-146.59606179012786,4.113086925586259,4
3686,6.019883227352211,5.810557581940225,29442,18.937510567705566,1.034768221250525,27
3687,-52.123964976347175,-9.31493712572138,29453,-49.93530245157272,-0.19848027172185767,2
3688,99.74497427912702,-1.8144558214059754,29461,104.96211155305676,-0.5414592591613776,31
3689,-130.3059270697771,7.052356609073712,29465,-132.1080396739421,5.887059356646324,17
3690,78.11261991604138,6.52220600516145,29481,78.01149217232324,3.6022338347977136,6
3691,-64.3939585895606,10.624607028568493,29487,-66.8889597803445,2.169628081691683,14
3692,77.98581852411272,9.309699777744598,29509,78.01149217232324,3.6022338347977136,6
3693,103.2697756678334,5.053548640730149,29510,104.96211155305676,-0.5414592591613776,31
3694,-58.97802755178218,3.652576643619812,29511,-66.8889597803445,2.169628081691683,14
3695,-151.27679551956368,5.567369528661536,29517,-152.23629829764135,4.213482038439798,37
3696,-98.88981862377959,1.0469931515464395,29520,-96.6939343764425,2.7165835152131033,15
3697,-69.71672791437238,-0.7206669616595314,29523,-66.8889597803445,2.169628081691683,14
3698,272.23334288254233,-17.688882591593654,29533,302.44973475302317,-5.405747081354008,25
3699,679.2391000499917,25.160685849845564,29548,586.0312761189704,-1.722944617346204,30
3700,-75.1626587370862,5.88800287052941,29567,-66.8889597803445,2.169628081691683,14
3701,17.9975373301675,5.47633636159699,29579,18.937510567705566,1.034768221250525,27
3702,259.5989116366487,-23.33711235899612,29581,227.03647807555316,-5.020718083634986,26
3703,-117.79246427966002,-16.14468910847998,29591,-115.69510858146283,-11.595084171039186,39
3704,-56.76562368993637,0.06316859989213514,29596,-49.93530245157272,-0.19848027172185767,2
3705,-137.21314206863798,4.925921179622694,29599,-137.57400940459857,4.493303950559668,20
3706,383.4934732422078,-3.189034828393266,29602,417.6915390220547,-4.11857226961515,29
3707,-35.826053528088146,1.7301676827780716,29604,-29.714479793685786,-1.264748112657314,8
3708,-84.897405230127,0.41567020021780815,29610,-85.91178621041317,3.2728237667350073,24
3709,393.1359172310215,2.2262570195381484,29612,417.6915390220547,-4.11857226961515,29
3710,117.44880372392322,-12.342374177298517,29615,104.96211155305676,-0.5414592591613776,31
3711,-69.64604280173964,-2.2613234437535734,29641,-66.8889597803445,2.169628081691683,14
3712,86.76836347624888,-3.0674904689247358,29660,78.01149217232324,3.6022338347977136,6
3713,565.0716706330693,9.099140549503671,29665,586.0312761189704,-1.722944617346204,30
3714,67.12638948846829,4.486672665918386,29671,78.01149217232324,3.6022338347977136,6
3715,-90.21707347810168,5.783211549527271,29679,-85.91178621041317,3.2728237667350073,24
3716,-98.13557148015889,4.8867600367404735,29684,-96.6939343764425,2.7165835152131033,15
3717,-7.911493673284487,-11.157191664425625,29687,-6.878718007946434,-1.0926682779646681,10
3718,-108.03063512935428,2.425707942100842,29688,-104.7190727296112,3.8815952186994593,7
3719,-65.0002665532761,4.027883661381241,29700,-66.8889597803445,2.169628081691683,14
3720,-78.8382201390249,0.23988821986031858,29703,-77.6204452281073,-4.536559244831727,5
3721,-126.87447675021599,-0.7812763166433859,29708,-123.94204162798616,-1.5144507595891967,3
3722,-132.00590208722912,0.9559919120174495,29712,-129.1025175244067,1.5488809909733745,1
3723,-154.9406351117163,-1.864801614980433,29744,-152.23629829764135,4.213482038439798,37
3724,66.3222260203088,3.2783661015469754,29749,78.01149217232324,3.6022338347977136,6
3725,92.28252679955762,4.055001408754483,29764,104.96211155305676,-0.5414592591613776,31
3726,453.5541422722019,-1.814683340616454,29775,417.6915390220547,-4.11857226961515,29
3727,-137.24460100073838,5.075652968129868,29782,-137.57400940459857,4.493303950559668,20
3728,-58.52466798034792,-4.229502274070003,29791,-49.93530245157272,-0.19848027172185767,2
3729,-82.79308772479301,-1.3153202979343743,29793,-85.91178621041317,3.2728237667350073,24
3730,-78.76832299191092,0.2577726279309588,29805,-77.6204452281073,-4.536559244831727,5
3731,-66.70906587866342,-1.8724526013677723,29829,-66.8889597803445,2.169628081691683,14
3732,-134.00254296624377,-0.14389488533949094,29833,-134.89656831690453,-0.030690791204986433,34
3733,-114.85304169095404,-1.06616528771731,29837,-118.09857507912784,0.7103841694799473,11
3734,535.3400882758493,-10.474304460987565,29843,586.0312761189704,-1.722944617346204,30
3735,132.51059050910976,2.3166384478347153,29850,135.4076551174278,-1.697351881935795,33
3736,-1.1342774721140918,-7.7205085317085524,29855,-6.878718007946434,-1.0926682779646681,10
3737,501.7914230758103,25.815341398343318,29863,586.0312761189704,-1.722944617346204,30
3738,-146.26953467981718,6.001988639254765,29866,-146.59606179012786,4.113086925586259,4
3739,-102.68668398843161,-2.4576613233878972,29870,-104.7190727296112,3.8815952186994593,7
3740,38.10301975541614,-23.88926055868123,29873,28.39696760572947,-22.91072472808294,12
3741,-140.22131217667118,4.517412524636843,29883,-142.14616351708418,5.245197398204194,22
3742,23.531089710301295,-2.5358467527047326,29888,18.937510567705566,1.034768221250525,27
3743,-144.34289426012234,7.137072368659319,29891,-142.14616351708418,5.245197398204194,22
3744,-141.07922469981926,1.9027410448060305,29892,-141.0346653257256,-1.1036168920026446,0
3745,-63.90512872667231,-12.767953006095173,29896,-66.8889597803445,2.169628081691683,14
3746,-120.84172106806953,-2.439493692443523,29923,-123.94204162798616,-1.5144507595891967,3
3747,457.62110755306617,12.02435901584747,29926,417.6915390220547,-4.11857226961515,29
3748,-119.06625684661952,2.525633698302366,29927,-118.09857507912784,0.7103841694799473,11
3749,-44.13932131412003,6.401784863359322,29941,-49.93530245157272,-0.19848027172185767,2
3750,-155.29275686540518,5.857563606863814,29948,-152.23629829764135,4.213482038439798,37
3751,2.7565625052086395,-19.98136487507368,29955,-6.878718007946434,-1.0926682779646681,10
3752,107.0255656419284,-34.750518702860276,29959,110.19899446847099,-35.665903512662624,21
3753,358.4788100197967,-3.8100597618076413,29964,302.44973475302317,-5.405747081354008,25
3754,14.272937657484471,2.4649662634044542,29980,18.937510567705566,1.034768221250525,27
3755,-109.065928070838,2.1759578370040975,30006,-109.71624596876933,-1.0040630408538558,16
3756,-149.25937564082773,5.713978827773483,30010,-146.59606179012786,4.113086925586259,4
3757,-22.196850224622484,8.03731957277082,30012,-29.714479793685786,-1.264748112657314,8
3758,54.364625243641576,2.159295940032217,30016,47.997068783449585,1.2679199422360634,13
3759,-116.11662320284276,2.6400697285579904,30027,-118.09857507912784,0.7103841694799473,11
3760,-2.9247431202845635,5.4725794007967545,30028,-6.878718007946434,-1.0926682779646681,10
3761,-114.07671654513909,1.7928233108180323,30029,-114.33047638704419,5.73481138949136,19
3762,-138.2200664777517,5.549857724192109,30032,-137.57400940459857,4.493303950559668,20
3763,209.37962489359512,-21.949780909485316,30035,227.03647807555316,-5.020718083634986,26
3764,-17.94947718173164,-10.499098011181962,30036,-6.878718007946434,-1.0926682779646681,10
3765,-58.1902397808926,7.267641709415902,30038,-66.8889597803445,2.169628081691683,14
3766,121.36935306851909,-10.5263379872036,30040,135.4076551174278,-1.697351881935795,33
3767,669.9805337726274,-0.3229576568803404,30042,586.0312761189704,-1.722944617346204,30
3768,-134.2252477655924,4.7165669120207125,30054,-132.1080396739421,5.887059356646324,17
3769,131.8238661197084,12.224266710593353,30061,135.4076551174278,-1.697351881935795,33
3770,-75.00550747316898,-26.50894206882591,30067,-77.6204452281073,-4.536559244831727,5
3771,-121.93949028514317,0.19812824304573215,30069,-123.94204162798616,-1.5144507595891967,3
3772,-94.65808444356524,-2.409976977361506,30070,-96.6939343764425,2.7165835152131033,15
3773,473.2845595822167,2.901344262005162,30098,417.6915390220547,-4.11857226961515,29
3774,-126.09001345694494,1.8746180392506016,30112,-129.1025175244067,1.5488809909733745,1
3775,-1.0270503947336338,6.219517217214436,30127,-6.878718007946434,-1.0926682779646681,10
3776,41.34833374091441,2.2807856800506103,30131,47.997068783449585,1.2679199422360634,13
3777,212.51647066651307,20.843447194180513,30133,227.03647807555316,-5.020718083634986,26
3778,-138.1875579281158,4.860844975723808,30139,-137.57400940459857,4.493303950559668,20
3779,292.492169748419,-35.18155456064305,30140,302.44973475302317,-5.405747081354008,25
3780,-90.81037905886662,-0.05125173390214944,30148,-85.91178621041317,3.2728237667350073,24
3781,12.396408134418145,0.7401796029250948,30156,18.937510567705566,1.034768221250525,27
3782,-149.20208314199496,4.466648289957412,30159,-146.59606179012786,4.113086925586259,4
3783,-93.14856835098871,5.792007267463296,30193,-96.6939343764425,2.7165835152131033,15
3784,26.392584529490236,1.0588911885597496,30196,18.937510567705566,1.034768221250525,27
3785,-92.87038528247125,0.20828496031364954,30202,-96.6939343764425,2.7165835152131033,15
3786,19.33503079059595,1.1903781003512317,30208,18.937510567705566,1.034768221250525,27
3787,194.73184611584188,-13.13633750223848,30209,172.66355239880147,-2.7112682595768685,38
3788,-85.24043609033008,-8.346387733281663,30219,-77.6204452281073,-4.536559244831727,5
3789,-91.46362584517607,10.66332642001689,30224,-85.91178621041317,3.2728237667350073,24
3790,-126.18596306964261,4.510415816182812,30231,-123.80894152337959,5.566802721935252,23
3791,-148.17607633537725,4.431781389314454,30235,-146.59606179012786,4.113086925586259,4
3792,466.46042901592904,-14.27046498838307,30239,417.6915390220547,-4.11857226961515,29
3793,7.05103239642007,5.647988177828097,30242,18.937510567705566,1.034768221250525,27
3794,-62.05715288898117,4.819045099584045,30247,-66.8889597803445,2.169628081691683,14
3795,-60.747513441031884,0.09749924483024118,30257,-66.8889597803445,2.169628081691683,14
3796,-123.04497967224047,2.4826085294990468,30266,-123.80894152337959,5.566802721935252,23
3797,-139.14444534743095,2.8771109539918402,30269,-137.57400940459857,4.493303950559668,20
3798,280.8197776943474,3.1691304826506386,30273,302.44973475302317,-5.405747081354008,25
3799,-151.02158589763752,1.0085676399771317,30279,-152.23629829764135,4.213482038439798,37
3800,-132.9763848735345,-0.7090001145778002,30284,-134.89656831690453,-0.030690791204986433,34
3801,219.2399743726934,-33.966428685923155,30294,227.03647807555316,-5.020718083634986,26
3802,-120.20343272698554,4.454745461167595,30296,-123.80894152337959,5.566802721935252,23
3803,-132.94175883245202,0.582823877189991,30303,-134.89656831690453,-0.030690791204986433,34
3804,13.85560413995951,9.030450159230696,30313,18.937510567705566,1.034768221250525,27
3805,-97.50714069940015,-19.489189387621632,30316,-95.36861679384212,-10.95784818293233,28
3806,-134.17363155444625,3.583439091205959,30326,-132.1080396739421,5.887059356646324,17
3807,-113.92350273848798,-1.042912314895375,30329,-109.71624596876933,-1.0040630408538558,16
3808,136.930873195601,-17.949173014481424,30337,135.4076551174278,-1.697351881935795,33
3809,224.50308149090662,5.561974877073941,30347,227.03647807555316,-5.020718083634986,26
3810,219.36903473320754,-21.5457011309374,30349,227.03647807555316,-5.020718083634986,26
3811,464.339007248238,-12.666115027734513,30371,417.6915390220547,-4.11857226961515,29
3812,-100.74389720192335,-2.696610526094056,30373,-96.6939343764425,2.7165835152131033,15
3813,283.0961774215846,-29.738703297171448,30379,302.44973475302317,-5.405747081354008,25
3814,-83.73677362324877,-1.5379328179284417,30388,-85.91178621041317,3.2728237667350073,24
3815,-154.1518530577684,2.7588472906944155,30399,-152.23629829764135,4.213482038439798,37
3816,-137.0388680956292,2.131236076951873,30405,-137.57400940459857,4.493303950559668,20
3817,550.9627980419201,10.219136282685199,30409,586.0312761189704,-1.722944617346204,30
3818,-113.29633079440178,6.621833388762162,30414,-114.33047638704419,5.73481138949136,19
3819,-63.589689688919485,-1.8645955509790284,30444,-66.8889597803445,2.169628081691683,14
3820,-94.96324581412127,2.202723092059184,30453,-96.6939343764425,2.7165835152131033,15
3821,-94.20187433855294,5.897268385691379,30464,-96.6939343764425,2.7165835152131033,15
3822,161.4509252708442,-10.60624405925908,30479,172.66355239880147,-2.7112682595768685,38
3823,1.2440501875247962,2.3626013915050894,30491,-6.878718007946434,-1.0926682779646681,10
3824,65.55611579872617,-0.3176104039102186,30492,78.01149217232324,3.6022338347977136,6
3825,-57.34834202166081,9.212368703993288,30505,-66.8889597803445,2.169628081691683,14
3826,-53.01473925319978,4.546548061434432,30506,-49.93530245157272,-0.19848027172185767,2
3827,-134.8292867574141,-2.9412997872690045,30507,-134.89656831690453,-0.030690791204986433,34
3828,8.687551970396004,-4.157293755865781,30523,18.937510567705566,1.034768221250525,27
3829,-82.82544648695946,0.9278236095880655,30539,-85.91178621041317,3.2728237667350073,24
3830,-109.41114594761713,-7.072401330469561,30542,-109.71624596876933,-1.0040630408538558,16
3831,673.1204077041432,-2.3169101490514206,30554,586.0312761189704,-1.722944617346204,30
3832,-25.228365974930675,-36.035734871915835,30559,-29.714479793685786,-1.264748112657314,8
3833,-136.99358411282148,-0.43632403432822214,30560,-134.89656831690453,-0.030690791204986433,34
3834,-83.03199065927494,3.4006352747000106,30570,-85.91178621041317,3.2728237667350073,24
3835,186.61784112484622,2.9356093395103784,30574,172.66355239880147,-2.7112682595768685,38
3836,-138.22003636558262,4.534110924780357,30583,-137.57400940459857,4.493303950559668,20
3837,84.59891507890094,14.812930729302078,30584,78.01149217232324,3.6022338347977136,6
3838,283.12349180829693,-15.60528692545432,30594,302.44973475302317,-5.405747081354008,25
3839,-1.4286390383994947,-3.8332616777400905,30623,-6.878718007946434,-1.0926682779646681,10
3840,23.627903195511454,-46.27410114369174,30633,28.39696760572947,-22.91072472808294,12
3841,-123.26906580721877,5.880808236844214,30635,-123.80894152337959,5.566802721935252,23
3842,33.22076768148134,3.9201748263294767,30637,18.937510567705566,1.034768221250525,27
3843,-130.03295591849422,2.627419445560318,30659,-129.1025175244067,1.5488809909733745,1
3844,-82.3623646106997,-7.157962580004318,30662,-77.6204452281073,-4.536559244831727,5
3845,-152.9248409100099,-1.6579560124725978,30667,-148.09620948762597,-1.1157003398540595,36
3846,-155.21199087738648,4.073160671258664,30669,-152.23629829764135,4.213482038439798,37
3847,106.88646858421873,-75.88704865230919,30686,110.19899446847099,-35.665903512662624,21
3848,-33.78344376592179,1.3560024686109289,30690,-29.714479793685786,-1.264748112657314,8
3849,93.3608251955572,-11.843332297996444,30705,104.96211155305676,-0.5414592591613776,31
3850,-48.57996311902659,-2.8561110487597676,30709,-49.93530245157272,-0.19848027172185767,2
3851,49.394171043490516,-13.314882747807301,30714,47.997068783449585,1.2679199422360634,13
3852,-30.62440920449079,-15.791951033425393,30715,-29.714479793685786,-1.264748112657314,8
3853,-137.2869423694575,6.519168834499689,30733,-137.57400940459857,4.493303950559668,20
3854,-110.13023599151339,4.092100053119109,30734,-114.33047638704419,5.73481138949136,19
3855,-118.83148636952633,-15.307422047297974,30741,-115.69510858146283,-11.595084171039186,39
3856,-37.7729936034334,0.016148066432345252,30742,-29.714479793685786,-1.264748112657314,8
3857,23.36018271383563,1.223095878404245,30748,18.937510567705566,1.034768221250525,27
3858,88.88583296964289,-4.081781404862509,30749,78.01149217232324,3.6022338347977136,6
3859,175.08862722566454,-19.228830017329734,30758,172.66355239880147,-2.7112682595768685,38
3860,-65.81367590133365,1.4786040580587163,30771,-66.8889597803445,2.169628081691683,14
3861,11.659615117280001,-4.013740084028766,30774,18.937510567705566,1.034768221250525,27
3862,-145.335365104008,6.9184253402406455,30796,-146.59606179012786,4.113086925586259,4
3863,-91.26973999255269,6.937433181503973,30803,-85.91178621041317,3.2728237667350073,24
3864,-102.29499056569387,7.297529250459739,30807,-104.7190727296112,3.8815952186994593,7
3865,-109.12766895745548,3.5209075410369666,30813,-104.7190727296112,3.8815952186994593,7
3866,-115.06804963787815,2.6271237815405275,30820,-114.33047638704419,5.73481138949136,19
3867,-128.66777432804142,-2.8028225027244082,30823,-130.75996572568545,-6.6137591708523855,18
3868,-109.36201113261018,8.11692053542812,30825,-114.33047638704419,5.73481138949136,19
3869,-103.2600231448509,7.03129766055655,30829,-104.7190727296112,3.8815952186994593,7
3870,-13.81539195078813,1.856738773548627,30830,-6.878718007946434,-1.0926682779646681,10
3871,-78.10397367669027,4.022091573250216,30832,-85.91178621041317,3.2728237667350073,24
3872,225.20977313728267,-4.258251957242422,30876,227.03647807555316,-5.020718083634986,26
3873,-129.2871934007797,6.143380838536705,30879,-132.1080396739421,5.887059356646324,17
3874,113.33082369124845,-10.34943681728543,30885,104.96211155305676,-0.5414592591613776,31
3875,-118.86050959808856,-0.4509719945964019,30912,-118.09857507912784,0.7103841694799473,11
3876,-117.12489425794384,3.32662813078786,30920,-118.09857507912784,0.7103841694799473,11
3877,18.241318763484507,2.7071054080669446,30922,18.937510567705566,1.034768221250525,27
3878,-139.98878207787823,-0.5469353421249238,30924,-141.0346653257256,-1.1036168920026446,0
3879,-7.3822144369172715,-3.4078962071993386,30925,-6.878718007946434,-1.0926682779646681,10
3880,-146.08469838082266,1.4416694466774278,30931,-146.59606179012786,4.113086925586259,4
3881,-142.01430896186454,0.4953728853731553,30932,-141.0346653257256,-1.1036168920026446,0
3882,-105.27193742204923,7.257638292090621,30939,-104.7190727296112,3.8815952186994593,7
3883,-129.37473090982274,8.080842473819628,30946,-132.1080396739421,5.887059356646324,17
3884,-36.063371328379944,5.39620163649866,30970,-29.714479793685786,-1.264748112657314,8
3885,25.679082870811268,-3.1789030937427487,30995,18.937510567705566,1.034768221250525,27
3886,-59.556977050680246,-3.0261841865296346,30999,-66.8889597803445,2.169628081691683,14
3887,-69.81734923049672,0.44335501063021615,31001,-66.8889597803445,2.169628081691683,14
3888,821.4113854306222,27.364341334732917,31005,861.6475783799328,6.515082937232454,35
3889,-4.786719869853683,-12.828325555536743,31019,-6.878718007946434,-1.0926682779646681,10
3890,-92.10799143081807,3.3756264271676333,31022,-96.6939343764425,2.7165835152131033,15
3891,-23.000452476592205,-10.504022587456403,31030,-29.714479793685786,-1.264748112657314,8
3892,20.762201481168873,9.648760379484395,31033,18.937510567705566,1.034768221250525,27
3893,-50.85582142347735,0.5804030367888134,31043,-49.93530245157272,-0.19848027172185767,2
3894,-83.93583776933818,1.2699735732219062,31044,-85.91178621041317,3.2728237667350073,24
3895,-69.78551192277362,0.7908604701210108,31056,-66.8889597803445,2.169628081691683,14
3896,128.73636971071568,-30.099775534065788,31067,110.19899446847099,-35.665903512662624,21
3897,-92.1710856898569,4.750844093947696,31085,-96.6939343764425,2.7165835152131033,15
3898,-121.3280010142145,7.710277718027803,31088,-123.80894152337959,5.566802721935252,23
3899,965.7168717930816,-0.7138786301920661,31096,861.6475783799328,6.515082937232454,35
3900,486.53377893464454,-0.29837369562210964,31111,417.6915390220547,-4.11857226961515,29
3901,-58.17803955197832,5.981538983211829,31114,-66.8889597803445,2.169628081691683,14
3902,-59.85924463224758,1.545922095298095,31115,-66.8889597803445,2.169628081691683,14
3903,64.79865605651011,11.652176143668575,31126,78.01149217232324,3.6022338347977136,6
3904,376.1990968175975,-13.6474310091626,31127,417.6915390220547,-4.11857226961515,29
3905,338.2572442390127,-1.3506362360491442,31133,302.44973475302317,-5.405747081354008,25
3906,-127.30272205708496,7.041425927229261,31147,-123.80894152337959,5.566802721935252,23
3907,220.44071403321206,-8.372261792021986,31149,227.03647807555316,-5.020718083634986,26
3908,-143.3405091903049,7.085900331644681,31155,-142.14616351708418,5.245197398204194,22
3909,-78.79755177347828,-14.855083068121587,31165,-77.6204452281073,-4.536559244831727,5
3910,-71.40224300691699,-5.0745234276719655,31168,-77.6204452281073,-4.536559244831727,5
3911,798.4541167977584,26.03546072020443,31173,861.6475783799328,6.515082937232454,35
3912,-131.26504470271357,6.146361422824313,31179,-132.1080396739421,5.887059356646324,17
3913,12.566082200432382,-2.4717242603221816,31191,18.937510567705566,1.034768221250525,27
3914,27.643279598521207,-3.377025124090954,31194,18.937510567705566,1.034768221250525,27
3915,-115.03537264189737,3.4514710143600893,31199,-114.33047638704419,5.73481138949136,19
3916,-128.18051183252433,4.350350933287,31202,-129.1025175244067,1.5488809909733745,1
3917,-41.70190039783371,-0.06407116909604092,31210,-49.93530245157272,-0.19848027172185767,2
3918,-114.76987211099753,-2.8806991561669233,31222,-118.09857507912784,0.7103841694799473,11
3919,-146.04266493390426,1.024028020339547,31223,-148.09620948762597,-1.1157003398540595,36
3920,-56.10655858448765,4.988145050121597,31225,-49.93530245157272,-0.19848027172185767,2
3921,-53.74397602640358,-0.3583123019127535,31227,-49.93530245157272,-0.19848027172185767,2
3922,33.07603285111795,5.040218005605319,31234,18.937510567705566,1.034768221250525,27
3923,-144.1875177435983,3.7172287307808243,31246,-146.59606179012786,4.113086925586259,4
3924,-150.32494390901158,6.634456646185337,31251,-152.23629829764135,4.213482038439798,37
3925,-107.22738881330893,5.200755168450606,31266,-104.7190727296112,3.8815952186994593,7
3926,-135.35955791061176,7.634387696706364,31272,-132.1080396739421,5.887059356646324,17
3927,-116.09897293314494,3.289802496480666,31279,-114.33047638704419,5.73481138949136,19
3928,-87.52350333185537,-3.7233910510441426,31280,-85.91178621041317,3.2728237667350073,24
3929,-140.85943310324757,-0.33531514791427103,31285,-141.0346653257256,-1.1036168920026446,0
3930,-15.067498974604623,-8.904155720340357,31287,-6.878718007946434,-1.0926682779646681,10
3931,-37.73634134480598,0.2536137391169705,31294,-29.714479793685786,-1.264748112657314,8
3932,313.92595762522313,17.665021542023002,31297,302.44973475302317,-5.405747081354008,25
3933,-103.87986288560157,-0.808001612934604,31303,-104.7190727296112,3.8815952186994593,7
3934,52.95708183783989,6.427643193039194,31307,47.997068783449585,1.2679199422360634,13
3935,24.43764823875851,-0.47000607703176955,31308,18.937510567705566,1.034768221250525,27
3936,-48.897064494893726,3.083408103067583,31315,-49.93530245157272,-0.19848027172185767,2
3937,214.58171568438607,4.18616983212729,31317,227.03647807555316,-5.020718083634986,26
3938,-1.6032225668531372,-0.5169490075300851,31321,-6.878718007946434,-1.0926682779646681,10
3939,-97.08995390808005,2.892696583259233,31330,-96.6939343764425,2.7165835152131033,15
3940,12.274518650768284,2.380216513064995,31340,18.937510567705566,1.034768221250525,27
3941,-98.45785688972079,-5.860005402059853,31342,-95.36861679384212,-10.95784818293233,28
3942,-70.07405931987691,4.539635656500571,31344,-66.8889597803445,2.169628081691683,14
3943,-90.12600762718822,5.346067907653755,31353,-85.91178621041317,3.2728237667350073,24
3944,42.80025764971395,-5.029142840966091,31354,47.997068783449585,1.2679199422360634,13
3945,173.9894816844815,-2.8622421134985654,31362,172.66355239880147,-2.7112682595768685,38
3946,-57.65630395109561,-16.05069646327839,31364,-49.93530245157272,-0.19848027172185767,2
3947,-20.43826145536563,-2.9055973333112486,31367,-29.714479793685786,-1.264748112657314,8
3948,-106.78554547783641,-15.582457953698686,31375,-115.69510858146283,-11.595084171039186,39
3949,-98.0998607102119,4.627478654783886,31377,-96.6939343764425,2.7165835152131033,15
3950,75.41147823084493,-12.739669165050573,31379,70.166569844569,-14.692630117552799,9
3951,211.8893504448555,-14.759412796175795,31383,227.03647807555316,-5.020718083634986,26
3952,-125.07682900586738,2.133429582900139,31404,-123.80894152337959,5.566802721935252,23
3953,-58.40335981812727,-5.355568827958613,31410,-49.93530245157272,-0.19848027172185767,2
3954,-56.94274387667653,2.3917735598406518,31418,-49.93530245157272,-0.19848027172185767,2
3955,-122.39342504661847,8.609302306260316,31424,-123.80894152337959,5.566802721935252,23
3956,-120.04405085934471,2.5328662382102056,31447,-118.09857507912784,0.7103841694799473,11
3957,-19.203883950461673,7.734511831333736,31452,-29.714479793685786,-1.264748112657314,8
3958,-105.43138413708341,9.708277272631175,31453,-104.7190727296112,3.8815952186994593,7
3959,43.84039166026736,9.866372041331973,31470,47.997068783449585,1.2679199422360634,13
3960,-137.79099008725436,-3.3046626379578385,31472,-141.0346653257256,-1.1036168920026446,0
3961,-126.84204104119752,-2.010135263230022,31482,-123.94204162798616,-1.5144507595891967,3
3962,-10.135479212294626,-7.316809745209507,31486,-6.878718007946434,-1.0926682779646681,10
3963,-63.379443769830836,10.298676270445004,31498,-66.8889597803445,2.169628081691683,14
3964,-102.84839067823025,1.0958088816971991,31500,-104.7190727296112,3.8815952186994593,7
3965,-139.05566500125198,0.9279648424055577,31504,-141.0346653257256,-1.1036168920026446,0
3966,454.1546135436667,-10.340853543383783,31508,417.6915390220547,-4.11857226961515,29
3967,91.21786753205353,5.981984031350045,31515,78.01149217232324,3.6022338347977136,6
3968,-104.28565106812589,6.538291611276766,31536,-104.7190727296112,3.8815952186994593,7
3969,-92.52479517738874,-5.315233997886659,31546,-95.36861679384212,-10.95784818293233,28
3970,389.7519601908948,-6.700623686187071,31549,417.6915390220547,-4.11857226961515,29
3971,988.998989478721,10.277358531434933,31550,861.6475783799328,6.515082937232454,35
3972,1621.3352511897199,27.3927869663843,31552,1342.5649032771717,32.04824045393157,32
3973,-128.6253356504688,-4.235362533329796,31556,-130.75996572568545,-6.6137591708523855,18
3974,344.14110157996544,15.507558241424015,31563,302.44973475302317,-5.405747081354008,25
3975,32.603111415224355,13.337724001291301,31568,18.937510567705566,1.034768221250525,27
3976,168.86898455894044,-1.3310551372903754,31569,172.66355239880147,-2.7112682595768685,38
3977,-35.77130780338734,-13.686501530575436,31571,-29.714479793685786,-1.264748112657314,8
3978,-138.26111114807117,5.442920765744854,31575,-137.57400940459857,4.493303950559668,20
3979,13.199123600609802,3.014654244422582,31585,18.937510567705566,1.034768221250525,27
3980,-143.98823633642698,-0.1282772488495116,31591,-141.0346653257256,-1.1036168920026446,0
3981,-52.10562202889301,4.502295183927421,31594,-49.93530245157272,-0.19848027172185767,2
3982,-2.05391996756294,5.759615883853728,31602,-6.878718007946434,-1.0926682779646681,10
3983,389.28661168854615,14.614190390213773,31609,417.6915390220547,-4.11857226961515,29
3984,-135.24851394051828,5.724611674236003,31610,-137.57400940459857,4.493303950559668,20
3985,92.10633823432073,7.934946367302058,31612,78.01149217232324,3.6022338347977136,6
3986,78.94987644388065,9.079465170179397,31613,78.01149217232324,3.6022338347977136,6
3987,-92.05921139165288,2.8230023916812383,31614,-96.6939343764425,2.7165835152131033,15
3988,-135.81253322630116,-2.835931732357365,31639,-134.89656831690453,-0.030690791204986433,34
3989,-95.3346160777689,7.781470788977929,31647,-96.6939343764425,2.7165835152131033,15
3990,910.991843658098,-20.844924337750008,31674,861.6475783799328,6.515082937232454,35
3991,-109.15682551849443,4.67822336529447,31676,-104.7190727296112,3.8815952186994593,7
3992,60.33026565903805,-11.723977060812008,31677,70.166569844569,-14.692630117552799,9
3993,-67.61639933437301,-1.8500700354079025,31696,-66.8889597803445,2.169628081691683,14
3994,159.63601809942415,1.059100384285212,31716,172.66355239880147,-2.7112682595768685,38
3995,-43.58762774893021,-1.567712054069327,31719,-49.93530245157272,-0.19848027172185767,2
3996,-140.95184023169145,0.6655300234427918,31720,-141.0346653257256,-1.1036168920026446,0
3997,-136.6133996021197,-4.6227119162641115,31722,-134.89656831690453,-0.030690791204986433,34
3998,7.213990314750901,-12.628748205423328,31725,18.937510567705566,1.034768221250525,27
3999,628.4107741141394,6.322003042687846,31729,586.0312761189704,-1.722944617346204,30
4000,-44.52146688007937,-3.552555214292228,31730,-49.93530245157272,-0.19848027172185767,2
4001,-133.51131417448997,-6.820178504587815,31732,-130.75996572568545,-6.6137591708523855,18
4002,-63.721093633558205,-0.509436058704526,31737,-66.8889597803445,2.169628081691683,14
4003,-15.489584102768463,-16.957415481034126,31748,-6.878718007946434,-1.0926682779646681,10
4004,41.37951312752409,1.6101682990124786,31752,47.997068783449585,1.2679199422360634,13
4005,-111.7061164995761,-2.169972958289925,31753,-109.71624596876933,-1.0040630408538558,16
4006,505.9298326740269,-19.790391045697177,31760,586.0312761189704,-1.722944617346204,30
4007,-11.980132504300988,5.516614797822631,31772,-6.878718007946434,-1.0926682779646681,10
4008,-121.34480501627574,7.543554563446387,31778,-123.80894152337959,5.566802721935252,23
4009,91.94509614043592,9.924641996117346,31781,78.01149217232324,3.6022338347977136,6
4010,-135.8479353641845,-1.5399354772583604,31794,-134.89656831690453,-0.030690791204986433,34
4011,-130.35419358533326,7.615441015373044,31807,-132.1080396739421,5.887059356646324,17
4012,140.8547861289095,-2.5162921559999236,31809,135.4076551174278,-1.697351881935795,33
4013,152.80035272735608,-1.1166041448276807,31836,135.4076551174278,-1.697351881935795,33
4014,-123.31844755926103,7.454013834727889,31837,-123.80894152337959,5.566802721935252,23
4015,-142.1602353048772,3.194669638700984,31843,-142.14616351708418,5.245197398204194,22
4016,337.9929261521927,2.3836746350277407,31850,302.44973475302317,-5.405747081354008,25
4017,34.556662781628354,-1.3595686064014776,31851,47.997068783449585,1.2679199422360634,13
4018,-123.09035334429372,2.460003833850594,31853,-123.80894152337959,5.566802721935252,23
4019,-127.24122613305643,5.710970586148142,31861,-123.80894152337959,5.566802721935252,23
4020,-132.96181213734758,0.48591856840932235,31869,-134.89656831690453,-0.030690791204986433,34
4021,-67.74147499193647,-0.6541918017904798,31876,-66.8889597803445,2.169628081691683,14
4022,-145.07017024178984,1.136791193864118,31882,-146.59606179012786,4.113086925586259,4
4023,-15.943883084153017,4.651287092182278,31883,-6.878718007946434,-1.0926682779646681,10
4024,354.91839791272724,3.791237010694449,31885,302.44973475302317,-5.405747081354008,25
4025,-67.10368567412614,5.2199394767603335,31887,-66.8889597803445,2.169628081691683,14
4026,-85.04061323400134,3.034072327309929,31891,-85.91178621041317,3.2728237667350073,24
4027,129.46408117008426,3.292631975560671,31898,135.4076551174278,-1.697351881935795,33
4028,-109.25417186868587,6.804808541500131,31934,-114.33047638704419,5.73481138949136,19
4029,190.88501960153138,-0.7986845942525626,31950,172.66355239880147,-2.7112682595768685,38
4030,298.9468346304559,1.738803730256774,31958,302.44973475302317,-5.405747081354008,25
4031,-97.82850665966907,-0.8032958560106223,31959,-96.6939343764425,2.7165835152131033,15
4032,69.69939287188927,12.352653101296372,31992,78.01149217232324,3.6022338347977136,6
4033,-153.98392838727543,-0.39578227998894716,31997,-152.23629829764135,4.213482038439798,37
4034,-142.19551736574294,3.9316180171409663,31998,-142.14616351708418,5.245197398204194,22
4035,1.9165030306020996,7.500428392322552,32000,-6.878718007946434,-1.0926682779646681,10
4036,-63.592824738381765,-2.8165094178113494,32013,-66.8889597803445,2.169628081691683,14
4037,-83.1193894546846,4.807039239353879,32024,-85.91178621041317,3.2728237667350073,24
4038,-56.89466108395335,1.8603310089586227,32037,-49.93530245157272,-0.19848027172185767,2
4039,-65.03204322580874,2.691473470264628,32045,-66.8889597803445,2.169628081691683,14
4040,-72.31781818240971,8.296052860332397,32058,-66.8889597803445,2.169628081691683,14
4041,-100.94127872468299,2.1241697556976944,32060,-104.7190727296112,3.8815952186994593,7
4042,-114.11276591045707,3.621508343248985,32061,-114.33047638704419,5.73481138949136,19
4043,526.9660826671984,23.956802842263816,32064,586.0312761189704,-1.722944617346204,30
4044,463.6035125184536,12.517451066430088,32104,417.6915390220547,-4.11857226961515,29
4045,75.51919206459173,-14.073065319094923,32111,70.166569844569,-14.692630117552799,9
4046,-119.90526976280043,-1.025575037446558,32122,-118.09857507912784,0.7103841694799473,11
4047,-117.32983838510503,-8.46394261079047,32137,-115.69510858146283,-11.595084171039186,39
4048,35.3482417645598,-13.053045762253078,32146,28.39696760572947,-22.91072472808294,12
4049,9.484571128203234,-0.7153301977858075,32147,18.937510567705566,1.034768221250525,27
4050,-138.10799401410256,2.6047817698844034,32150,-137.57400940459857,4.493303950559668,20
4051,122.22688233066941,-8.4184440315842,32154,135.4076551174278,-1.697351881935795,33
4052,-76.65464643540075,-3.217766999628628,32156,-77.6204452281073,-4.536559244831727,5
4053,188.63714586407173,2.5330128552742535,32162,172.66355239880147,-2.7112682595768685,38
4054,1012.3311408927209,20.682771183755424,32168,861.6475783799328,6.515082937232454,35
4055,71.94127453065263,-35.028531963224324,32171,70.166569844569,-14.692630117552799,9
4056,-97.10834446035207,4.324508218978498,32174,-96.6939343764425,2.7165835152131033,15
4057,469.2872440111435,17.491981205205,32186,417.6915390220547,-4.11857226961515,29
4058,-113.80367376421474,-2.1317832354894968,32188,-109.71624596876933,-1.0040630408538558,16
4059,-71.20946087746438,6.462654316212787,32191,-66.8889597803445,2.169628081691683,14
4060,-114.14461932991433,5.338082321779475,32193,-114.33047638704419,5.73481138949136,19
4061,-84.71300492674062,-2.6114521086343827,32195,-85.91178621041317,3.2728237667350073,24
4062,-26.005631447854483,5.330990587825207,32197,-29.714479793685786,-1.264748112657314,8
4063,-125.13949651456414,4.531818366179184,32200,-123.80894152337959,5.566802721935252,23
4064,48.38420335039869,2.128891619268834,32210,47.997068783449585,1.2679199422360634,13
4065,141.6331621174206,0.8124849803039573,32218,135.4076551174278,-1.697351881935795,33
4066,665.6249912434453,-24.12427474440796,32229,586.0312761189704,-1.722944617346204,30
4067,618.863472944011,-14.904105130158616,32240,586.0312761189704,-1.722944617346204,30
4068,79.38636195123863,3.1166566301819523,32249,78.01149217232324,3.6022338347977136,6
4069,-88.32866149114186,-7.996018232422861,32258,-95.36861679384212,-10.95784818293233,28
4070,-147.04610170746275,1.0798745815361381,32259,-148.09620948762597,-1.1157003398540595,36
4071,56.06233962194168,6.744261439189115,32303,47.997068783449585,1.2679199422360634,13
4072,-140.25267633213795,5.744620805535209,32310,-142.14616351708418,5.245197398204194,22
4073,-133.7746347148177,-3.092291509150854,32350,-134.89656831690453,-0.030690791204986433,34
4074,3.8378275695044812,7.726905618804634,32359,-6.878718007946434,-1.0926682779646681,10
4075,143.29075867171244,-8.448185097514465,32362,135.4076551174278,-1.697351881935795,33
4076,-92.68702595389058,-2.796179447815553,32367,-96.6939343764425,2.7165835152131033,15
4077,-93.94629280364686,0.8159580018761259,32369,-96.6939343764425,2.7165835152131033,15
4078,-83.10104505341415,4.390199734083023,32371,-85.91178621041317,3.2728237667350073,24
4079,-130.26294836772968,6.119013457827887,32375,-132.1080396739421,5.887059356646324,17
4080,-43.5915003261193,-1.479441403582398,32378,-49.93530245157272,-0.19848027172185767,2
4081,-137.95745312541473,0.8270861514914079,32381,-134.89656831690453,-0.030690791204986433,34
4082,-81.99547627550444,3.1242972530015156,32386,-85.91178621041317,3.2728237667350073,24
4083,-128.21599008552667,5.647131662128909,32387,-132.1080396739421,5.887059356646324,17
4084,-136.97688648082823,-0.27112035386671024,32393,-134.89656831690453,-0.030690791204986433,34
4085,39.70193375571478,-2.9264518173013667,32411,47.997068783449585,1.2679199422360634,13
4086,20.49459380758071,-1.266066764705568,32418,18.937510567705566,1.034768221250525,27
4087,455.43199042805776,14.609671739542021,32447,417.6915390220547,-4.11857226961515,29
4088,-126.17833184334614,3.843734117252901,32470,-123.80894152337959,5.566802721935252,23
4089,-139.2404717518909,4.973723651156961,32477,-137.57400940459857,4.493303950559668,20
4090,-143.31598333163268,6.528948531410003,32496,-142.14616351708418,5.245197398204194,22
4091,109.12143204295505,-7.343816452500809,32504,104.96211155305676,-0.5414592591613776,31
4092,-125.82569088477669,-1.836327147310435,32513,-123.94204162798616,-1.5144507595891967,3
4093,-144.154599430455,3.006417085730252,32516,-146.59606179012786,4.113086925586259,4
4094,-75.34516969973811,-6.395060558341269,32522,-77.6204452281073,-4.536559244831727,5
4095,-143.20287812485682,4.592881788995175,32527,-142.14616351708418,5.245197398204194,22
4096,108.73684385566922,-30.434754914845033,32537,110.19899446847099,-35.665903512662624,21
4097,-83.02740888637679,2.2734951621590365,32544,-85.91178621041317,3.2728237667350073,24
4098,-82.38702366307466,-7.136450588063684,32549,-77.6204452281073,-4.536559244831727,5
4099,-114.27455421529336,6.64023169329604,32552,-114.33047638704419,5.73481138949136,19
4100,-55.12277401253042,4.831798020167025,32555,-49.93530245157272,-0.19848027172185767,2
4101,580.5829887462237,2.258262822956135,32561,586.0312761189704,-1.722944617346204,30
4102,-101.02596473972848,2.4521234088144737,32581,-104.7190727296112,3.8815952186994593,7
4103,470.4717822638038,-28.661626726801416,32582,417.6915390220547,-4.11857226961515,29
4104,45.7297438137624,-3.426628393133791,32587,47.997068783449585,1.2679199422360634,13
4105,-145.95120447713575,-0.4675649026905176,32595,-148.09620948762597,-1.1157003398540595,36
4106,-107.31383252773476,-7.6150477770732365,32608,-109.71624596876933,-1.0040630408538558,16
4107,-134.0260081996074,1.3775112505404257,32612,-134.89656831690453,-0.030690791204986433,34
4108,28.148705763803857,4.372716413343974,32635,18.937510567705566,1.034768221250525,27
4109,-118.02305685987977,0.5468064326507678,32649,-118.09857507912784,0.7103841694799473,11
4110,-68.91193614864211,1.0007057576672536,32654,-66.8889597803445,2.169628081691683,14
4111,249.44390873859322,-6.930630919055034,32664,227.03647807555316,-5.020718083634986,26
4112,-148.99573612991227,-0.5588971473718632,32675,-148.09620948762597,-1.1157003398540595,36
4113,-121.85198290476477,-1.2073714122035146,32686,-123.94204162798616,-1.5144507595891967,3
4114,-130.27123803238004,6.319059781262798,32692,-132.1080396739421,5.887059356646324,17
4115,-38.87483236609198,2.7468792439334835,32695,-29.714479793685786,-1.264748112657314,8
4116,-114.30814194805971,6.865562461976838,32698,-114.33047638704419,5.73481138949136,19
4117,-134.16306839295962,4.901473937732129,32701,-132.1080396739421,5.887059356646324,17
4118,-70.73795524402269,-0.2774528884656467,32713,-66.8889597803445,2.169628081691683,14
4119,-120.10336926360415,2.7882889383883067,32747,-118.09857507912784,0.7103841694799473,11
4120,-116.23016334559009,5.117079836830481,32751,-114.33047638704419,5.73481138949136,19
4121,-16.588297116750446,-0.5879379766867253,32752,-6.878718007946434,-1.0926682779646681,10
4122,282.5980151663115,-8.2097215333534,32756,302.44973475302317,-5.405747081354008,25
4123,204.29392549644732,-6.9648730257240725,32765,227.03647807555316,-5.020718083634986,26
4124,911.95262467539,22.68073661006807,32766,861.6475783799328,6.515082937232454,35
4125,-86.17309414559996,4.382328564594051,32781,-85.91178621041317,3.2728237667350073,24
4126,388.98583865207064,4.436145649497862,32785,417.6915390220547,-4.11857226961515,29
4127,-88.18405159886822,6.636123675289497,32791,-85.91178621041317,3.2728237667350073,24
4128,-8.495052428198147,-1.9864881318759304,32809,-6.878718007946434,-1.0926682779646681,10
4129,-65.85211119948804,0.25658762831581755,32814,-66.8889597803445,2.169628081691683,14
4130,275.77768423128003,17.710935745636355,32815,302.44973475302317,-5.405747081354008,25
4131,67.43095408486147,1.9359867378580606,32850,78.01149217232324,3.6022338347977136,6
4132,324.6311673127577,7.527320709625754,32858,302.44973475302317,-5.405747081354008,25
4133,-95.04127328516253,2.8736729318230254,32868,-96.6939343764425,2.7165835152131033,15
4134,-96.763826547014,-0.6510004809855133,32871,-96.6939343764425,2.7165835152131033,15
4135,17.20141405552763,3.055009033020879,32873,18.937510567705566,1.034768221250525,27
4136,269.1818192107036,11.287739580287843,32881,302.44973475302317,-5.405747081354008,25
4137,-57.21340134083365,7.8160640826954015,32900,-49.93530245157272,-0.19848027172185767,2
4138,-112.89384077107854,-1.152034868541179,32902,-109.71624596876933,-1.0040630408538558,16
4139,92.43403252737396,-26.656926776184882,32905,110.19899446847099,-35.665903512662624,21
4140,-134.15704258191312,3.222810204674473,32916,-134.89656831690453,-0.030690791204986433,34
4141,39.832393109234935,-6.2962637395142425,32918,47.997068783449585,1.2679199422360634,13
4142,76.553591014884,-0.07218037577672463,32923,78.01149217232324,3.6022338347977136,6
4143,114.75864654400986,-1.8837183400604047,32930,104.96211155305676,-0.5414592591613776,31
4144,-88.42842255898496,-5.3044981240157085,32933,-85.91178621041317,3.2728237667350073,24
4145,-108.02052749163344,3.239130227962408,32936,-104.7190727296112,3.8815952186994593,7
4146,5.476498560057393,-1.1372707996052203,32937,-6.878718007946434,-1.0926682779646681,10
4147,-131.91210569813182,-1.5744967517791173,32941,-134.89656831690453,-0.030690791204986433,34
4148,-89.71318284259655,-2.162222698175037,32942,-85.91178621041317,3.2728237667350073,24
4149,132.15408762694418,-6.653502122438265,32952,135.4076551174278,-1.697351881935795,33
4150,-39.887705349437425,2.4867184648423577,32955,-49.93530245157272,-0.19848027172185767,2
4151,-95.52050409734034,-5.455868430667919,32958,-95.36861679384212,-10.95784818293233,28
4152,-56.315832062763704,9.04623370107476,32962,-49.93530245157272,-0.19848027172185767,2
4153,326.807870519748,-10.014987225523651,32985,302.44973475302317,-5.405747081354008,25
4154,-103.06775922620872,3.311443935648331,32987,-104.7190727296112,3.8815952186994593,7
4155,187.22227438785796,9.037025293880765,33001,172.66355239880147,-2.7112682595768685,38
4156,-81.03433463180154,2.4566848056046404,33016,-85.91178621041317,3.2728237667350073,24
4157,-152.0658510776373,1.935950704959977,33019,-152.23629829764135,4.213482038439798,37
4158,-82.49839328929733,-4.18374025720549,33022,-77.6204452281073,-4.536559244831727,5
4159,12.259063795400577,2.208733828872307,33032,18.937510567705566,1.034768221250525,27
4160,-25.196734205728536,7.9879854530260035,33033,-29.714479793685786,-1.264748112657314,8
4161,-103.05805892584513,2.0804794569617724,33041,-104.7190727296112,3.8815952186994593,7
4162,-117.11222751811296,4.066972777893967,33042,-114.33047638704419,5.73481138949136,19
4163,-134.1444430635029,3.454155563680275,33047,-132.1080396739421,5.887059356646324,17
4164,19.74163726449185,-4.633173091481818,33050,18.937510567705566,1.034768221250525,27
4165,-23.664296638331074,-0.5861882857532176,33051,-29.714479793685786,-1.264748112657314,8
4166,-58.98132293309356,3.223397954248466,33053,-66.8889597803445,2.169628081691683,14
4167,135.34258397146107,5.537337991972741,33068,135.4076551174278,-1.697351881935795,33
4168,-130.2207198216062,4.68861024442256,33072,-132.1080396739421,5.887059356646324,17
4169,-143.98547773247273,-0.7074645659317466,33082,-141.0346653257256,-1.1036168920026446,0
4170,139.03133142488326,-4.879830991021351,33084,135.4076551174278,-1.697351881935795,33
4171,-22.731996210516808,0.41280289911349904,33095,-29.714479793685786,-1.264748112657314,8
4172,89.51804464232272,1.4345112956684114,33107,78.01149217232324,3.6022338347977136,6
4173,-81.14954933527888,5.4977966339124835,33130,-85.91178621041317,3.2728237667350073,24
4174,-142.18402396987798,4.181009903628754,33131,-142.14616351708418,5.245197398204194,22
4175,-1.4593788581567468,-2.6493093664375253,33152,-6.878718007946434,-1.0926682779646681,10
4176,-132.13670875974924,3.329817056800504,33155,-132.1080396739421,5.887059356646324,17
4177,97.06267136251125,8.452713284971273,33168,104.96211155305676,-0.5414592591613776,31
4178,-132.0944727842894,2.4135832681078955,33173,-129.1025175244067,1.5488809909733745,1
4179,-96.78811809330631,-0.6383751060811901,33174,-96.6939343764425,2.7165835152131033,15
4180,606.6126391283636,-11.647801686747131,33195,586.0312761189704,-1.722944617346204,30
4181,290.8005885673345,-25.183300896607356,33200,302.44973475302317,-5.405747081354008,25
4182,6.436804611441926,-0.24826591342488366,33202,18.937510567705566,1.034768221250525,27
4183,-140.34815262058393,7.310132068119679,33211,-142.14616351708418,5.245197398204194,22
4184,-117.23199415985391,5.157160366143939,33223,-114.33047638704419,5.73481138949136,19
4185,-119.47591716691284,-6.315752326354213,33230,-115.69510858146283,-11.595084171039186,39
4186,301.6860973641438,-8.785644411691193,33241,302.44973475302317,-5.405747081354008,25
4187,-20.444196474018376,-3.8148151509259036,33248,-29.714479793685786,-1.264748112657314,8
4188,-140.31954255877238,6.702598052896168,33249,-142.14616351708418,5.245197398204194,22
4189,-130.25076111809662,5.863004011052869,33258,-132.1080396739421,5.887059356646324,17
4190,50.96575128473981,-6.4622054265760465,33271,47.997068783449585,1.2679199422360634,13
4191,2.4426986520520706,-1.4543200377664354,33278,-6.878718007946434,-1.0926682779646681,10
4192,202.75465477787597,1.737331849486425,33279,227.03647807555316,-5.020718083634986,26
4193,-130.8827012168376,-1.1862636067333856,33281,-129.1025175244067,1.5488809909733745,1
4194,-142.09770608787548,1.7934296961594614,33296,-141.0346653257256,-1.1036168920026446,0
4195,27.743065654607822,9.6746257001256,33299,18.937510567705566,1.034768221250525,27
4196,236.4387981102956,7.178899425917772,33307,227.03647807555316,-5.020718083634986,26
4197,-145.91418037677192,-2.279226807167047,33316,-148.09620948762597,-1.1157003398540595,36
4198,96.70744292213197,14.183179292676321,33338,104.96211155305676,-0.5414592591613776,31
4199,-144.01601296191265,1.500474630504192,33339,-146.59606179012786,4.113086925586259,4
4200,317.5392813922299,-20.564575775182256,33344,302.44973475302317,-5.405747081354008,25
4201,-145.333641937173,6.888992349682406,33354,-146.59606179012786,4.113086925586259,4
4202,-129.22213201421928,5.252543803358754,33355,-132.1080396739421,5.887059356646324,17
4203,379.8561263880116,20.825008578477846,33356,417.6915390220547,-4.11857226961515,29
4204,-101.05741810311842,3.137150996139536,33361,-104.7190727296112,3.8815952186994593,7
4205,-57.376466645509886,-20.132725880324053,33364,-49.93530245157272,-0.19848027172185767,2
4206,-44.22012211655879,8.184644139624663,33374,-49.93530245157272,-0.19848027172185767,2
4207,-103.19688841642002,5.145264575597178,33377,-104.7190727296112,3.8815952186994593,7
4208,-133.86024137230203,-0.2083317523100355,33382,-134.89656831690453,-0.030690791204986433,34
4209,930.8510786636655,10.485816619611317,33383,861.6475783799328,6.515082937232454,35
4210,-37.88492659842932,-11.737472636125462,33396,-29.714479793685786,-1.264748112657314,8
4211,-106.9415723924487,0.5080277463633833,33398,-109.71624596876933,-1.0040630408538558,16
4212,186.12981985216481,-4.714311028774674,33401,172.66355239880147,-2.7112682595768685,38
4213,-115.12721211116853,3.3988830281840534,33406,-114.33047638704419,5.73481138949136,19
4214,-52.31603038299515,-6.127989806132538,33414,-49.93530245157272,-0.19848027172185767,2
4215,112.7543295125281,-2.3197701921712004,33419,104.96211155305676,-0.5414592591613776,31
4216,-103.30939014628532,7.095187720529902,33426,-104.7190727296112,3.8815952186994593,7
4217,88.9074606320817,-4.5552182217611685,33435,78.01149217232324,3.6022338347977136,6
4218,430.3908533790695,-29.101545144083353,33439,417.6915390220547,-4.11857226961515,29
4219,352.0586468809442,1.6910233713149594,33452,302.44973475302317,-5.405747081354008,25
4220,71.40902937014664,2.4981119267169594,33454,78.01149217232324,3.6022338347977136,6
4221,-17.813802769022125,2.288174835271249,33460,-6.878718007946434,-1.0926682779646681,10
4222,-105.21223674249232,5.437071112936257,33461,-104.7190727296112,3.8815952186994593,7
4223,1.6511663151525764,-4.5031375990420965,33463,-6.878718007946434,-1.0926682779646681,10
4224,-101.02449467688905,1.3878996138967867,33484,-104.7190727296112,3.8815952186994593,7
4225,40.84684887115254,8.130582912666934,33492,47.997068783449585,1.2679199422360634,13
4226,-39.873501116594596,1.6789321496773124,33496,-49.93530245157272,-0.19848027172185767,2
4227,-96.36050515502318,-7.435055964518486,33499,-95.36861679384212,-10.95784818293233,28
4228,744.7185827919561,20.367254372265418,33501,861.6475783799328,6.515082937232454,35
4229,-94.04179749155551,2.3967563761341424,33505,-96.6939343764425,2.7165835152131033,15
4230,-76.93042006127871,2.3089470018923017,33534,-77.6204452281073,-4.536559244831727,5
4231,-77.94745688112938,2.6636148770328334,33536,-77.6204452281073,-4.536559244831727,5
4232,41.34133943525681,1.9273610146522655,33538,47.997068783449585,1.2679199422360634,13
4233,-110.3934029146566,8.78492867965359,33561,-114.33047638704419,5.73481138949136,19
4234,-122.80426066428836,-0.7433219646395834,33574,-123.94204162798616,-1.5144507595891967,3
4235,-103.0311008369093,3.5518630541118066,33592,-104.7190727296112,3.8815952186994593,7
4236,86.64173288950414,-1.334277320673623,33603,78.01149217232324,3.6022338347977136,6
4237,-29.926695022782567,4.033040710379596,33612,-29.714479793685786,-1.264748112657314,8
4238,134.36036167615697,-10.117047944318342,33631,135.4076551174278,-1.697351881935795,33
4239,-109.09417323014468,2.789306103176993,33639,-109.71624596876933,-1.0040630408538558,16
4240,-78.8375449000224,0.7561128294540377,33648,-77.6204452281073,-4.536559244831727,5
4241,-90.87588427565613,-0.15322624402681048,33649,-85.91178621041317,3.2728237667350073,24
4242,449.1418109204124,4.080212314387267,33650,417.6915390220547,-4.11857226961515,29
4243,-66.24785071277107,7.896855644014131,33666,-66.8889597803445,2.169628081691683,14
4244,123.17351858659192,7.494355176938093,33668,135.4076551174278,-1.697351881935795,33
4245,-121.08767759224858,1.9338138580535849,33701,-118.09857507912784,0.7103841694799473,11
4246,-88.89458646538955,0.8010216131860218,33703,-85.91178621041317,3.2728237667350073,24
4247,46.25041263726371,3.4862012663952395,33705,47.997068783449585,1.2679199422360634,13
4248,-140.0606580463777,1.0210591764076995,33707,-141.0346653257256,-1.1036168920026446,0
4249,409.7797397923189,-6.463844524635674,33710,417.6915390220547,-4.11857226961515,29
4250,-104.13004970399544,3.6596619213379076,33715,-104.7190727296112,3.8815952186994593,7
4251,38.66840445275077,-2.7132925558872882,33722,47.997068783449585,1.2679199422360634,13
4252,128.97822963804316,-4.399712464291798,33727,135.4076551174278,-1.697351881935795,33
4253,-150.32653757134122,6.664761888094885,33734,-152.23629829764135,4.213482038439798,37
4254,5.055556003900315,4.99838700522041,33742,-6.878718007946434,-1.0926682779646681,10
4255,162.31597282802173,6.5702020445814355,33744,172.66355239880147,-2.7112682595768685,38
4256,-60.232076210771446,7.149356160807283,33745,-66.8889597803445,2.169628081691683,14
4257,-124.64015352669784,-3.84304877477661,33746,-123.94204162798616,-1.5144507595891967,3
4258,-76.97706637339353,-11.918517693341657,33752,-77.6204452281073,-4.536559244831727,5
4259,-59.196581762082985,6.896602336475506,33754,-66.8889597803445,2.169628081691683,14
4260,77.67116308332686,-2.6377113513631225,33767,78.01149217232324,3.6022338347977136,6
4261,398.48816352928765,-17.054206713441726,33781,417.6915390220547,-4.11857226961515,29
4262,-82.97051691516279,2.559852847687546,33784,-85.91178621041317,3.2728237667350073,24
4263,-123.97405969248086,2.4650950553359205,33789,-123.80894152337959,5.566802721935252,23
4264,-117.59238021975764,-5.2783465000505,33793,-118.09857507912784,0.7103841694799473,11
4265,-75.02057177016616,3.2873532349749963,33796,-66.8889597803445,2.169628081691683,14
4266,-93.14924892894688,4.767056449664916,33801,-96.6939343764425,2.7165835152131033,15
4267,-79.7635630160334,-0.383917469639482,33802,-77.6204452281073,-4.536559244831727,5
4268,125.04749592584177,9.77123452933275,33809,135.4076551174278,-1.697351881935795,33
4269,-121.74410733031445,-2.0148861535317346,33849,-123.94204162798616,-1.5144507595891967,3
4270,-140.2067760826684,4.715368630439781,33857,-142.14616351708418,5.245197398204194,22
4271,-147.14215209166974,3.6943927142723423,33862,-146.59606179012786,4.113086925586259,4
4272,-92.88540626409942,0.5347200834946637,33874,-96.6939343764425,2.7165835152131033,15
4273,-38.93199960690875,-11.2332082253462,33884,-29.714479793685786,-1.264748112657314,8
4274,233.5982660639479,4.655097657015536,33886,227.03647807555316,-5.020718083634986,26
4275,-97.93631841759591,1.5711131768288331,33891,-96.6939343764425,2.7165835152131033,15
4276,-125.21494460618402,5.6700185006165364,33904,-123.80894152337959,5.566802721935252,23
4277,120.1825574253563,-22.21210637239301,33928,110.19899446847099,-35.665903512662624,21
4278,-48.18166288226102,6.757738848847265,33931,-49.93530245157272,-0.19848027172185767,2
4279,24.94951735096959,6.628073243632253,33932,18.937510567705566,1.034768221250525,27
4280,133.03113833253187,10.263332935496075,33954,135.4076551174278,-1.697351881935795,33
4281,144.71588879179606,14.810217813181776,33957,135.4076551174278,-1.697351881935795,33
4282,-117.16900562313805,3.7795727748166374,33958,-118.09857507912784,0.7103841694799473,11
4283,-104.14866409792482,4.58147941085528,33959,-104.7190727296112,3.8815952186994593,7
4284,-89.15039011033905,-10.394323831868961,33970,-95.36861679384212,-10.95784818293233,28
4285,-122.0451564842585,1.5012009345455668,33973,-123.94204162798616,-1.5144507595891967,3
4286,-15.055139415344568,6.5833544708162925,33982,-6.878718007946434,-1.0926682779646681,10
4287,-94.7901994645685,-0.041091067036803014,33984,-96.6939343764425,2.7165835152131033,15
4288,-125.06419782068711,1.851477869617345,33994,-123.94204162798616,-1.5144507595891967,3
4289,-140.12811780316426,3.0006084816012666,33999,-137.57400940459857,4.493303950559668,20
4290,-55.74974065980282,-15.521026790702287,34001,-49.93530245157272,-0.19848027172185767,2
4291,-126.46714617148866,-6.130718257502407,34012,-130.75996572568545,-6.6137591708523855,18
4292,-138.11930977865146,3.353969211196029,34017,-137.57400940459857,4.493303950559668,20
4293,-141.01880103520745,1.6338506268635722,34030,-141.0346653257256,-1.1036168920026446,0
4294,57.82088235438677,-5.221802283004018,34041,47.997068783449585,1.2679199422360634,13
4295,192.49430499487033,-10.012699413144947,34051,172.66355239880147,-2.7112682595768685,38
4296,247.3870522910623,-6.226564056676501,34056,227.03647807555316,-5.020718083634986,26
4297,-29.963182957095245,3.79875810721579,34059,-29.714479793685786,-1.264748112657314,8
4298,-130.0545987343083,2.080059827585175,34063,-129.1025175244067,1.5488809909733745,1
4299,7.175564110306438,3.436118990819345,34079,18.937510567705566,1.034768221250525,27
4300,42.91519284456812,-21.246359941945467,34080,28.39696760572947,-22.91072472808294,12
4301,-45.162601089553085,-8.339769864429208,34103,-49.93530245157272,-0.19848027172185767,2
4302,-134.90766068749033,-1.747699118089288,34105,-134.89656831690453,-0.030690791204986433,34
4303,-129.19236619440176,4.595679834541911,34110,-129.1025175244067,1.5488809909733745,1
4304,-25.743703311754913,1.6331510890228733,34113,-29.714479793685786,-1.264748112657314,8
4305,699.1155393503423,-15.475260957687095,34117,586.0312761189704,-1.722944617346204,30
4306,-145.88950581891672,-2.8316785135136158,34120,-148.09620948762597,-1.1157003398540595,36
4307,-154.24920174725438,5.41179524793351,34125,-152.23629829764135,4.213482038439798,37
4308,103.19537398121375,-8.550728086315683,34131,104.96211155305676,-0.5414592591613776,31
4309,-108.72280475984068,-2.281438410049419,34134,-109.71624596876933,-1.0040630408538558,16
4310,-126.94379866344316,1.7563779615247588,34136,-129.1025175244067,1.5488809909733745,1
4311,156.69654869473152,14.41729667233526,34140,172.66355239880147,-2.7112682595768685,38
4312,-88.07520549788704,3.740019551672882,34142,-85.91178621041317,3.2728237667350073,24
4313,-29.81172296700788,2.019120248843249,34148,-29.714479793685786,-1.264748112657314,8
4314,102.61807102393644,-0.038081222801877604,34153,104.96211155305676,-0.5414592591613776,31
4315,-79.96163865380697,2.93354972727427,34154,-85.91178621041317,3.2728237667350073,24
4316,-12.48738282812487,-16.953644018630676,34155,-6.878718007946434,-1.0926682779646681,10
4317,-69.07274815169527,5.047577706515319,34158,-66.8889597803445,2.169628081691683,14
4318,-76.04561186335428,4.328825729048061,34169,-77.6204452281073,-4.536559244831727,5
4319,-130.3205153126065,6.881561813630568,34170,-132.1080396739421,5.887059356646324,17
4320,48.53779573171102,-0.19780608474636638,34180,47.997068783449585,1.2679199422360634,13
4321,-84.14256278083863,5.310357986423724,34191,-85.91178621041317,3.2728237667350073,24
4322,154.88139277720575,-2.3490409407621065,34192,172.66355239880147,-2.7112682595768685,38
4323,-57.02656507548145,4.746833344510407,34195,-49.93530245157272,-0.19848027172185767,2
4324,124.0512575482756,9.161023233244757,34202,135.4076551174278,-1.697351881935795,33
4325,492.64996418963943,-1.7120770783771546,34208,417.6915390220547,-4.11857226961515,29
4326,-124.28131338781654,6.115973754516926,34221,-123.80894152337959,5.566802721935252,23
4327,93.91993170654544,-33.67523630491066,34233,110.19899446847099,-35.665903512662624,21
4328,63.2847750050522,3.527953255501722,34236,78.01149217232324,3.6022338347977136,6
4329,-100.20630483069883,6.417164619837654,34254,-96.6939343764425,2.7165835152131033,15
4330,180.18087223622575,-5.925064735861218,34256,172.66355239880147,-2.7112682595768685,38
4331,-133.28055889889254,6.468443608912217,34257,-132.1080396739421,5.887059356646324,17
4332,88.06662153978675,7.200968914488807,34258,78.01149217232324,3.6022338347977136,6
4333,-63.321673760674635,8.012629043197675,34264,-66.8889597803445,2.169628081691683,14
4334,-75.08766949061824,-10.486193196505454,34267,-77.6204452281073,-4.536559244831727,5
4335,3.923029435717106,7.37557400417418,34282,-6.878718007946434,-1.0926682779646681,10
4336,469.43899986096113,14.680171675779802,34284,417.6915390220547,-4.11857226961515,29
4337,-14.60024433560924,-0.8054583377657055,34296,-6.878718007946434,-1.0926682779646681,10
4338,-112.30883162652651,6.928024272808687,34299,-114.33047638704419,5.73481138949136,19
4339,283.61645102352213,-22.814442265409454,34300,302.44973475302317,-5.405747081354008,25
4340,585.393288599053,-9.255488952160563,34306,586.0312761189704,-1.722944617346204,30
4341,-132.18731538257663,3.9261296772178076,34320,-132.1080396739421,5.887059356646324,17
4342,-66.61506603135872,-1.8748791350225251,34334,-66.8889597803445,2.169628081691683,14
4343,-137.07064027315607,2.298467435173414,34338,-137.57400940459857,4.493303950559668,20
4344,9.669021488773485,-4.240228794239209,34358,18.937510567705566,1.034768221250525,27
4345,-132.3665452078502,7.853109152156511,34359,-132.1080396739421,5.887059356646324,17
4346,-149.3277934436294,6.713879341879403,34361,-146.59606179012786,4.113086925586259,4
4347,-87.17303671093887,-9.85274816357158,34369,-95.36861679384212,-10.95784818293233,28
4348,45.77418945624128,-4.3980205112555675,34383,47.997068783449585,1.2679199422360634,13
4349,-127.20202104798317,4.829479341029632,34395,-123.80894152337959,5.566802721935252,23
4350,-121.39269812703364,8.602762135301342,34401,-123.80894152337959,5.566802721935252,23
4351,-69.76238394514033,0.27837302845172196,34403,-66.8889597803445,2.169628081691683,14
4352,-110.40917499444949,-7.635596331309807,34406,-115.69510858146283,-11.595084171039186,39
4353,5.0458157973186655,4.714830232729175,34422,-6.878718007946434,-1.0926682779646681,10
4354,489.30023466939207,17.534773099370923,34425,417.6915390220547,-4.11857226961515,29
4355,-146.2825227637324,5.7796513533496645,34441,-146.59606179012786,4.113086925586259,4
4356,-142.26405997631446,5.447930795395866,34446,-142.14616351708418,5.245197398204194,22
4357,-106.97911910035532,2.33906693963397,34492,-104.7190727296112,3.8815952186994593,7
4358,-124.58189923458134,-4.084799713688097,34496,-123.94204162798616,-1.5144507595891967,3
4359,-51.172456401022046,7.009593706065439,34509,-49.93530245157272,-0.19848027172185767,2
4360,-17.999190895542476,4.808252066009444,34513,-6.878718007946434,-1.0926682779646681,10
4361,-43.1643286793615,7.46898374013054,34521,-49.93530245157272,-0.19848027172185767,2
4362,-124.91854753465736,-0.31439081908552474,34545,-123.94204162798616,-1.5144507595891967,3
4363,-52.804558784527806,0.9615460674988324,34546,-49.93530245157272,-0.19848027172185767,2
4364,-49.046527798873065,5.321620452814862,34558,-49.93530245157272,-0.19848027172185767,2
4365,-116.1810900712577,5.578161860319703,34566,-114.33047638704419,5.73481138949136,19
4366,66.64990198372924,-1.327345326380673,34569,78.01149217232324,3.6022338347977136,6
4367,209.31819604781626,-21.11273011923548,34571,227.03647807555316,-5.020718083634986,26
4368,-126.4326585473515,-6.368450694460849,34574,-130.75996572568545,-6.6137591708523855,18
4369,-136.28734378143596,6.541392808771448,34580,-137.57400940459857,4.493303950559668,20
4370,605.3231763944158,6.819624533782346,34582,586.0312761189704,-1.722944617346204,30
4371,-140.27956876727328,6.290485687836249,34589,-142.14616351708418,5.245197398204194,22
4372,-12.716603791357974,1.2581363614995738,34591,-6.878718007946434,-1.0926682779646681,10
4373,401.17726859100566,1.9776320276613917,34594,417.6915390220547,-4.11857226961515,29
4374,-56.38748254942908,10.602834038090279,34614,-49.93530245157272,-0.19848027172185767,2
4375,-135.3603365631206,7.6536773766532376,34619,-132.1080396739421,5.887059356646324,17
4376,-155.3134784210944,6.276005564949854,34623,-152.23629829764135,4.213482038439798,37
4377,-10.890832871105326,3.578231696833675,34635,-6.878718007946434,-1.0926682779646681,10
4378,20.146721501341247,-10.428363544713676,34643,18.937510567705566,1.034768221250525,27
4379,-106.42712585110642,9.59545179490125,34653,-104.7190727296112,3.8815952186994593,7
4380,-53.54490569086829,-2.1737830959711237,34677,-49.93530245157272,-0.19848027172185767,2
4381,100.87453401157038,-4.144764675140039,34684,104.96211155305676,-0.5414592591613776,31
4382,-86.62231282671357,-3.5914014181716745,34687,-85.91178621041317,3.2728237667350073,24
4383,255.98034800561416,14.982728010729593,34690,227.03647807555316,-5.020718083634986,26
4384,-135.3592752469373,7.644349782041492,34694,-132.1080396739421,5.887059356646324,17
4385,-122.90925704398579,1.0557248881516381,34708,-123.94204162798616,-1.5144507595891967,3
4386,-75.89325940059608,0.9903904409900501,34709,-77.6204452281073,-4.536559244831727,5
4387,225.86449753459138,15.995663742794065,34724,227.03647807555316,-5.020718083634986,26
4388,-67.90179467255173,0.7978283399310615,34725,-66.8889597803445,2.169628081691683,14
4389,112.24601875911108,-23.735479978613565,34726,110.19899446847099,-35.665903512662624,21
4390,-140.0118788937556,0.9629175279363189,34728,-141.0346653257256,-1.1036168920026446,0
4391,-54.46371418881081,-3.4468219543502454,34732,-49.93530245157272,-0.19848027172185767,2
4392,-110.65264263360068,-3.3120092085392945,34748,-109.71624596876933,-1.0040630408538558,16
4393,-37.42150467962442,11.679248612047669,34755,-29.714479793685786,-1.264748112657314,8
4394,-81.78800501706641,0.13118659317568074,34767,-85.91178621041317,3.2728237667350073,24
4395,61.734987911032654,-2.7679805780644173,34775,47.997068783449585,1.2679199422360634,13
4396,50.819821308439494,-4.804487141015555,34779,47.997068783449585,1.2679199422360634,13
4397,-97.55950949776806,-4.6493985270086196,34784,-95.36861679384212,-10.95784818293233,28
4398,-144.09522158666815,2.7270295839181693,34786,-146.59606179012786,4.113086925586259,4
4399,-95.09891125927146,3.630660423874008,34790,-96.6939343764425,2.7165835152131033,15
4400,-64.27693384232188,8.586237764055413,34801,-66.8889597803445,2.169628081691683,14
4401,-56.52301589883238,12.572308661108892,34812,-49.93530245157272,-0.19848027172185767,2
4402,-115.16166766350892,4.660705100079927,34815,-114.33047638704419,5.73481138949136,19
4403,-40.886701321085134,2.4699247043927173,34833,-49.93530245157272,-0.19848027172185767,2
4404,-111.20900708804972,-9.477196842295891,34840,-115.69510858146283,-11.595084171039186,39
4405,-144.82294481296515,-2.220370619848475,34852,-148.09620948762597,-1.1157003398540595,36
4406,-25.84527452437618,2.825787954216255,34853,-29.714479793685786,-1.264748112657314,8
4407,196.2476251083911,8.64140641408087,34855,172.66355239880147,-2.7112682595768685,38
4408,533.3571495907045,3.8546163479023456,34858,586.0312761189704,-1.722944617346204,30
4409,-125.10764941132192,3.8401097275480875,34871,-123.80894152337959,5.566802721935252,23
4410,510.05691574388845,7.480537960129795,34873,586.0312761189704,-1.722944617346204,30
4411,-121.08777111305426,3.4562497639348777,34879,-123.80894152337959,5.566802721935252,23
4412,340.74022859010006,-8.289747541037524,34881,302.44973475302317,-5.405747081354008,25
4413,-127.91983873323082,0.6931954966467192,34883,-129.1025175244067,1.5488809909733745,1
4414,-104.21757006003202,6.605082715535867,34884,-104.7190727296112,3.8815952186994593,7
4415,30.150428944016777,3.3577542277203176,34886,18.937510567705566,1.034768221250525,27
4416,-53.83221306157541,2.0721964697290263,34889,-49.93530245157272,-0.19848027172185767,2
4417,171.95250915596202,-31.547765900752896,34919,172.66355239880147,-2.7112682595768685,38
4418,-39.82593134196645,2.1763153491806633,34926,-49.93530245157272,-0.19848027172185767,2
4419,105.45172465601976,2.114428090655148,34933,104.96211155305676,-0.5414592591613776,31
4420,165.9530818496576,12.519698536927871,34947,172.66355239880147,-2.7112682595768685,38
4421,-106.18773054528828,4.892167937234893,34967,-104.7190727296112,3.8815952186994593,7
4422,28.715165702549964,-3.9206051480411226,34978,18.937510567705566,1.034768221250525,27
4423,154.54615271188285,-11.789809913667286,34983,172.66355239880147,-2.7112682595768685,38
4424,187.11418284761035,-4.849277909295306,34990,172.66355239880147,-2.7112682595768685,38
4425,1377.7342993060695,56.185974882898286,34994,1342.5649032771717,32.04824045393157,32
4426,-109.07030736336706,3.289164464325085,35003,-109.71624596876933,-1.0040630408538558,16
4427,-100.02177455503077,1.3450515434120003,35009,-96.6939343764425,2.7165835152131033,15
4428,-2.6201651371755887,-0.6847011584901906,35010,-6.878718007946434,-1.0926682779646681,10
4429,-146.30679765133482,6.2803686270241315,35031,-146.59606179012786,4.113086925586259,4
4430,-106.29431179545082,7.734876439823937,35045,-104.7190727296112,3.8815952186994593,7
4431,-68.33406652509417,-7.036639439304046,35053,-66.8889597803445,2.169628081691683,14
4432,-35.68009018613394,0.07784762572544504,35085,-29.714479793685786,-1.264748112657314,8
4433,-144.06077052738038,2.9987246562978416,35088,-146.59606179012786,4.113086925586259,4
4434,-118.09650211941869,3.188538357606662,35090,-118.09857507912784,0.7103841694799473,11
4435,-22.05796058936282,6.5220335028491565,35093,-29.714479793685786,-1.264748112657314,8
4436,367.77887161854494,6.55336133704281,35105,417.6915390220547,-4.11857226961515,29
4437,-78.94516926303406,-13.178627021455476,35114,-77.6204452281073,-4.536559244831727,5
4438,-133.2800961805891,5.94063328234109,35115,-132.1080396739421,5.887059356646324,17
4439,-111.0531109640778,2.3787889482670557,35124,-109.71624596876933,-1.0040630408538558,16
4440,-138.14627136140618,2.9251968419800813,35136,-137.57400940459857,4.493303950559668,20
4441,-98.87683869087641,0.7559323161209259,35142,-96.6939343764425,2.7165835152131033,15
4442,-25.084375357937013,6.535672549255783,35152,-29.714479793685786,-1.264748112657314,8
4443,499.38862703969096,-12.14446786314269,35153,417.6915390220547,-4.11857226961515,29
4444,-117.33516249380926,7.93581523332804,35159,-114.33047638704419,5.73481138949136,19
4445,116.77721887595085,-2.2691206658644285,35161,104.96211155305676,-0.5414592591613776,31
4446,-84.05757246726326,2.408798917340108,35172,-85.91178621041317,3.2728237667350073,24
4447,175.3814635271559,21.62369541760995,35179,172.66355239880147,-2.7112682595768685,38
4448,542.6409228581069,14.557056966582651,35181,586.0312761189704,-1.722944617346204,30
4449,-4.255429666562848,-6.137220934339031,35210,-6.878718007946434,-1.0926682779646681,10
4450,561.1265578219709,22.5517248611979,35228,586.0312761189704,-1.722944617346204,30
4451,-116.68664334329142,-4.235258754373482,35230,-118.09857507912784,0.7103841694799473,11
4452,-104.97037728107895,1.671175627586852,35243,-104.7190727296112,3.8815952186994593,7
4453,277.67009660555664,5.379879776267381,35250,302.44973475302317,-5.405747081354008,25
4454,-83.9730566670678,0.5518093655283813,35252,-85.91178621041317,3.2728237667350073,24
4455,195.26589460683414,-6.509035457179524,35255,172.66355239880147,-2.7112682595768685,38
4456,-51.03670236121058,5.0776875879437915,35261,-49.93530245157272,-0.19848027172185767,2
4457,827.6284834671154,-4.171489287928514,35269,861.6475783799328,6.515082937232454,35
4458,-121.2338275135803,6.148645773856033,35271,-123.80894152337959,5.566802721935252,23
4459,49.25215893551573,-11.744642569887729,35286,47.997068783449585,1.2679199422360634,13
4460,-81.18750902796185,6.8363511890529365,35288,-85.91178621041317,3.2728237667350073,24
4461,-98.11921980456796,5.042226916480901,35304,-96.6939343764425,2.7165835152131033,15
4462,-115.27354908504294,7.120558506511327,35306,-114.33047638704419,5.73481138949136,19
4463,-65.95952234053549,2.6152106453113437,35308,-66.8889597803445,2.169628081691683,14
4464,-128.7922091373666,-2.1266580935266504,35310,-129.1025175244067,1.5488809909733745,1
4465,-112.8354275432323,-0.8941424840082983,35323,-109.71624596876933,-1.0040630408538558,16
4466,-146.07187719316713,1.6791442946617832,35325,-146.59606179012786,4.113086925586259,4
4467,-108.02847437694837,1.3621315904804727,35333,-109.71624596876933,-1.0040630408538558,16
4468,-139.78487083595988,-2.454043806420016,35335,-141.0346653257256,-1.1036168920026446,0
4469,-60.55275151749683,-4.164979761427079,35362,-66.8889597803445,2.169628081691683,14
4470,16.0955956053915,5.359347333330601,35363,18.937510567705566,1.034768221250525,27
4471,-112.82484134278623,-1.638091198447743,35406,-109.71624596876933,-1.0040630408538558,16
4472,-87.45860297864799,-4.625090889877122,35415,-85.91178621041317,3.2728237667350073,24
4473,-11.79763964749055,2.53413774622228,35433,-6.878718007946434,-1.0926682779646681,10
4474,-38.67236143063213,-15.386938573007576,35439,-29.714479793685786,-1.264748112657314,8
4475,-148.9527660374792,-0.9957044453170419,35443,-148.09620948762597,-1.1157003398540595,36
4476,-132.98949385904237,1.6207606602100078,35447,-134.89656831690453,-0.030690791204986433,34
4477,-104.82974870992827,-0.3787098164370899,35452,-104.7190727296112,3.8815952186994593,7
4478,141.3380306850144,-23.73425801095962,35455,135.4076551174278,-1.697351881935795,33
4479,-18.261974471472747,-5.717786631194104,35460,-6.878718007946434,-1.0926682779646681,10
4480,-103.12351393755169,3.530115370453765,35468,-104.7190727296112,3.8815952186994593,7
4481,-121.3918445660714,8.578512267192107,35471,-123.80894152337959,5.566802721935252,23
4482,-128.01999131613795,0.3275389381138767,35481,-129.1025175244067,1.5488809909733745,1
4483,-77.81377729425836,-0.2728996138042879,35516,-77.6204452281073,-4.536559244831727,5
4484,-132.22017367211367,5.157497056762846,35523,-132.1080396739421,5.887059356646324,17
4485,293.5846291135416,-7.734625172382638,35551,302.44973475302317,-5.405747081354008,25
4486,52.88164837840618,-5.620584693759136,35553,47.997068783449585,1.2679199422360634,13
4487,154.7887745549166,-15.566978007560913,35559,172.66355239880147,-2.7112682595768685,38
4488,-89.3807172488374,-6.3491613259879855,35560,-95.36861679384212,-10.95784818293233,28
4489,-150.3259873884931,6.652080690055607,35564,-152.23629829764135,4.213482038439798,37
4490,-75.01740086678879,3.7219639387103856,35575,-66.8889597803445,2.169628081691683,14
4491,73.33728370205264,-11.666042113847778,35576,70.166569844569,-14.692630117552799,9
4492,470.224931971556,3.6358220099103726,35590,417.6915390220547,-4.11857226961515,29
4493,-142.99167627950317,-0.544158092654442,35592,-141.0346653257256,-1.1036168920026446,0
4494,-114.7015002610538,-2.840407871444142,35593,-118.09857507912784,0.7103841694799473,11
4495,-98.79678261287566,-2.0247153377617115,35596,-96.6939343764425,2.7165835152131033,15
4496,-150.04297277911857,1.9863842098960973,35601,-152.23629829764135,4.213482038439798,37
4497,-53.91719837706231,1.3707272537183082,35602,-49.93530245157272,-0.19848027172185767,2
4498,-147.1093023320044,2.9869330429139205,35613,-146.59606179012786,4.113086925586259,4
4499,-14.30438801678469,10.512368171574316,35621,-6.878718007946434,-1.0926682779646681,10
4500,-123.12247095049288,2.6546498094944946,35622,-123.80894152337959,5.566802721935252,23
4501,552.231971619722,6.39558829591509,35631,586.0312761189704,-1.722944617346204,30
4502,-87.26036812709226,7.287316182542619,35635,-85.91178621041317,3.2728237667350073,24
4503,6.22443477192708,2.352901954497455,35644,18.937510567705566,1.034768221250525,27
4504,-3.895744921271298,3.787970554346382,35645,-6.878718007946434,-1.0926682779646681,10
4505,47.67977772950293,-2.3109091658346936,35648,47.997068783449585,1.2679199422360634,13
4506,65.41589914947957,1.7200259901741248,35653,78.01149217232324,3.6022338347977136,6
4507,-135.25237032675201,5.285135280014606,35678,-137.57400940459857,4.493303950559668,20
4508,47.69642318153369,-3.1716378457616066,35679,47.997068783449585,1.2679199422360634,13
4509,11.7509472224263,-4.462932893509136,35686,18.937510567705566,1.034768221250525,27
4510,-141.2156004460892,5.430129934673089,35687,-142.14616351708418,5.245197398204194,22
4511,-8.755958702017104,-13.062561341616115,35692,-6.878718007946434,-1.0926682779646681,10
4512,-1.5141595310600187,-1.9528352390416845,35700,-6.878718007946434,-1.0926682779646681,10
4513,28.974350645305154,-22.778696690880334,35704,28.39696760572947,-22.91072472808294,12
4514,-92.08807173801573,3.97336061119977,35705,-96.6939343764425,2.7165835152131033,15
4515,-132.9984323508961,1.3025392059640533,35720,-134.89656831690453,-0.030690791204986433,34
4516,155.53664316172143,-11.561877081023903,35723,172.66355239880147,-2.7112682595768685,38
4517,-119.61003757671679,-5.441022524048751,35725,-123.94204162798616,-1.5144507595891967,3
4518,963.3443227083937,33.26760112668216,35737,861.6475783799328,6.515082937232454,35
4519,24.313247880570778,1.7473868173869762,35742,18.937510567705566,1.034768221250525,27
4520,-70.94935103370547,2.3053377368530357,35745,-66.8889597803445,2.169628081691683,14
4521,34.29453055999676,2.8368753663182202,35773,47.997068783449585,1.2679199422360634,13
4522,46.762364332297395,11.1364305668882,35777,47.997068783449585,1.2679199422360634,13
4523,140.2523178089948,-22.37842667600018,35807,135.4076551174278,-1.697351881935795,33
4524,-85.08071663903539,3.910397355174782,35817,-85.91178621041317,3.2728237667350073,24
4525,-5.023262771753437,6.039824716283779,35819,-6.878718007946434,-1.0926682779646681,10
4526,34.230388865499954,-11.018943636090528,35826,28.39696760572947,-22.91072472808294,12
4527,-75.1403897493249,5.399999789048055,35833,-66.8889597803445,2.169628081691683,14
4528,-116.70799895989246,-2.2306407948521163,35839,-118.09857507912784,0.7103841694799473,11
4529,112.51449509000798,-12.82314461061139,35863,104.96211155305676,-0.5414592591613776,31
4530,-64.75281622119803,-15.089929797740218,35868,-77.6204452281073,-4.536559244831727,5
4531,-44.93307906328612,2.8944119439519236,35874,-49.93530245157272,-0.19848027172185767,2
4532,92.5317997549303,1.17003169816318,35875,104.96211155305676,-0.5414592591613776,31
4533,-40.09261807594351,-24.00736902075524,35878,-29.714479793685786,-1.264748112657314,8
4534,-77.2249206884902,5.675929060638988,35894,-85.91178621041317,3.2728237667350073,24
4535,100.844494070134,-3.48175800780414,35901,104.96211155305676,-0.5414592591613776,31
4536,-73.8754885101578,0.11417564205075184,35902,-77.6204452281073,-4.536559244831727,5
4537,-115.06018122285471,2.9642968608268117,35904,-114.33047638704419,5.73481138949136,19
4538,352.7057830150835,-7.3426950512633375,35927,302.44973475302317,-5.405747081354008,25
4539,-120.98583490662327,1.758862846144909,35932,-118.09857507912784,0.7103841694799473,11
4540,-127.36918697559571,8.003539896975091,35954,-123.80894152337959,5.566802721935252,23
4541,69.24886721476369,-25.55528655135053,35980,70.166569844569,-14.692630117552799,9
4542,183.90111444094546,-1.274471275069352,35983,172.66355239880147,-2.7112682595768685,38
4543,-133.36547160556242,7.791922841603451,35989,-132.1080396739421,5.887059356646324,17
4544,-99.19784257560165,5.733799447110691,36023,-96.6939343764425,2.7165835152131033,15
4545,21.528386504773312,-1.4803798193025004,36047,18.937510567705566,1.034768221250525,27
4546,-72.29797029191448,8.885252067129516,36054,-66.8889597803445,2.169628081691683,14
4547,-120.00192217829523,1.6143314264174278,36055,-118.09857507912784,0.7103841694799473,11
4548,-120.91140816836538,-1.428337668939244,36056,-123.94204162798616,-1.5144507595891967,3
4549,-2.148631088138444,7.829110416187546,36059,-6.878718007946434,-1.0926682779646681,10
4550,-145.09495032269413,2.717660651054968,36066,-146.59606179012786,4.113086925586259,4
4551,-117.00080088521273,2.1361942661314166,36075,-118.09857507912784,0.7103841694799473,11
4552,-140.98296725667979,-0.6898901558009362,36077,-141.0346653257256,-1.1036168920026446,0
4553,-130.1184838149592,2.450592543274364,36081,-129.1025175244067,1.5488809909733745,1
4554,-32.82664225301135,-13.437050569578304,36085,-29.714479793685786,-1.264748112657314,8
4555,-107.97816328900744,1.7901039746455378,36086,-109.71624596876933,-1.0040630408538558,16
4556,-140.97104963920964,0.06019749478787532,36087,-141.0346653257256,-1.1036168920026446,0
4557,-140.17051964178745,3.9424786574937367,36099,-142.14616351708418,5.245197398204194,22
4558,-143.34207792895663,7.1308376846554,36101,-142.14616351708418,5.245197398204194,22
4559,-147.0568248462226,0.8048500824211514,36102,-148.09620948762597,-1.1157003398540595,36
4560,134.64799215594016,-0.13939676572662335,36104,135.4076551174278,-1.697351881935795,33
4561,-60.5365157475009,12.79020162274326,36108,-66.8889597803445,2.169628081691683,14
4562,-142.27693642800526,6.215605925908173,36109,-142.14616351708418,5.245197398204194,22
4563,1092.8733286051986,30.0121578712155,36133,861.6475783799328,6.515082937232454,35
4564,16.940120393785932,6.719107206281329,36155,18.937510567705566,1.034768221250525,27
4565,-72.89420777935656,1.058714907510778,36159,-66.8889597803445,2.169628081691683,14
4566,-116.08801631486446,2.0285716300131376,36175,-118.09857507912784,0.7103841694799473,11
4567,90.18474258097413,5.675750042299051,36180,78.01149217232324,3.6022338347977136,6
4568,-129.37480456267502,8.079035450980582,36182,-132.1080396739421,5.887059356646324,17
4569,-94.03930446028056,2.3628849482947376,36183,-96.6939343764425,2.7165835152131033,15
4570,82.40539283582217,-26.699997139905946,36185,70.166569844569,-14.692630117552799,9
4571,-117.27377802518785,6.5973859711352265,36188,-114.33047638704419,5.73481138949136,19
4572,-78.8319430801467,1.6556711040872105,36191,-77.6204452281073,-4.536559244831727,5
4573,-106.14277612108471,4.91153439437874,36193,-104.7190727296112,3.8815952186994593,7
4574,-64.83504179577153,-0.6191308361445258,36198,-66.8889597803445,2.169628081691683,14
4575,-94.03491081550494,3.270745404402409,36201,-96.6939343764425,2.7165835152131033,15
4576,-117.15301089303726,3.949030885198562,36202,-114.33047638704419,5.73481138949136,19
4577,-117.8236259191047,-2.273825210745566,36211,-118.09857507912784,0.7103841694799473,11
4578,-108.83078285090129,-15.663885822292489,36224,-115.69510858146283,-11.595084171039186,39
4579,-13.855225657611026,2.7553873337035455,36252,-6.878718007946434,-1.0926682779646681,10
4580,-121.18622376086171,4.598455861373579,36259,-123.80894152337959,5.566802721935252,23
4581,-154.2499979803152,5.43518820141298,36282,-152.23629829764135,4.213482038439798,37
4582,-148.3015450471526,6.1526839945291005,36286,-146.59606179012786,4.113086925586259,4
4583,-120.8398571780799,-1.9652532916480763,36290,-123.94204162798616,-1.5144507595891967,3
4584,-131.33219066022727,7.113876644116642,36293,-132.1080396739421,5.887059356646324,17
4585,-132.18445573728067,3.866868035210321,36294,-132.1080396739421,5.887059356646324,17
4586,21.438813056055324,-0.5379859667619047,36300,18.937510567705566,1.034768221250525,27
4587,-29.372115062378974,-4.512368492926442,36304,-29.714479793685786,-1.264748112657314,8
4588,-50.84674713871831,0.9071665938509106,36308,-49.93530245157272,-0.19848027172185767,2
4589,-88.69591347000457,-2.0232873823721835,36314,-85.91178621041317,3.2728237667350073,24
4590,-123.9483787639959,-1.173732201274413,36315,-123.94204162798616,-1.5144507595891967,3
4591,-42.09765534580627,6.059527113507387,36317,-49.93530245157272,-0.19848027172185767,2
4592,-118.23807371213087,5.774309733693807,36323,-114.33047638704419,5.73481138949136,19
4593,44.67169936279028,-2.6867083265881173,36344,47.997068783449585,1.2679199422360634,13
4594,-78.17111815117569,4.463390091173005,36348,-85.91178621041317,3.2728237667350073,24
4595,71.60375851604056,-1.2616322412321503,36357,78.01149217232324,3.6022338347977136,6
4596,112.808827672379,-31.439955181217414,36361,110.19899446847099,-35.665903512662624,21
4597,-133.97372878509307,1.268013804782341,36375,-134.89656831690453,-0.030690791204986433,34
4598,-45.941995796653366,2.068778815793057,36391,-49.93530245157272,-0.19848027172185767,2
4599,-108.05082982541921,2.3659909065539617,36397,-104.7190727296112,3.8815952186994593,7
4600,-114.14759394515228,4.36861234916761,36403,-114.33047638704419,5.73481138949136,19
4601,-138.22414178369993,4.624152938939422,36407,-137.57400940459857,4.493303950559668,20
4602,375.6797174207313,8.347638583392271,36408,417.6915390220547,-4.11857226961515,29
4603,-34.210505305469276,-7.112940530962291,36437,-29.714479793685786,-1.264748112657314,8
4604,-140.84940856534018,-3.130407549417295,36438,-141.0346653257256,-1.1036168920026446,0
4605,-36.421569584610765,-4.575815094235138,36446,-29.714479793685786,-1.264748112657314,8
4606,20.91835714315971,-7.474080947114895,36447,18.937510567705566,1.034768221250525,27
4607,-123.17421176310492,3.8010861623195353,36460,-123.80894152337959,5.566802721935252,23
4608,-72.8539431121488,0.17086350457401256,36467,-66.8889597803445,2.169628081691683,14
4609,190.7716939986128,0.13113649649746498,36473,172.66355239880147,-2.7112682595768685,38
4610,-91.39793160258101,9.73285979385742,36480,-85.91178621041317,3.2728237667350073,24
4611,-106.99949277035658,1.251466709025542,36491,-104.7190727296112,3.8815952186994593,7
4612,-145.180008786633,4.570101077646706,36493,-146.59606179012786,4.113086925586259,4
4613,164.81987078550793,-15.569224220334073,36494,172.66355239880147,-2.7112682595768685,38
4614,-81.09212934487262,4.227869260070083,36506,-85.91178621041317,3.2728237667350073,24
4615,-15.560040745461055,-2.2173689067431486,36507,-6.878718007946434,-1.0926682779646681,10
4616,73.1716852036247,-9.062689140529596,36517,70.166569844569,-14.692630117552799,9
4617,-110.9481468059308,-13.124756803529545,36518,-115.69510858146283,-11.595084171039186,39
4618,69.04966482160943,-22.18717876932135,36519,70.166569844569,-14.692630117552799,9
4619,-103.14507867085727,4.517258270915017,36520,-104.7190727296112,3.8815952186994593,7
4620,-100.77273561054513,-1.5452250657532316,36521,-96.6939343764425,2.7165835152131033,15
4621,-142.66219948394314,-3.6560566964609116,36530,-141.0346653257256,-1.1036168920026446,0
4622,-100.08413392558457,2.2279269012337846,36553,-96.6939343764425,2.7165835152131033,15
4623,-108.36519972852962,-7.5364779249832115,36562,-109.71624596876933,-1.0040630408538558,16
4624,-146.2310201942098,5.139244632805492,36563,-146.59606179012786,4.113086925586259,4
4625,-103.09366001608943,3.378975577345211,36595,-104.7190727296112,3.8815952186994593,7
4626,915.0223412574115,21.70106333860567,36596,861.6475783799328,6.515082937232454,35
4627,385.8322049258,-8.010115865944748,36597,417.6915390220547,-4.11857226961515,29
4628,-25.854579495734573,2.5168046631498453,36604,-29.714479793685786,-1.264748112657314,8
4629,-47.31892691595826,9.25816180451615,36611,-49.93530245157272,-0.19848027172185767,2
4630,29.782901745866226,10.377511277160771,36615,18.937510567705566,1.034768221250525,27
4631,245.73380781014328,-11.81321442393813,36617,227.03647807555316,-5.020718083634986,26
4632,172.68367742199342,1.2640652346413108,36620,172.66355239880147,-2.7112682595768685,38
4633,332.9121430614686,18.28077825194669,36628,302.44973475302317,-5.405747081354008,25
4634,-97.4512007959115,10.303962402208303,36637,-96.6939343764425,2.7165835152131033,15
4635,-126.81550847138084,-1.059847231718649,36654,-123.94204162798616,-1.5144507595891967,3
4636,102.66608659401707,-1.07351443836789,36678,104.96211155305676,-0.5414592591613776,31
4637,251.74386961371295,-11.40884135586524,36690,227.03647807555316,-5.020718083634986,26
4638,388.6613457688949,8.967352460991494,36691,417.6915390220547,-4.11857226961515,29
4639,-136.0454705188834,2.2921320337168853,36699,-134.89656831690453,-0.030690791204986433,34
4640,-88.29232919433481,6.960150190558615,36704,-85.91178621041317,3.2728237667350073,24
4641,132.37523540882356,-38.90142220349633,36719,110.19899446847099,-35.665903512662624,21
4642,332.4583321247138,-4.3102188990816845,36722,302.44973475302317,-5.405747081354008,25
4643,-133.3664649561652,7.834658818669151,36729,-132.1080396739421,5.887059356646324,17
4644,-100.9710088027055,1.2632956322383362,36742,-96.6939343764425,2.7165835152131033,15
4645,-27.953275306284677,3.6268957138538336,36752,-29.714479793685786,-1.264748112657314,8
4646,611.1046323243701,10.155078368459218,36756,586.0312761189704,-1.722944617346204,30
4647,-22.077194496526097,-8.800547727212393,36763,-29.714479793685786,-1.264748112657314,8
4648,-92.92394449007546,1.8911345110857132,36769,-96.6939343764425,2.7165835152131033,15
4649,317.9944183088751,-12.718870800137795,36771,302.44973475302317,-5.405747081354008,25
4650,-101.09210878240198,3.391019124242643,36786,-104.7190727296112,3.8815952186994593,7
4651,-26.437901185850645,-3.542568008576981,36812,-29.714479793685786,-1.264748112657314,8
4652,54.622178852568396,14.30557985848807,36820,47.997068783449585,1.2679199422360634,13
4653,-13.185289778522993,8.459954513519667,36828,-6.878718007946434,-1.0926682779646681,10
4654,-67.13936679745314,3.9363001078338784,36839,-66.8889597803445,2.169628081691683,14
4655,7.709613642442721,10.59339911288512,36842,18.937510567705566,1.034768221250525,27
4656,54.791682854917,-4.121382741916527,36843,47.997068783449585,1.2679199422360634,13
4657,-114.12584703825964,4.4319298856400735,36849,-114.33047638704419,5.73481138949136,19
4658,-128.98984436919363,-0.36378402409791694,36863,-129.1025175244067,1.5488809909733745,1
4659,68.88829002402423,-5.486144296802652,36873,70.166569844569,-14.692630117552799,9
4660,-146.1939313052853,3.8378212441882527,36876,-146.59606179012786,4.113086925586259,4
4661,-110.05315923517246,2.88803211586331,36888,-109.71624596876933,-1.0040630408538558,16
4662,-64.25179890954222,-7.234766581878579,36908,-66.8889597803445,2.169628081691683,14
4663,-52.04897428841456,4.786661604667971,36917,-49.93530245157272,-0.19848027172185767,2
4664,-155.24202422544178,4.721151653471098,36918,-152.23629829764135,4.213482038439798,37
4665,-20.728838053490666,-0.14516574550971426,36921,-29.714479793685786,-1.264748112657314,8
4666,-41.95902578419064,3.5094774540233327,36927,-49.93530245157272,-0.19848027172185767,2
4667,-132.74665264162286,-1.6524635700689692,36931,-134.89656831690453,-0.030690791204986433,34
4668,-31.281759568049342,9.740598272665048,36938,-29.714479793685786,-1.264748112657314,8
4669,-96.24262525106201,5.750702471372472,36955,-96.6939343764425,2.7165835152131033,15
4670,-37.044370767177824,5.4713001784451425,36956,-29.714479793685786,-1.264748112657314,8
4671,-112.08301676366797,3.002586713796383,36958,-114.33047638704419,5.73481138949136,19
4672,-148.14184059811342,2.641233551284887,36959,-146.59606179012786,4.113086925586259,4
4673,-126.90254135531322,-1.7100698181645761,36962,-123.94204162798616,-1.5144507595891967,3
4674,77.36911435206822,-12.279450956705812,36965,70.166569844569,-14.692630117552799,9
4675,-29.871864952849272,2.3256979021031743,36971,-29.714479793685786,-1.264748112657314,8
4676,92.24025958704199,-9.2159424391451,36973,104.96211155305676,-0.5414592591613776,31
4677,588.771945957214,-0.20508458636529886,36975,586.0312761189704,-1.722944617346204,30
4678,-152.2516234216699,4.974016556099367,36996,-152.23629829764135,4.213482038439798,37
4679,-112.36469218157458,-8.649054771733743,36999,-115.69510858146283,-11.595084171039186,39
4680,-101.71509909996642,-3.341958527233608,37030,-104.7190727296112,3.8815952186994593,7
4681,93.86494187723495,-32.9869456202936,37038,110.19899446847099,-35.665903512662624,21
4682,279.36521406016277,10.027326093923985,37045,302.44973475302317,-5.405747081354008,25
4683,-144.04899286754642,0.6938511842358425,37047,-141.0346653257256,-1.1036168920026446,0
4684,141.77950499089516,-0.8505082941239392,37048,135.4076551174278,-1.697351881935795,33
4685,-67.21870080999348,7.238136529344496,37061,-66.8889597803445,2.169628081691683,14
4686,-155.31338973975056,6.280452159918023,37062,-152.23629829764135,4.213482038439798,37
4687,-57.86888337951514,2.7965595363232647,37065,-49.93530245157272,-0.19848027172185767,2
4688,-18.697387543185506,1.2422710589095634,37066,-29.714479793685786,-1.264748112657314,8
4689,-124.01045661360435,0.1815777712081131,37077,-123.94204162798616,-1.5144507595891967,3
4690,-121.40111207428929,-8.506736842355298,37081,-115.69510858146283,-11.595084171039186,39
4691,-147.10925688550049,2.455584163907654,37100,-146.59606179012786,4.113086925586259,4
4692,-112.16446759754514,4.783329518575413,37101,-114.33047638704419,5.73481138949136,19
4693,34.57259444334871,-16.955900013389343,37103,28.39696760572947,-22.91072472808294,12
4694,62.32437191057702,-11.558546011385094,37109,70.166569844569,-14.692630117552799,9
4695,30.58124964995196,-2.49335163959303,37119,18.937510567705566,1.034768221250525,27
4696,238.15847364100736,-3.9376358520516086,37123,227.03647807555316,-5.020718083634986,26
4697,-102.04062192009808,3.2732062522674656,37130,-104.7190727296112,3.8815952186994593,7
4698,-138.35157373430118,7.406775743799549,37132,-137.57400940459857,4.493303950559668,20
4699,-97.23096436917318,5.9716892147549405,37133,-96.6939343764425,2.7165835152131033,15
4700,146.78874847894636,-15.700072680946212,37137,135.4076551174278,-1.697351881935795,33
4701,-95.85423183641717,-0.7165300086085359,37156,-96.6939343764425,2.7165835152131033,15
4702,-107.93426149793552,0.839053896344244,37158,-109.71624596876933,-1.0040630408538558,16
4703,-133.1611812827208,3.8458374182122883,37170,-132.1080396739421,5.887059356646324,17
4704,221.4142653567312,-50.93708686393781,37171,227.03647807555316,-5.020718083634986,26
4705,-26.82182474681129,1.7843875281489958,37182,-29.714479793685786,-1.264748112657314,8
4706,-116.03753437354506,2.4399989820346724,37191,-118.09857507912784,0.7103841694799473,11
4707,-115.07726716939109,2.8251707669343213,37197,-114.33047638704419,5.73481138949136,19
4708,34.46715965916102,-14.655161372390461,37204,28.39696760572947,-22.91072472808294,12
4709,-102.65086639874579,-2.2092618916922353,37209,-104.7190727296112,3.8815952186994593,7
4710,-93.72560678710386,-16.6859097642923,37220,-95.36861679384212,-10.95784818293233,28
4711,-32.85726391862336,1.4377024611343305,37221,-29.714479793685786,-1.264748112657314,8
4712,46.378619587433214,-13.017565117754415,37222,47.997068783449585,1.2679199422360634,13
4713,-52.63009272063178,-1.8132515686403086,37244,-49.93530245157272,-0.19848027172185767,2
4714,-88.96029533467546,1.220266554422697,37275,-85.91178621041317,3.2728237667350073,24
4715,127.15960070542428,-21.57060835210532,37314,135.4076551174278,-1.697351881935795,33
4716,-56.15305681334837,5.471142226396553,37316,-49.93530245157272,-0.19848027172185767,2
4717,-144.26329013368294,5.398058859355504,37321,-142.14616351708418,5.245197398204194,22
4718,139.30088275927105,-8.736592636163499,37322,135.4076551174278,-1.697351881935795,33
4719,-122.67506606139946,-4.067580664057636,37334,-123.94204162798616,-1.5144507595891967,3
4720,-10.000483611673657,4.969953888589826,37338,-6.878718007946434,-1.0926682779646681,10
4721,-68.27750028704772,-21.965632674233717,37343,-77.6204452281073,-4.536559244831727,5
4722,-145.33624116848748,6.960522172868016,37372,-146.59606179012786,4.113086925586259,4
4723,-103.47886708561549,-4.965581429404,37375,-109.71624596876933,-1.0040630408538558,16
4724,-85.95264350447555,2.1303101745505106,37388,-85.91178621041317,3.2728237667350073,24
4725,93.85443055909958,-4.331449559465095,37394,104.96211155305676,-0.5414592591613776,31
4726,-119.11944844454881,3.687505450648784,37400,-118.09857507912784,0.7103841694799473,11
4727,-139.8195917844198,-2.217234120942468,37403,-141.0346653257256,-1.1036168920026446,0
4728,-75.13269746803478,4.713837393456825,37405,-66.8889597803445,2.169628081691683,14
4729,-100.51837066683427,-6.612339132391122,37416,-95.36861679384212,-10.95784818293233,28
4730,-125.89724991821177,0.7543195763984035,37420,-123.94204162798616,-1.5144507595891967,3
4731,604.7336550206909,0.9057105560479604,37429,586.0312761189704,-1.722944617346204,30
4732,-135.28144504440363,6.4569699054607455,37436,-137.57400940459857,4.493303950559668,20
4733,470.1324385124837,-9.58839205125561,37445,417.6915390220547,-4.11857226961515,29
4734,-126.13419794940127,2.877304891077917,37447,-129.1025175244067,1.5488809909733745,1
4735,-45.09463293878593,6.448577503292642,37458,-49.93530245157272,-0.19848027172185767,2
4736,-105.42479720592048,9.594036390495962,37476,-104.7190727296112,3.8815952186994593,7
4737,-72.61688787655866,-2.4290053132775875,37512,-77.6204452281073,-4.536559244831727,5
4738,366.6361708764039,23.368285902625384,37515,417.6915390220547,-4.11857226961515,29
4739,-68.50503179974756,-3.8009330941828203,37530,-66.8889597803445,2.169628081691683,14
4740,-128.37733133126687,8.159901942577966,37536,-132.1080396739421,5.887059356646324,17
4741,255.1723590590154,11.786181133946833,37539,227.03647807555316,-5.020718083634986,26
4742,-148.09827273007232,2.2129421043408106,37540,-146.59606179012786,4.113086925586259,4
4743,-27.98984277580777,4.936420417901443,37542,-29.714479793685786,-1.264748112657314,8
4744,-94.00023396578801,2.5170761007858022,37543,-96.6939343764425,2.7165835152131033,15
4745,-115.89014655297434,-1.2757932534934446,37546,-118.09857507912784,0.7103841694799473,11
4746,-10.284043560023983,9.632055412365139,37554,-6.878718007946434,-1.0926682779646681,10
4747,219.61435803784872,-68.0219958715243,37563,227.03647807555316,-5.020718083634986,26
4748,-69.34257985795792,-6.358157149725236,37570,-77.6204452281073,-4.536559244831727,5
4749,-91.0429718904488,2.994680807170718,37574,-85.91178621041317,3.2728237667350073,24
4750,-92.82277281939908,0.18578913576572043,37581,-96.6939343764425,2.7165835152131033,15
4751,-132.12554256403334,3.0766812432394413,37582,-132.1080396739421,5.887059356646324,17
4752,-124.10821098424056,4.38150016048047,37593,-123.80894152337959,5.566802721935252,23
4753,242.61072538721783,5.049153481893278,37597,227.03647807555316,-5.020718083634986,26
4754,-90.36580700642446,-7.7364543160577846,37606,-95.36861679384212,-10.95784818293233,28
4755,-141.34722670424716,7.287204566297733,37616,-142.14616351708418,5.245197398204194,22
4756,329.82662049520167,4.8750559195663845,37617,302.44973475302317,-5.405747081354008,25
4757,251.20434856272126,-32.64708666925823,37625,227.03647807555316,-5.020718083634986,26
4758,-93.33591292108447,8.342784528524724,37651,-96.6939343764425,2.7165835152131033,15
4759,-52.231940264446756,8.307461257372795,37663,-49.93530245157272,-0.19848027172185767,2
4760,-66.35951239191635,-6.442099046968254,37664,-66.8889597803445,2.169628081691683,14
4761,-141.99367588378297,-0.48485769859975936,37669,-141.0346653257256,-1.1036168920026446,0
4762,5.943266369625986,5.934056873430274,37694,18.937510567705566,1.034768221250525,27
4763,-132.28206679855043,6.520511879743804,37698,-132.1080396739421,5.887059356646324,17
4764,38.10330289802012,-10.205752226518817,37708,47.997068783449585,1.2679199422360634,13
4765,-64.97610303309277,2.9908129650709943,37710,-66.8889597803445,2.169628081691683,14
4766,-125.30711134673153,6.680570283629243,37711,-123.80894152337959,5.566802721935252,23
4767,209.66615961959226,2.776209007818666,37716,227.03647807555316,-5.020718083634986,26
4768,-107.11806886354825,4.3799033743098175,37719,-104.7190727296112,3.8815952186994593,7
4769,-8.222082608924053,9.855946689331356,37723,-6.878718007946434,-1.0926682779646681,10
4770,52.01930249246404,-7.613888665080731,37734,47.997068783449585,1.2679199422360634,13
4771,-144.28435466919373,5.839793905362868,37739,-142.14616351708418,5.245197398204194,22
4772,-77.982664552612,-12.836282044983925,37744,-77.6204452281073,-4.536559244831727,5
4773,-123.38866434712337,8.500951347551002,37760,-123.80894152337959,5.566802721935252,23
4774,-88.07449573742981,2.725908475566576,37766,-85.91178621041317,3.2728237667350073,24
4775,34.617985311287676,-2.190112284671425,37767,47.997068783449585,1.2679199422360634,13
4776,-127.74083739273121,-2.7245820151642857,37768,-123.94204162798616,-1.5144507595891967,3
4777,461.50634489396805,13.583551743497413,37775,417.6915390220547,-4.11857226961515,29
4778,-85.00070389920589,3.7053486133081583,37799,-85.91178621041317,3.2728237667350073,24
4779,-133.02287002217784,0.30329627788173,37808,-134.89656831690453,-0.030690791204986433,34
4780,458.8233525221671,-19.775538488005154,37810,417.6915390220547,-4.11857226961515,29
4781,-131.2288113712888,-10.399402155351803,37824,-130.75996572568545,-6.6137591708523855,18
4782,-108.03252555009584,0.940877723099531,37828,-109.71624596876933,-1.0040630408538558,16
4783,293.8986574870245,2.1759798998231292,37841,302.44973475302317,-5.405747081354008,25
4784,-145.27260104148195,6.0876427567801725,37843,-146.59606179012786,4.113086925586259,4
4785,-112.81457793232154,-0.33266485393726053,37863,-109.71624596876933,-1.0040630408538558,16
4786,46.37126226584741,1.8693069612243494,37903,47.997068783449585,1.2679199422360634,13
4787,-132.99274359468225,0.16581065396336456,37910,-134.89656831690453,-0.030690791204986433,34
4788,909.253206821722,18.09316589708183,37913,861.6475783799328,6.515082937232454,35
4789,229.36331243479475,7.6900271886791565,37929,227.03647807555316,-5.020718083634986,26
4790,-123.16820478332576,3.6437631632651364,37955,-123.80894152337959,5.566802721935252,23
4791,-27.900528914625088,2.978961715338382,37960,-29.714479793685786,-1.264748112657314,8
4792,-36.968806802482966,4.342235383841722,37969,-29.714479793685786,-1.264748112657314,8
4793,1185.4765134052086,10.311987760748202,37983,1342.5649032771717,32.04824045393157,32
4794,207.97527649523326,-16.19012760958184,37997,227.03647807555316,-5.020718083634986,26
4795,-1.7331240008797089,-27.647778891869393,37998,-6.878718007946434,-1.0926682779646681,10
4796,-64.52464877043192,12.445179273522097,38012,-66.8889597803445,2.169628081691683,14
4797,-37.82577443063428,-13.042811925127616,38013,-29.714479793685786,-1.264748112657314,8
4798,591.7488798446653,-42.8056655654976,38016,586.0312761189704,-1.722944617346204,30
4799,280.73629898863754,3.9736414796467137,38025,302.44973475302317,-5.405747081354008,25
4800,-141.0849820968616,2.5707475925293983,38031,-142.14616351708418,5.245197398204194,22
4801,158.01878412522728,-3.7759652972917226,38036,172.66355239880147,-2.7112682595768685,38
4802,-143.97842477973663,-0.3439292514598481,38040,-141.0346653257256,-1.1036168920026446,0
4803,-112.00564520736297,1.2984077890261592,38041,-109.71624596876933,-1.0040630408538558,16
4804,-91.05419408399158,3.756672932044752,38043,-85.91178621041317,3.2728237667350073,24
4805,-129.99744101673392,0.31819271484399136,38045,-129.1025175244067,1.5488809909733745,1
4806,-124.30199434997097,6.5819340804423625,38050,-123.80894152337959,5.566802721935252,23
4807,-18.93672496336255,4.430543473144962,38052,-29.714479793685786,-1.264748112657314,8
4808,-154.12863093267063,2.2690082465510164,38058,-152.23629829764135,4.213482038439798,37
4809,-114.95653728343387,0.18297046175242895,38059,-118.09857507912784,0.7103841694799473,11
4810,286.4568204474152,-63.454951088039394,38095,302.44973475302317,-5.405747081354008,25
4811,162.64735234745177,-27.57685930349768,38102,172.66355239880147,-2.7112682595768685,38
4812,38.25889295799152,-11.5618442059055,38128,28.39696760572947,-22.91072472808294,12
4813,-93.85305534628588,-0.7098782783405158,38133,-96.6939343764425,2.7165835152131033,15
4814,-79.89675054147584,2.030969656536666,38140,-85.91178621041317,3.2728237667350073,24
4815,-116.14646811587201,3.799108920163585,38150,-114.33047638704419,5.73481138949136,19
4816,-52.32421986499699,-6.4666132893230905,38153,-49.93530245157272,-0.19848027172185767,2
4817,-141.1212648027659,2.3318540787016118,38161,-142.14616351708418,5.245197398204194,22
4818,-18.597280230436663,-0.4277811889826932,38168,-29.714479793685786,-1.264748112657314,8
4819,-5.801942807128625,2.722840693730051,38170,-6.878718007946434,-1.0926682779646681,10
4820,-52.55986990505401,-2.8408016399174136,38176,-49.93530245157272,-0.19848027172185767,2
4821,-98.29785158815498,6.925527694622771,38186,-96.6939343764425,2.7165835152131033,15
4822,107.67204881272856,-0.11067812262687869,38188,104.96211155305676,-0.5414592591613776,31
4823,-117.73271564036612,-3.2299728681350817,38192,-118.09857507912784,0.7103841694799473,11
4824,82.01816409899197,7.6477584976008535,38209,78.01149217232324,3.6022338347977136,6
4825,1028.7811134146993,0.4722562326942212,38210,861.6475783799328,6.515082937232454,35
4826,-149.84418729474243,-3.376744825481625,38211,-148.09620948762597,-1.1157003398540595,36
4827,-4.3577751750344325,11.35277096102847,38212,-6.878718007946434,-1.0926682779646681,10
4828,-98.15991886116963,5.435141233846759,38217,-96.6939343764425,2.7165835152131033,15
4829,-93.24706528798606,6.906376998922144,38227,-96.6939343764425,2.7165835152131033,15
4830,-62.50158918602904,-4.293843283001168,38235,-66.8889597803445,2.169628081691683,14
4831,20.390747941728424,1.0006139213658722,38249,18.937510567705566,1.034768221250525,27
4832,-131.16045560167345,3.3529409892940105,38255,-132.1080396739421,5.887059356646324,17
4833,29.974914060341767,-7.533720287923484,38276,18.937510567705566,1.034768221250525,27
4834,-141.08491920356647,1.5459356649515021,38285,-141.0346653257256,-1.1036168920026446,0
4835,106.62599670408586,-0.6379005017032178,38291,104.96211155305676,-0.5414592591613776,31
4836,-149.9868811471324,1.2672647061082774,38294,-148.09620948762597,-1.1157003398540595,36
4837,-39.272776597886235,-6.342945589955606,38299,-29.714479793685786,-1.264748112657314,8
4838,-149.3103188155815,6.299642891313475,38304,-146.59606179012786,4.113086925586259,4
4839,-113.07564864943578,3.3370611012516163,38310,-114.33047638704419,5.73481138949136,19
4840,-50.986298694534014,3.9620402987029117,38325,-49.93530245157272,-0.19848027172185767,2
4841,230.00212512072153,-1.1617478685604226,38327,227.03647807555316,-5.020718083634986,26
4842,1146.8373697930556,3.7983848748225846,38332,1342.5649032771717,32.04824045393157,32
4843,-121.25217753377878,5.537280114199932,38335,-123.80894152337959,5.566802721935252,23
4844,39.45639549491731,-0.1112769204834289,38342,47.997068783449585,1.2679199422360634,13
4845,175.84432104881495,-0.6633796825884685,38345,172.66355239880147,-2.7112682595768685,38
4846,538.0238180983132,-5.546066250509287,38354,586.0312761189704,-1.722944617346204,30
4847,58.834834695869105,-19.215786573939095,38364,70.166569844569,-14.692630117552799,9
4848,-62.69044125892377,-1.1733147642464814,38372,-66.8889597803445,2.169628081691683,14
4849,-105.18987611213997,4.952047578046157,38384,-104.7190727296112,3.8815952186994593,7
4850,-144.91107223587682,-1.820175506056895,38418,-148.09620948762597,-1.1157003398540595,36
4851,-100.75333209202057,-1.4582517459592461,38421,-96.6939343764425,2.7165835152131033,15
4852,135.53003358954624,-12.28401537371746,38428,135.4076551174278,-1.697351881935795,33
4853,429.932748441016,6.276889197938072,38431,417.6915390220547,-4.11857226961515,29
4854,-67.17246726163971,6.23952072606015,38433,-66.8889597803445,2.169628081691683,14
4855,260.8010636531461,2.7279749170271805,38455,227.03647807555316,-5.020718083634986,26
4856,3.084032311751863,-10.37490926037744,38465,-6.878718007946434,-1.0926682779646681,10
4857,-73.25623000548165,-7.798397380471152,38478,-77.6204452281073,-4.536559244831727,5
4858,-80.15310241938883,4.036933447416206,38479,-85.91178621041317,3.2728237667350073,24
4859,-145.9759822536208,0.5897376208862571,38482,-148.09620948762597,-1.1157003398540595,36
4860,-133.36389619411315,7.770694361233699,38483,-132.1080396739421,5.887059356646324,17
4861,-94.02959261098896,3.6768245520344833,38490,-96.6939343764425,2.7165835152131033,15
4862,-62.5075942100481,-4.669508295326396,38499,-66.8889597803445,2.169628081691683,14
4863,-123.20844155763255,5.047691170641953,38504,-123.80894152337959,5.566802721935252,23
4864,186.2562968180048,8.288713588732275,38510,172.66355239880147,-2.7112682595768685,38
4865,90.88034812796944,-33.37979889735356,38519,110.19899446847099,-35.665903512662624,21
4866,-113.11818084690847,3.7606515883710037,38524,-114.33047638704419,5.73481138949136,19
4867,-107.12976540981474,4.121618270923734,38542,-104.7190727296112,3.8815952186994593,7
4868,-114.05830820122058,1.9053596328870075,38544,-114.33047638704419,5.73481138949136,19
4869,-16.915856146622357,-11.236522861887682,38546,-6.878718007946434,-1.0926682779646681,10
4870,-128.19108930597127,4.084705331508091,38549,-129.1025175244067,1.5488809909733745,1
4871,-95.09100709907919,2.429692752748988,38563,-96.6939343764425,2.7165835152131033,15
4872,366.118186612625,16.40257370588041,38577,417.6915390220547,-4.11857226961515,29
4873,-101.84629603883762,0.5388544885594755,38613,-104.7190727296112,3.8815952186994593,7
4874,-40.71379241625586,-0.8076746112092764,38625,-49.93530245157272,-0.19848027172185767,2
4875,-142.95039285352067,-0.9508168617896017,38631,-141.0346653257256,-1.1036168920026446,0
4876,-134.0328828975944,2.059910665370489,38636,-134.89656831690453,-0.030690791204986433,34
4877,-23.359575306876557,-5.2067105678987415,38639,-29.714479793685786,-1.264748112657314,8
4878,-100.9836530549811,3.0642820947048617,38641,-104.7190727296112,3.8815952186994593,7
4879,464.58770603877724,-1.8412829508848017,38642,417.6915390220547,-4.11857226961515,29
4880,167.92645473334838,-2.6065000791834816,38643,172.66355239880147,-2.7112682595768685,38
4881,-105.05196917116055,2.4514603125097465,38659,-104.7190727296112,3.8815952186994593,7
4882,-142.7213600786989,-4.4075096976221735,38664,-141.0346653257256,-1.1036168920026446,0
4883,-107.81123939960541,-1.8569738296894052,38670,-109.71624596876933,-1.0040630408538558,16
4884,-151.87555184907598,-2.2230110640308243,38681,-148.09620948762597,-1.1157003398540595,36
4885,-96.18348085342275,5.465921384080441,38692,-96.6939343764425,2.7165835152131033,15
4886,-151.24985017827373,5.492747713798964,38693,-152.23629829764135,4.213482038439798,37
4887,-79.59345523243628,-3.5928333352707202,38697,-77.6204452281073,-4.536559244831727,5
4888,-71.64039289644154,-3.4497242287015157,38698,-77.6204452281073,-4.536559244831727,5
4889,111.0370615292486,-20.711800644528893,38704,110.19899446847099,-35.665903512662624,21
4890,-38.00273017359652,4.551421273693353,38706,-29.714479793685786,-1.264748112657314,8
4891,204.60351708461272,-25.400174139759162,38721,227.03647807555316,-5.020718083634986,26
4892,-42.3384573828767,9.761772601599294,38731,-49.93530245157272,-0.19848027172185767,2
4893,-128.02281014471382,-13.834220756393405,38760,-130.75996572568545,-6.6137591708523855,18
4894,59.635790158444834,-31.106931334816775,38764,70.166569844569,-14.692630117552799,9
4895,-104.12518980688972,4.575297922654616,38776,-104.7190727296112,3.8815952186994593,7
4896,14.129847044619941,4.568084402067854,38778,18.937510567705566,1.034768221250525,27
4897,-106.42951793885983,9.673568192482696,38782,-104.7190727296112,3.8815952186994593,7
4898,-121.99581674353317,0.40540915176909587,38789,-123.94204162798616,-1.5144507595891967,3
4899,-148.3303118178553,6.800264510250677,38791,-146.59606179012786,4.113086925586259,4
4900,-126.38096864009931,8.262069455242587,38795,-123.80894152337959,5.566802721935252,23
4901,-99.09764259820423,4.062375421452219,38805,-96.6939343764425,2.7165835152131033,15
4902,-144.91250898448857,-1.825256645857548,38822,-148.09620948762597,-1.1157003398540595,36
4903,329.56366127385013,-6.153591331557772,38834,302.44973475302317,-5.405747081354008,25
4904,-95.05884953604367,3.784264926056698,38849,-96.6939343764425,2.7165835152131033,15
4905,104.67993431318112,-0.845030787360369,38861,104.96211155305676,-0.5414592591613776,31
4906,499.3399785016801,-25.796039347233926,38865,417.6915390220547,-4.11857226961515,29
4907,-110.32602953550465,7.352755376741374,38872,-114.33047638704419,5.73481138949136,19
4908,-33.35597817777123,9.800920323160929,38888,-29.714479793685786,-1.264748112657314,8
4909,-151.25386933042796,5.574935411796416,38895,-152.23629829764135,4.213482038439798,37
4910,-141.6722768665184,-2.9087970902539837,38897,-141.0346653257256,-1.1036168920026446,0
4911,-130.81324317058375,-2.195649092440096,38905,-129.1025175244067,1.5488809909733745,1
4912,-99.93905106068979,0.03820021959616404,38908,-96.6939343764425,2.7165835152131033,15
4913,-55.00060319695126,4.225344823995692,38933,-49.93530245157272,-0.19848027172185767,2
4914,-94.8762562866585,-0.7236218340700431,38942,-96.6939343764425,2.7165835152131033,15
4915,-103.87702080732366,-0.8624699823808324,38946,-104.7190727296112,3.8815952186994593,7
4916,-116.23068300490824,6.155300067624229,38950,-114.33047638704419,5.73481138949136,19
4917,-115.01585829195723,2.499775290285944,38954,-114.33047638704419,5.73481138949136,19
4918,-61.89256121393894,2.2419311018148416,38971,-66.8889597803445,2.169628081691683,14
4919,-148.33053351343466,6.790963284367484,38978,-146.59606179012786,4.113086925586259,4
4920,73.68098198842154,-16.6305194863258,39004,70.166569844569,-14.692630117552799,9
4921,-132.14775019828664,4.0772640237813995,39005,-132.1080396739421,5.887059356646324,17
4922,-26.34784277102737,-5.513163914304879,39014,-29.714479793685786,-1.264748112657314,8
4923,519.6757697510637,-15.509163058588294,39019,586.0312761189704,-1.722944617346204,30
4924,90.80265807652229,12.006696079344936,39030,78.01149217232324,3.6022338347977136,6
4925,-43.9227391406045,-12.046533352020408,39034,-49.93530245157272,-0.19848027172185767,2
4926,-24.474600154917034,-3.207774861234912,39038,-29.714479793685786,-1.264748112657314,8
4927,12.508156230325048,-1.6994366013884041,39042,18.937510567705566,1.034768221250525,27
4928,-127.09568992313329,2.5176782085255174,39043,-129.1025175244067,1.5488809909733745,1
4929,-65.06442355726942,4.388985562391737,39054,-66.8889597803445,2.169628081691683,14
4930,-140.93591962718116,-0.18647515277041965,39063,-141.0346653257256,-1.1036168920026446,0
4931,-103.87587816940083,0.1428062485705822,39079,-104.7190727296112,3.8815952186994593,7
4932,30.327546292167824,1.5431628607449088,39080,18.937510567705566,1.034768221250525,27
4933,-113.21489807313628,5.360290244317643,39089,-114.33047638704419,5.73481138949136,19
4934,-127.17295303671922,4.221469219909908,39090,-129.1025175244067,1.5488809909733745,1
4935,-114.65082132746964,-2.934149266455771,39098,-118.09857507912784,0.7103841694799473,11
4936,-80.95139361081357,-12.545209034193093,39115,-77.6204452281073,-4.536559244831727,5
4937,-147.99896126795684,-0.4727479758521918,39122,-148.09620948762597,-1.1157003398540595,36
4938,-143.00542558374502,2.310400346295198,39137,-142.14616351708418,5.245197398204194,22
4939,-56.60483563374525,-2.964070161386835,39162,-49.93530245157272,-0.19848027172185767,2
4940,-2.659796480756378,1.1984820038515602,39170,-6.878718007946434,-1.0926682779646681,10
4941,74.99740139237144,-6.243114602597652,39172,70.166569844569,-14.692630117552799,9
4942,119.29441321864458,-9.434575285056072,39182,104.96211155305676,-0.5414592591613776,31
4943,-117.26121817622284,6.326026299073292,39184,-114.33047638704419,5.73481138949136,19
4944,-108.06771964478614,4.281735843080619,39185,-104.7190727296112,3.8815952186994593,7
4945,715.1521636208056,-1.2740967052674854,39187,586.0312761189704,-1.722944617346204,30
4946,-86.14354050420656,5.272234585255375,39189,-85.91178621041317,3.2728237667350073,24
4947,-0.6410743458430205,-0.7036435700781719,39195,-6.878718007946434,-1.0926682779646681,10
4948,-127.03927879977222,1.7800498650159564,39196,-129.1025175244067,1.5488809909733745,1
4949,104.58177906672432,0.8056632582084843,39199,104.96211155305676,-0.5414592591613776,31
4950,-139.01996357609335,1.6695269673740785,39203,-137.57400940459857,4.493303950559668,20
4951,-0.26468394178075005,8.854561583948984,39207,-6.878718007946434,-1.0926682779646681,10
4952,75.48012073570712,-13.740778968116494,39211,70.166569844569,-14.692630117552799,9
4953,129.5714116564076,-27.50665824869941,39220,110.19899446847099,-35.665903512662624,21
4954,548.7309441839958,-1.0017159016846104,39245,586.0312761189704,-1.722944617346204,30
4955,252.44444609420916,-6.893412089393301,39304,227.03647807555316,-5.020718083634986,26
4956,581.7887498153978,-43.83906536720689,39308,586.0312761189704,-1.722944617346204,30
4957,-55.86394226163841,1.7168714363575501,39326,-49.93530245157272,-0.19848027172185767,2
4958,-145.94048024294804,-1.7180440588085504,39339,-148.09620948762597,-1.1157003398540595,36
4959,-119.92867266179773,1.0216408181992498,39345,-118.09857507912784,0.7103841694799473,11
4960,41.81998022522986,-5.47929501059757,39346,47.997068783449585,1.2679199422360634,13
4961,8.77517889773134,9.680507427768415,39352,18.937510567705566,1.034768221250525,27
4962,-75.09040461207333,3.7676322708718937,39359,-66.8889597803445,2.169628081691683,14
4963,-116.06961248387294,2.640655109760614,39369,-118.09857507912784,0.7103841694799473,11
4964,-81.83267067687814,0.5834878258601526,39370,-85.91178621041317,3.2728237667350073,24
4965,-123.21995138017289,5.311180958062391,39389,-123.80894152337959,5.566802721935252,23
4966,266.9843287412742,14.57755383209648,39391,302.44973475302317,-5.405747081354008,25
4967,-138.83671137901365,-1.8111392495243623,39392,-141.0346653257256,-1.1036168920026446,0
4968,-130.37457218593954,8.065049134284717,39404,-132.1080396739421,5.887059356646324,17
4969,-126.95740911375427,-1.0506075346064254,39407,-123.94204162798616,-1.5144507595891967,3
4970,-68.1059017693381,4.746593038789846,39418,-66.8889597803445,2.169628081691683,14
4971,31.108004595743562,-9.392415382665662,39424,28.39696760572947,-22.91072472808294,12
4972,-120.93193614015591,0.565441923744317,39432,-118.09857507912784,0.7103841694799473,11
4973,78.83047556245799,-18.78850274236457,39433,70.166569844569,-14.692630117552799,9
4974,-113.28558994707379,6.378045110949152,39436,-114.33047638704419,5.73481138949136,19
4975,-106.11631018969976,4.868526572096935,39447,-104.7190727296112,3.8815952186994593,7
4976,-125.31279280789055,7.320389050572023,39448,-123.80894152337959,5.566802721935252,23
4977,-118.80170699753324,-2.2370486845074513,39456,-118.09857507912784,0.7103841694799473,11
4978,-105.72331325879853,-2.20527336678467,39469,-109.71624596876933,-1.0040630408538558,16
4979,-123.71548603514782,-4.222745164987005,39511,-123.94204162798616,-1.5144507595891967,3
4980,-4.9698484342625875,4.897208219856611,39535,-6.878718007946434,-1.0926682779646681,10
4981,-60.78855307786001,1.0053254912127627,39536,-66.8889597803445,2.169628081691683,14
4982,-128.9723052367601,-0.24132364012569762,39541,-129.1025175244067,1.5488809909733745,1
4983,-138.11149214818238,2.6842028514502627,39547,-137.57400940459857,4.493303950559668,20
4984,-38.618430414568024,-2.355537169681092,39552,-29.714479793685786,-1.264748112657314,8
4985,-47.40571641483272,-4.6007257861573,39554,-49.93530245157272,-0.19848027172185767,2
4986,-11.494925103343535,-2.5524218363039406,39555,-6.878718007946434,-1.0926682779646681,10
4987,477.61944185671086,-1.804909831082736,39556,417.6915390220547,-4.11857226961515,29
4988,-21.733792430751922,-0.03792730718372616,39560,-29.714479793685786,-1.264748112657314,8
4989,-134.99369937666117,1.173145738995977,39568,-134.89656831690453,-0.030690791204986433,34
4990,-93.37164242408947,-6.122289746945663,39581,-95.36861679384212,-10.95784818293233,28
4991,-58.54185427390365,-2.8223474232438273,39597,-49.93530245157272,-0.19848027172185767,2
4992,-17.78326495564303,1.622279691402661,39601,-6.878718007946434,-1.0926682779646681,10
4993,-127.37753541326921,8.154164920529722,39606,-123.80894152337959,5.566802721935252,23
4994,-130.15294558584412,3.691858724506045,39608,-129.1025175244067,1.5488809909733745,1
4995,89.86554356291019,9.561824690984558,39628,78.01149217232324,3.6022338347977136,6
4996,-143.2096272394309,5.249720868359839,39657,-142.14616351708418,5.245197398204194,22
4997,-144.33789281231708,6.990568075820196,39660,-142.14616351708418,5.245197398204194,22
4998,-131.6144590066781,-4.01665181582358,39696,-130.75996572568545,-6.6137591708523855,18
4999,-16.430221129717715,-4.559803952886798,39698,-6.878718007946434,-1.0926682779646681,10
5000,162.53270832975764,3.3759696035288393,39700,172.66355239880147,-2.7112682595768685,38
5001,-42.69363853258151,-0.2553545552213492,39703,-49.93530245157272,-0.19848027172185767,2
5002,-110.29514437802328,-8.068139060950479,39709,-115.69510858146283,-11.595084171039186,39
5003,170.73236268876542,0.1454733286903522,39712,172.66355239880147,-2.7112682595768685,38
5004,-143.1390257624798,4.220408153908413,39714,-142.14616351708418,5.245197398204194,22
5005,-140.17771645351584,3.570602865817643,39718,-142.14616351708418,5.245197398204194,22
5006,-96.23451043290237,6.583188114826299,39722,-96.6939343764425,2.7165835152131033,15
5007,198.7680439380409,16.10331621288063,39724,172.66355239880147,-2.7112682595768685,38
5008,202.19323837914925,-20.039501841804285,39739,227.03647807555316,-5.020718083634986,26
5009,48.32923967202286,-12.426958875203328,39743,47.997068783449585,1.2679199422360634,13
5010,-135.36046610073623,7.668846489533844,39758,-132.1080396739421,5.887059356646324,17
5011,-98.26881256379025,7.304833769999041,39760,-96.6939343764425,2.7165835152131033,15
5012,-73.09412202178456,4.41211264708794,39764,-66.8889597803445,2.169628081691683,14
5013,-137.06610625099836,1.2017016612549296,39768,-134.89656831690453,-0.030690791204986433,34
5014,-85.61552037485225,-2.693034378104776,39783,-85.91178621041317,3.2728237667350073,24
5015,-117.07531721083056,1.7040327166031073,39785,-118.09857507912784,0.7103841694799473,11
5016,-43.68264115114543,-0.5220228604548834,39789,-49.93530245157272,-0.19848027172185767,2
5017,-87.01017614894332,2.8443477183373824,39793,-85.91178621041317,3.2728237667350073,24
5018,-136.885597383929,-0.7166574365996474,39796,-134.89656831690453,-0.030690791204986433,34
5019,90.66560724605345,-1.2619860277444706,39821,78.01149217232324,3.6022338347977136,6
5020,-128.13706795568024,3.40144160980324,39822,-129.1025175244067,1.5488809909733745,1
5021,-130.98822267637286,0.0791994957393137,39841,-129.1025175244067,1.5488809909733745,1
5022,178.0559565680092,-4.257910805530907,39851,172.66355239880147,-2.7112682595768685,38
5023,158.13545039993323,-20.53838927606125,39853,172.66355239880147,-2.7112682595768685,38
5024,-143.24115577608788,5.424592753916034,39854,-142.14616351708418,5.245197398204194,22
5025,114.98185641993562,9.490698196782475,39867,104.96211155305676,-0.5414592591613776,31
5026,4.933791922200301,5.626059857933384,39873,-6.878718007946434,-1.0926682779646681,10
5027,1014.7146517119173,29.603579077303387,39878,861.6475783799328,6.515082937232454,35
5028,-38.26835687500931,-6.934723820082656,39879,-29.714479793685786,-1.264748112657314,8
5029,55.10807191504514,5.733898523101065,39881,47.997068783449585,1.2679199422360634,13
5030,-63.18756800622283,6.62552254365107,39886,-66.8889597803445,2.169628081691683,14
5031,470.4690589659577,-28.605743903935217,39911,417.6915390220547,-4.11857226961515,29
5032,-64.92750949446953,2.432670224108353,39912,-66.8889597803445,2.169628081691683,14
5033,-74.50036912420259,-19.257104838334183,39925,-77.6204452281073,-4.536559244831727,5
5034,84.08230543846452,7.811333049441946,39927,78.01149217232324,3.6022338347977136,6
5035,-123.99985145259237,0.9723215305755054,39939,-123.94204162798616,-1.5144507595891967,3
5036,74.47450266946359,1.6194265251863773,39951,78.01149217232324,3.6022338347977136,6
5037,-92.6265780607052,-3.5976310260479054,39956,-96.6939343764425,2.7165835152131033,15
5038,-136.17718913615042,4.153346817495822,40017,-137.57400940459857,4.493303950559668,20
5039,-65.60175501012496,-2.13877646587328,40021,-66.8889597803445,2.169628081691683,14
5040,-33.24322895162234,8.876553793915294,40022,-29.714479793685786,-1.264748112657314,8
5041,-99.25733042719453,7.046486586338596,40023,-96.6939343764425,2.7165835152131033,15
5042,-122.04117553208965,1.3933838763672326,40035,-123.94204162798616,-1.5144507595891967,3
5043,641.5839307735363,4.3063636699821135,40043,586.0312761189704,-1.722944617346204,30
5044,-80.90238816546425,0.08532992369398494,40047,-77.6204452281073,-4.536559244831727,5
5045,-138.073364009264,2.861720675504063,40058,-137.57400940459857,4.493303950559668,20
5046,38.556266493019294,13.95135065665078,40061,47.997068783449585,1.2679199422360634,13
5047,-13.262046334560058,-5.626315121903626,40064,-6.878718007946434,-1.0926682779646681,10
5048,-149.0408761514189,0.4262740034933702,40070,-148.09620948762597,-1.1157003398540595,36
5049,-148.33059309298102,6.804716805997415,40071,-146.59606179012786,4.113086925586259,4
5050,16.52086745296823,-16.139115346325475,40074,28.39696760572947,-22.91072472808294,12
5051,-36.08828641261327,5.424086915457412,40075,-29.714479793685786,-1.264748112657314,8
5052,-104.67313850782321,-2.264874044821822,40077,-109.71624596876933,-1.0040630408538558,16
5053,50.8744219665689,-5.488296074427757,40095,47.997068783449585,1.2679199422360634,13
5054,-91.93679081548153,2.1748895217582254,40097,-96.6939343764425,2.7165835152131033,15
5055,288.8626041554907,2.364267463591884,40098,302.44973475302317,-5.405747081354008,25
5056,-33.0403681094214,5.459949930445376,40099,-29.714479793685786,-1.264748112657314,8
5057,-104.97403108453926,-12.986064608047904,40104,-95.36861679384212,-10.95784818293233,28
5058,-89.00611843313624,3.249747948341746,40112,-85.91178621041317,3.2728237667350073,24
5059,-28.709725579815608,-14.91473902788589,40118,-29.714479793685786,-1.264748112657314,8
5060,-123.20276144478804,4.9187226562084545,40134,-123.80894152337959,5.566802721935252,23
5061,-114.40955354689414,9.096148103892146,40135,-114.33047638704419,5.73481138949136,19
5062,-113.09640005422703,3.273619791057595,40140,-114.33047638704419,5.73481138949136,19
5063,-115.09175583396853,4.170655880311265,40141,-114.33047638704419,5.73481138949136,19
5064,-120.95440751274644,0.5469487217113713,40145,-118.09857507912784,0.7103841694799473,11
5065,-18.73245459360544,0.9905017576339736,40148,-29.714479793685786,-1.264748112657314,8
5066,-13.715564599837396,0.7045549538628492,40150,-6.878718007946434,-1.0926682779646681,10
5067,-32.87375967621218,2.3258560223105174,40151,-29.714479793685786,-1.264748112657314,8
5068,-65.77746760241808,1.1736391038801846,40159,-66.8889597803445,2.169628081691683,14
5069,-78.89351886741653,-0.07057991994309977,40167,-77.6204452281073,-4.536559244831727,5
5070,291.51068787077025,8.077048171889555,40189,302.44973475302317,-5.405747081354008,25
5071,-45.165287985977464,-8.286044228699488,40193,-49.93530245157272,-0.19848027172185767,2
5072,-155.31340036834857,6.291406859925128,40200,-152.23629829764135,4.213482038439798,37
5073,43.76550072623992,-4.251672847529557,40202,47.997068783449585,1.2679199422360634,13
5074,-120.32769996881599,7.706036131536456,40204,-123.80894152337959,5.566802721935252,23
5075,-4.233939350866725,-6.09665471301387,40206,-6.878718007946434,-1.0926682779646681,10
5076,180.92883414176066,-1.9364101210680438,40209,172.66355239880147,-2.7112682595768685,38
5077,418.01720786906964,4.7334622539933955,40210,417.6915390220547,-4.11857226961515,29
5078,380.7733492492337,-7.319965978122154,40226,417.6915390220547,-4.11857226961515,29
5079,-133.13911405653562,2.842613583621145,40232,-132.1080396739421,5.887059356646324,17
5080,-141.05175935638667,0.8278773052351815,40233,-141.0346653257256,-1.1036168920026446,0
5081,64.09118345116455,7.277858767029937,40241,78.01149217232324,3.6022338347977136,6
5082,67.44904932655723,1.5382124931948693,40242,78.01149217232324,3.6022338347977136,6
5083,-3.839148055327444,3.0726582325647533,40246,-6.878718007946434,-1.0926682779646681,10
5084,65.94228875513798,8.513486096263307,40248,78.01149217232324,3.6022338347977136,6
5085,1407.847048204296,12.591886777791244,40253,1342.5649032771717,32.04824045393157,32
5086,125.95251202456129,-3.8880211042153396,40261,135.4076551174278,-1.697351881935795,33
5087,129.4634859571691,3.279031098202897,40274,135.4076551174278,-1.697351881935795,33
5088,767.3357639453696,-30.789587919741795,40278,861.6475783799328,6.515082937232454,35
5089,-109.97193856822129,0.08348440653088636,40296,-109.71624596876933,-1.0040630408538558,16
5090,6.124534421416805,-10.696720621650906,40303,-6.878718007946434,-1.0926682779646681,10
5091,-133.17029718125025,4.053900209198871,40305,-132.1080396739421,5.887059356646324,17
5092,-85.01783174588617,2.0237153220736723,40310,-85.91178621041317,3.2728237667350073,24
5093,-99.19545754998926,5.699678088316035,40311,-96.6939343764425,2.7165835152131033,15
5094,-28.961491623131614,3.7841002068419356,40324,-29.714479793685786,-1.264748112657314,8
5095,-71.9860142607844,2.5944284465902334,40326,-66.8889597803445,2.169628081691683,14
5096,-42.60189595386949,-2.2761132839905533,40333,-49.93530245157272,-0.19848027172185767,2
5097,-150.224145170968,4.431586341718809,40336,-152.23629829764135,4.213482038439798,37
5098,-122.19086890201443,5.708285249138285,40339,-123.80894152337959,5.566802721935252,23
5099,-13.821997321704123,2.5478636075069243,40341,-6.878718007946434,-1.0926682779646681,10
5100,-127.06132953105389,2.2785815257995936,40343,-129.1025175244067,1.5488809909733745,1
5101,-108.20085195256273,5.6458234938892335,40345,-104.7190727296112,3.8815952186994593,7
5102,-93.04716751793563,1.506790386014027,40348,-96.6939343764425,2.7165835152131033,15
5103,390.4156866783229,12.849136177178961,40351,417.6915390220547,-4.11857226961515,29
5104,-131.01782480410373,0.24670584734659184,40361,-129.1025175244067,1.5488809909733745,1
5105,-126.67736485583335,-3.0455573028365612,40365,-123.94204162798616,-1.5144507595891967,3
5106,-145.16278713260544,4.186227674879811,40366,-146.59606179012786,4.113086925586259,4
5107,-98.6227687074389,-4.7956798484233385,40372,-95.36861679384212,-10.95784818293233,28
5108,3.9133845220246597,7.5858807534414625,40379,-6.878718007946434,-1.0926682779646681,10
5109,-109.64443353113516,-3.9953519579352545,40382,-109.71624596876933,-1.0040630408538558,16
5110,-119.04675118758385,2.594340096415044,40384,-118.09857507912784,0.7103841694799473,11
5111,-118.93965144171011,0.24432660042468796,40386,-118.09857507912784,0.7103841694799473,11
5112,-115.69527244850663,-3.507087732390409,40398,-118.09857507912784,0.7103841694799473,11
5113,-105.55359651223344,-3.8704642507834666,40404,-109.71624596876933,-1.0040630408538558,16
5114,-105.87642486637304,-0.9060273352487326,40409,-109.71624596876933,-1.0040630408538558,16
5115,-42.67382392864908,-0.6978730776658885,40424,-49.93530245157272,-0.19848027172185767,2
5116,-41.46576206705668,-3.177173269740747,40426,-49.93530245157272,-0.19848027172185767,2
5117,-91.76364603016019,-2.1020568445661962,40432,-96.6939343764425,2.7165835152131033,15
5118,-112.97875787267965,-27.731712324776872,40445,-115.69510858146283,-11.595084171039186,39
5119,-44.854133436692685,1.1591166347028157,40449,-49.93530245157272,-0.19848027172185767,2
5120,-53.30766942405628,-6.848981343302173,40451,-49.93530245157272,-0.19848027172185767,2
5121,-97.19431589956591,5.699287231537697,40454,-96.6939343764425,2.7165835152131033,15
5122,-76.87461862261735,1.0715061341229808,40472,-77.6204452281073,-4.536559244831727,5
5123,-78.38947951583432,-5.471375624901827,40475,-77.6204452281073,-4.536559244831727,5
5124,-104.385015725483,-6.5210810863155295,40477,-109.71624596876933,-1.0040630408538558,16
5125,44.15962356067729,-9.804465728859904,40486,47.997068783449585,1.2679199422360634,13
5126,-18.46117191133862,-3.926306003858211,40511,-29.714479793685786,-1.264748112657314,8
5127,85.19601321704295,5.8606736905214865,40520,78.01149217232324,3.6022338347977136,6
5128,-129.06699251875654,2.358151240204286,40544,-129.1025175244067,1.5488809909733745,1
5129,243.61657744451907,4.436574420338149,40556,227.03647807555316,-5.020718083634986,26
5130,-76.13618140682391,4.789677044254576,40569,-77.6204452281073,-4.536559244831727,5
5131,-105.92982747622511,0.24500706745034065,40572,-104.7190727296112,3.8815952186994593,7
5132,-127.02913906478486,1.0414630653713854,40579,-129.1025175244067,1.5488809909733745,1
5133,100.06782492308236,7.896233566874575,40586,104.96211155305676,-0.5414592591613776,31
5134,-50.57751537225495,-1.9173253556170793,40591,-49.93530245157272,-0.19848027172185767,2
5135,66.457781214053,1.3304770609987822,40596,78.01149217232324,3.6022338347977136,6
5136,25.11360737137736,5.60039309955604,40597,18.937510567705566,1.034768221250525,27
5137,866.4615593190231,13.832482089244268,40604,861.6475783799328,6.515082937232454,35
5138,-118.39924103024052,8.77825811409911,40610,-114.33047638704419,5.73481138949136,19
5139,-26.050431530898454,5.77635716441782,40625,-29.714479793685786,-1.264748112657314,8
5140,1010.4205645896512,4.988886386553172,40641,861.6475783799328,6.515082937232454,35
5141,-25.62786707552211,-1.4262508008323393,40649,-29.714479793685786,-1.264748112657314,8
5142,-123.38854133948159,8.493511033508335,40651,-123.80894152337959,5.566802721935252,23
5143,-42.482731707547096,-4.352730455709838,40652,-49.93530245157272,-0.19848027172185767,2
5144,-120.85234063675273,-1.1875842036487534,40662,-123.94204162798616,-1.5144507595891967,3
5145,-86.7170126596975,-2.542092951935992,40672,-85.91178621041317,3.2728237667350073,24
5146,-129.27795874058452,6.445366668206904,40674,-132.1080396739421,5.887059356646324,17
5147,-132.16485667640399,3.960293926978609,40683,-132.1080396739421,5.887059356646324,17
5148,-139.82384299082787,-2.125743399489674,40685,-141.0346653257256,-1.1036168920026446,0
5149,-116.16813851056983,3.7666050131499555,40689,-114.33047638704419,5.73481138949136,19
5150,-100.9415176347208,0.5935460371060112,40690,-96.6939343764425,2.7165835152131033,15
5151,44.085121690897736,5.528809746968169,40691,47.997068783449585,1.2679199422360634,13
5152,-135.71423472807186,-3.9433435204624345,40696,-134.89656831690453,-0.030690791204986433,34
5153,58.13481329137933,5.709230373470107,40712,47.997068783449585,1.2679199422360634,13
5154,-118.75204097271235,-2.314464136510991,40714,-118.09857507912784,0.7103841694799473,11
5155,-118.09279022764952,3.628563453038944,40717,-118.09857507912784,0.7103841694799473,11
5156,-86.05980583876861,3.9531678210493597,40720,-85.91178621041317,3.2728237667350073,24
5157,196.6889142370453,-26.894613952916398,40748,172.66355239880147,-2.7112682595768685,38
5158,-26.33440492815727,10.44891178520792,40760,-29.714479793685786,-1.264748112657314,8
5159,-116.10002047115795,4.327373757153822,40762,-114.33047638704419,5.73481138949136,19
5160,-155.31542472944176,6.335015114247203,40763,-152.23629829764135,4.213482038439798,37
5161,-76.75017209160764,-1.1424044998662195,40771,-77.6204452281073,-4.536559244831727,5
5162,-103.94893613916308,1.2247282275480305,40775,-104.7190727296112,3.8815952186994593,7
5163,-90.26253367284431,6.786023364733861,40803,-85.91178621041317,3.2728237667350073,24
5164,-132.76502876442282,-2.770198156594156,40811,-134.89656831690453,-0.030690791204986433,34
5165,456.41958109324844,-28.27054303565702,40822,417.6915390220547,-4.11857226961515,29
5166,415.8425661141111,-7.220610625130707,40828,417.6915390220547,-4.11857226961515,29
5167,-131.85636253524845,-1.803300485580903,40836,-134.89656831690453,-0.030690791204986433,34
5168,-141.23464003270564,4.804758818533532,40837,-142.14616351708418,5.245197398204194,22
5169,-70.69902006482828,-1.1137942426108283,40848,-66.8889597803445,2.169628081691683,14
5170,13.601351630794627,-17.936807125856674,40850,28.39696760572947,-22.91072472808294,12
5171,-123.00762338154196,1.145337579001772,40886,-123.94204162798616,-1.5144507595891967,3
5172,-91.18025501740078,4.443909424981113,40891,-85.91178621041317,3.2728237667350073,24
5173,18.435955757213144,-14.738948269676216,40893,28.39696760572947,-22.91072472808294,12
5174,-120.39505340702463,8.677111832124442,40933,-123.80894152337959,5.566802721935252,23
5175,-143.95404445662172,-1.3815554622038635,40951,-141.0346653257256,-1.1036168920026446,0
5176,-97.56603321988268,-5.017534653496141,40962,-95.36861679384212,-10.95784818293233,28
5177,389.7598638641763,-6.892071671396088,40968,417.6915390220547,-4.11857226961515,29
5178,-66.61936628395233,-2.2824648885900753,40980,-66.8889597803445,2.169628081691683,14
5179,329.02827541025204,16.19909228982157,40981,302.44973475302317,-5.405747081354008,25
5180,-118.1290128048941,3.8884862310200092,40995,-118.09857507912784,0.7103841694799473,11
5181,-68.77262093282457,-1.0329525103727741,41006,-66.8889597803445,2.169628081691683,14
5182,169.13100699961004,8.677099533728333,41041,172.66355239880147,-2.7112682595768685,38
5183,-77.2102868849997,6.900782313634156,41051,-85.91178621041317,3.2728237667350073,24
5184,13.997719192908336,5.386468799404968,41052,18.937510567705566,1.034768221250525,27
5185,-88.37774136903109,9.349412390950372,41055,-85.91178621041317,3.2728237667350073,24
5186,-148.09133988115875,2.5805503629263,41057,-146.59606179012786,4.113086925586259,4
5187,-38.922082910599066,3.779230279027495,41060,-29.714479793685786,-1.264748112657314,8
5188,-11.949185930818828,4.338570468184957,41064,-6.878718007946434,-1.0926682779646681,10
5189,3.03109068978253,6.030938283163652,41090,-6.878718007946434,-1.0926682779646681,10
5190,-119.04342668380669,1.0078826410161152,41093,-118.09857507912784,0.7103841694799473,11
5191,13.386375931822743,-0.5601836665844784,41111,18.937510567705566,1.034768221250525,27
5192,22.971099574440625,7.161706729754571,41115,18.937510567705566,1.034768221250525,27
5193,-114.22117975417883,5.487064884747659,41130,-114.33047638704419,5.73481138949136,19
5194,404.7338141121015,8.677978574926694,41142,417.6915390220547,-4.11857226961515,29
5195,459.84398715392496,-20.214928074244874,41151,417.6915390220547,-4.11857226961515,29
5196,110.52196487547472,1.1825017989704596,41157,104.96211155305676,-0.5414592591613776,31
5197,144.12367157825105,-6.29370103932318,41168,135.4076551174278,-1.697351881935795,33
5198,-154.9381916541501,-1.9246010953144792,41170,-152.23629829764135,4.213482038439798,37
5199,-60.94237799998715,2.8171040037978003,41181,-66.8889597803445,2.169628081691683,14
5200,-134.8745673063291,0.09661969724550033,41203,-134.89656831690453,-0.030690791204986433,34
5201,-63.29343696202136,-6.807147996991478,41208,-66.8889597803445,2.169628081691683,14
5202,-145.15653497839938,3.038644906441664,41213,-146.59606179012786,4.113086925586259,4
5203,-132.05940540911175,1.6101747875829056,41215,-129.1025175244067,1.5488809909733745,1
5204,366.8004581376572,-8.147224561956302,41219,417.6915390220547,-4.11857226961515,29
5205,226.34313092965843,8.603462628430744,41229,227.03647807555316,-5.020718083634986,26
5206,284.65220427761324,-8.847615732926295,41231,302.44973475302317,-5.405747081354008,25
5207,-90.44708582962753,-20.69208166137902,41240,-95.36861679384212,-10.95784818293233,28
5208,316.3563546882034,-32.31242703425582,41254,302.44973475302317,-5.405747081354008,25
5209,67.24507360378229,-10.262866637393566,41255,70.166569844569,-14.692630117552799,9
5210,19.628404454936,-2.6763421566164847,41257,18.937510567705566,1.034768221250525,27
5211,-86.72672679085933,-1.8245923365806254,41264,-85.91178621041317,3.2728237667350073,24
5212,305.9887264662471,-27.520241695353455,41265,302.44973475302317,-5.405747081354008,25
5213,-133.89408147267864,-0.4804423818361669,41269,-134.89656831690453,-0.030690791204986433,34
5214,-132.9253466614784,-1.336063258528696,41287,-134.89656831690453,-0.030690791204986433,34
5215,-119.15012022390104,4.3562608838358745,41306,-118.09857507912784,0.7103841694799473,11
5216,96.83032913025066,-3.75439657663927,41314,104.96211155305676,-0.5414592591613776,31
5217,304.50052940548017,-6.214493046978173,41324,302.44973475302317,-5.405747081354008,25
5218,75.39867983015175,-12.459083974294158,41327,70.166569844569,-14.692630117552799,9
5219,-70.70666786993036,-15.686116687327713,41330,-77.6204452281073,-4.536559244831727,5
5220,-98.85748337714587,0.3348284760540388,41331,-96.6939343764425,2.7165835152131033,15
5221,-140.70274654212255,-3.2462758447178723,41347,-141.0346653257256,-1.1036168920026446,0
5222,-104.24409616011448,6.1555026298390905,41349,-104.7190727296112,3.8815952186994593,7
5223,-128.50550502946257,-5.833905228626781,41357,-130.75996572568545,-6.6137591708523855,18
5224,-134.01051233005717,0.0063292566776079395,41358,-134.89656831690453,-0.030690791204986433,34
5225,-126.39850558710383,-7.636145026203626,41363,-130.75996572568545,-6.6137591708523855,18
5226,-18.959513583761872,5.458887454233823,41367,-29.714479793685786,-1.264748112657314,8
5227,42.539194815492195,-0.8419321433830902,41381,47.997068783449585,1.2679199422360634,13
5228,20.68562782063359,-32.863953716326684,41392,28.39696760572947,-22.91072472808294,12
5229,-35.01199866096015,4.790265626889765,41402,-29.714479793685786,-1.264748112657314,8
5230,-44.36161538801099,9.70784228924654,41411,-49.93530245157272,-0.19848027172185767,2
5231,-138.94384073026706,0.007741563870298122,41417,-141.0346653257256,-1.1036168920026446,0
5232,-110.35014392969266,8.34219068721307,41420,-114.33047638704419,5.73481138949136,19
5233,16.918560122064417,-7.028692661242116,41421,18.937510567705566,1.034768221250525,27
5234,-67.07415592325333,-10.14247029217587,41448,-77.6204452281073,-4.536559244831727,5
5235,252.2334341228172,-4.328414704514231,41459,227.03647807555316,-5.020718083634986,26
5236,193.36103476031724,-8.100988264396813,41477,172.66355239880147,-2.7112682595768685,38
5237,362.8247767951437,5.456591426755279,41483,417.6915390220547,-4.11857226961515,29
5238,-104.90071778136148,-0.880615403550253,41485,-104.7190727296112,3.8815952186994593,7
5239,841.0511231390955,18.810535078650204,41491,861.6475783799328,6.515082937232454,35
5240,225.220120342173,10.24492537768527,41495,227.03647807555316,-5.020718083634986,26
5241,-14.69842443423396,-0.20279712399020083,41503,-6.878718007946434,-1.0926682779646681,10
5242,-70.58977573037576,-3.5117868698124535,41520,-66.8889597803445,2.169628081691683,14
5243,-49.595759347056095,-16.738576625737178,41521,-49.93530245157272,-0.19848027172185767,2
5244,-139.13424968654445,2.6221020140727793,41527,-137.57400940459857,4.493303950559668,20
5245,-55.65067212301915,-0.9045973117389313,41545,-49.93530245157272,-0.19848027172185767,2
5246,892.6715941129075,25.941232622523355,41553,861.6475783799328,6.515082937232454,35
5247,-29.69189917205737,-0.07827534976008245,41558,-29.714479793685786,-1.264748112657314,8
5248,-93.08305937269118,4.347868146333379,41566,-96.6939343764425,2.7165835152131033,15
5249,-107.83600569024405,-1.836447338330638,41586,-109.71624596876933,-1.0040630408538558,16
5250,24.75114135188477,-5.271773951465139,41588,18.937510567705566,1.034768221250525,27
5251,402.52156048596964,-2.9785988744063485,41591,417.6915390220547,-4.11857226961515,29
5252,-28.317315255565926,-5.189850544608758,41593,-29.714479793685786,-1.264748112657314,8
5253,-98.19272604162754,5.140164341600539,41596,-96.6939343764425,2.7165835152131033,15
5254,-14.809046800847288,2.2307392111286983,41602,-6.878718007946434,-1.0926682779646681,10
5255,-121.92600149843875,0.9495785426721284,41610,-123.94204162798616,-1.5144507595891967,3
5256,-108.66828837665163,-2.953150420370591,41616,-109.71624596876933,-1.0040630408538558,16
5257,26.620364267870595,-46.04867966233332,41617,28.39696760572947,-22.91072472808294,12
5258,-96.2028867417917,5.904559372665612,41636,-96.6939343764425,2.7165835152131033,15
5259,-0.671974472639953,0.4876181187115193,41638,-6.878718007946434,-1.0926682779646681,10
5260,-16.376295547787425,-18.929925463751765,41668,-6.878718007946434,-1.0926682779646681,10
5261,-79.30268320850638,-6.874460674874736,41670,-77.6204452281073,-4.536559244831727,5
5262,158.58705689657177,2.1099401708358583,41675,172.66355239880147,-2.7112682595768685,38
5263,-114.33084668262295,7.867768113590043,41690,-114.33047638704419,5.73481138949136,19
5264,-45.720887599569785,-0.22093795512435896,41692,-49.93530245157272,-0.19848027172185767,2
5265,-127.72989834824756,-3.9853808872760155,41706,-130.75996572568545,-6.6137591708523855,18
5266,-61.795114704953825,-0.9252958591128831,41718,-66.8889597803445,2.169628081691683,14
5267,-101.19273898289433,5.599503771084148,41726,-104.7190727296112,3.8815952186994593,7
5268,-39.33156919984154,-5.574840295962768,41728,-29.714479793685786,-1.264748112657314,8
5269,-82.16726469735048,5.867372140115336,41735,-85.91178621041317,3.2728237667350073,24
5270,52.16432027119266,4.951896979430516,41746,47.997068783449585,1.2679199422360634,13
5271,28.05559961655196,-8.815541966467993,41749,18.937510567705566,1.034768221250525,27
5272,-125.09548756596621,2.0166657626905438,41754,-123.94204162798616,-1.5144507595891967,3
5273,23.91522825774076,-6.8343529604740745,41756,18.937510567705566,1.034768221250525,27
5274,-136.23932995649295,4.982651382379253,41769,-137.57400940459857,4.493303950559668,20
5275,-115.7164812469655,-2.538857404326002,41775,-118.09857507912784,0.7103841694799473,11
5276,-121.15444560503303,4.415733439909089,41797,-123.80894152337959,5.566802721935252,23
5277,-80.44652540912803,-6.323179175945302,41834,-77.6204452281073,-4.536559244831727,5
5278,-91.19364214647032,-8.957277193437475,41856,-95.36861679384212,-10.95784818293233,28
5279,-120.68145047300091,-3.3791525923623533,41873,-123.94204162798616,-1.5144507595891967,3
5280,-70.56102038150395,-32.581564408437735,41878,-77.6204452281073,-4.536559244831727,5
5281,-104.96785704940949,1.1069326337093441,41897,-104.7190727296112,3.8815952186994593,7
5282,-51.073926068192705,-10.909513905935283,41907,-49.93530245157272,-0.19848027172185767,2
5283,519.0312530943922,8.187340504404794,41909,586.0312761189704,-1.722944617346204,30
5284,-21.42654170331382,-3.188148085190171,41915,-29.714479793685786,-1.264748112657314,8
5285,-90.30262344348968,7.668061272497441,41922,-85.91178621041317,3.2728237667350073,24
5286,-73.21828619074245,7.134797760139926,41937,-66.8889597803445,2.169628081691683,14
5287,247.7364251240306,2.896860527344894,41943,227.03647807555316,-5.020718083634986,26
5288,28.913498875928287,-6.715257512291296,41944,18.937510567705566,1.034768221250525,27
5289,-110.28493051341509,7.45492442934994,41960,-114.33047638704419,5.73481138949136,19
5290,-43.82528901750175,-13.667494246638817,41963,-49.93530245157272,-0.19848027172185767,2
5291,-113.20619916359334,5.179064398283975,41965,-114.33047638704419,5.73481138949136,19
5292,-62.729645312134885,-0.306038348251038,41976,-66.8889597803445,2.169628081691683,14
5293,-146.3378939477801,6.997532443416172,41994,-146.59606179012786,4.113086925586259,4
5294,-94.1281424065597,4.806334900970088,42010,-96.6939343764425,2.7165835152131033,15
5295,-77.92562113315888,2.1802286455623583,42036,-77.6204452281073,-4.536559244831727,5
5296,-147.26699992926083,5.922249132236403,42038,-146.59606179012786,4.113086925586259,4
5297,-65.95464905416331,3.0116076142710275,42041,-66.8889597803445,2.169628081691683,14
5298,-122.14638359780399,3.1904383840095707,42043,-123.80894152337959,5.566802721935252,23
5299,-115.16142082648004,4.148147454910712,42045,-114.33047638704419,5.73481138949136,19
5300,-51.57232604114825,-3.059680724435811,42051,-49.93530245157272,-0.19848027172185767,2
5301,404.866041437419,-22.13783946924688,42058,417.6915390220547,-4.11857226961515,29
5302,136.8190500372934,-1.8087628292310183,42063,135.4076551174278,-1.697351881935795,33
5303,-150.32188042977793,6.5852578864343,42089,-152.23629829764135,4.213482038439798,37
5304,-102.1405796079231,5.46375526163178,42090,-104.7190727296112,3.8815952186994593,7
5305,-134.99234910048057,1.1386363877523,42092,-134.89656831690453,-0.030690791204986433,34
5306,296.0337919030555,-13.9294520557517,42103,302.44973475302317,-5.405747081354008,25
5307,-104.8150697768344,-1.2048972737046517,42110,-109.71624596876933,-1.0040630408538558,16
5308,61.757654796235684,-3.26426759706548,42131,70.166569844569,-14.692630117552799,9
5309,-88.9016964306584,0.457564083536541,42137,-85.91178621041317,3.2728237667350073,24
5310,3.969739701416215,6.357418795293087,42138,-6.878718007946434,-1.0926682779646681,10
5311,-86.1005817452888,3.8139231951889347,42139,-85.91178621041317,3.2728237667350073,24
5312,-135.83048858843594,-1.4121039277860863,42149,-134.89656831690453,-0.030690791204986433,34
5313,-103.09481093063161,3.4013821571038525,42165,-104.7190727296112,3.8815952186994593,7
5314,-130.01336432530334,0.6690566620529216,42168,-129.1025175244067,1.5488809909733745,1
5315,-145.8986812447671,-1.6218679608132907,42188,-148.09620948762597,-1.1157003398540595,36
5316,108.4536460728208,-41.03243498146584,42191,110.19899446847099,-35.665903512662624,21
5317,-133.03094736335763,0.49543889293006127,42195,-134.89656831690453,-0.030690791204986433,34
5318,133.3392266835132,-9.66576001084157,42203,135.4076551174278,-1.697351881935795,33
5319,500.53432252406145,14.652170648956183,42216,417.6915390220547,-4.11857226961515,29
5320,-28.725683591957797,-0.34550613947512243,42227,-29.714479793685786,-1.264748112657314,8
5321,199.99732292762826,-16.807421203456578,42236,227.03647807555316,-5.020718083634986,26
5322,-122.99742064178021,0.4342610500403998,42240,-123.94204162798616,-1.5144507595891967,3
5323,157.8255174595992,-15.808611596755707,42249,172.66355239880147,-2.7112682595768685,38
5324,-126.62919353654722,-4.617380153707588,42267,-123.94204162798616,-1.5144507595891967,3
5325,-115.83530043261197,0.07433835258487759,42269,-118.09857507912784,0.7103841694799473,11
5326,66.97259159521488,-6.342677719909255,42276,70.166569844569,-14.692630117552799,9
5327,173.91264029864502,-16.416222171203064,42284,172.66355239880147,-2.7112682595768685,38
5328,-64.96208567779638,3.197234302646344,42285,-66.8889597803445,2.169628081691683,14
5329,-115.97264548190938,2.058898947327168,42291,-118.09857507912784,0.7103841694799473,11
5330,191.39946056871375,-8.470397116686746,42293,172.66355239880147,-2.7112682595768685,38
5331,-48.43946575035738,-4.384318684701223,42304,-49.93530245157272,-0.19848027172185767,2
5332,295.2018465789437,-16.611819307379218,42309,302.44973475302317,-5.405747081354008,25
5333,-126.14679606792754,3.6547754834126005,42312,-123.80894152337959,5.566802721935252,23
5334,50.09756761435143,6.387726687793153,42313,47.997068783449585,1.2679199422360634,13
5335,-85.16827077799715,4.78561409052482,42317,-85.91178621041317,3.2728237667350073,24
5336,260.88889354675706,-41.833584549735384,42319,227.03647807555316,-5.020718083634986,26
5337,-136.19122971316062,4.455952418391636,42337,-137.57400940459857,4.493303950559668,20
5338,-63.495270586857,-4.44781578152884,42340,-66.8889597803445,2.169628081691683,14
5339,-57.051845678775784,4.263475769416856,42361,-49.93530245157272,-0.19848027172185767,2
5340,8.315302466439675,0.9182127393189756,42386,18.937510567705566,1.034768221250525,27
5341,-80.97491752523703,1.6639276316539153,42418,-85.91178621041317,3.2728237667350073,24
5342,-17.55303691285097,-1.8863590091961964,42419,-6.878718007946434,-1.0926682779646681,10
5343,-97.04090471652263,2.333405179246117,42433,-96.6939343764425,2.7165835152131033,15
5344,-86.03226886038671,1.8066437210407094,42441,-85.91178621041317,3.2728237667350073,24
5345,-83.82357435955738,-14.891472447425636,42444,-77.6204452281073,-4.536559244831727,5
5346,-88.0936042452046,2.608713410219684,42452,-85.91178621041317,3.2728237667350073,24
5347,-142.19350425863695,4.391626451385782,42464,-142.14616351708418,5.245197398204194,22
5348,3.11226015808779,4.247804716270981,42467,-6.878718007946434,-1.0926682779646681,10
5349,-114.2888496195422,6.963895319362035,42468,-114.33047638704419,5.73481138949136,19
5350,113.47775295453407,1.697480592187617,42476,104.96211155305676,-0.5414592591613776,31
5351,-61.976782828441344,3.577627907213387,42485,-66.8889597803445,2.169628081691683,14
5352,-27.457180179624306,-3.1397594612848816,42491,-29.714479793685786,-1.264748112657314,8
5353,-113.87472016991377,-0.0683085051548744,42494,-109.71624596876933,-1.0040630408538558,16
5354,-58.999917641451674,-11.110252934751552,42496,-49.93530245157272,-0.19848027172185767,2
5355,-108.1275950988233,4.042505065255098,42503,-104.7190727296112,3.8815952186994593,7
5356,351.2689762453968,-1.3949112407821322,42507,302.44973475302317,-5.405747081354008,25
5357,-44.48095712973792,-3.9123330459506422,42513,-49.93530245157272,-0.19848027172185767,2
5358,-74.77187043042632,-0.6228500771904505,42515,-77.6204452281073,-4.536559244831727,5
5359,-145.33779142797053,7.002490806824766,42527,-146.59606179012786,4.113086925586259,4
5360,-89.26582851136064,7.390600026197962,42530,-85.91178621041317,3.2728237667350073,24
5361,-118.09132353196618,2.5805053841656718,42537,-118.09857507912784,0.7103841694799473,11
5362,-135.6797400583309,-3.14576222905366,42547,-134.89656831690453,-0.030690791204986433,34
5363,-144.75649467747357,-3.1656578602132797,42558,-148.09620948762597,-1.1157003398540595,36
5364,-151.0866605969154,2.4238911795459814,42578,-152.23629829764135,4.213482038439798,37
5365,-49.70022539083248,-0.22939662625308585,42582,-49.93530245157272,-0.19848027172185767,2
5366,8.124643959985113,-11.179839049190067,42584,18.937510567705566,1.034768221250525,27
5367,546.9857087839853,9.652240119273925,42594,586.0312761189704,-1.722944617346204,30
5368,33.32947521844482,1.5400585146403143,42601,18.937510567705566,1.034768221250525,27
5369,-128.86088960378837,-2.1580496427497375,42602,-129.1025175244067,1.5488809909733745,1
5370,-125.73105022647083,-2.885318456675169,42628,-123.94204162798616,-1.5144507595891967,3
5371,-112.93949010401067,1.3870168586551488,42638,-109.71624596876933,-1.0040630408538558,16
5372,-141.21386213382775,5.376904666959196,42653,-142.14616351708418,5.245197398204194,22
5373,306.82440168699395,4.013652371497739,42664,302.44973475302317,-5.405747081354008,25
5374,209.40574719823704,-7.788875397259972,42671,227.03647807555316,-5.020718083634986,26
5375,405.4286577969655,-1.3999772489984217,42676,417.6915390220547,-4.11857226961515,29
5376,855.3960431264412,43.00237253367952,42685,861.6475783799328,6.515082937232454,35
5377,-130.1533320336117,4.231515754264342,42690,-132.1080396739421,5.887059356646324,17
5378,26.376907085302783,1.4058175484504083,42700,18.937510567705566,1.034768221250525,27
5379,-143.23569456720824,5.306625449787328,42704,-142.14616351708418,5.245197398204194,22
5380,-96.38438225797728,9.346441599987562,42710,-96.6939343764425,2.7165835152131033,15
5381,-49.63841460938059,-1.5818048998909178,42726,-49.93530245157272,-0.19848027172185767,2
5382,-63.05049592070501,4.653418976665095,42728,-66.8889597803445,2.169628081691683,14
5383,156.00919034364802,11.126047847248412,42735,172.66355239880147,-2.7112682595768685,38
5384,-81.07846249562198,3.935327349551915,42745,-85.91178621041317,3.2728237667350073,24
5385,-58.78178344822442,0.37001977418432547,42753,-66.8889597803445,2.169628081691683,14
5386,-112.27269163798587,6.6202061333228155,42758,-114.33047638704419,5.73481138949136,19
5387,-68.04310849287808,-10.303305163986753,42761,-77.6204452281073,-4.536559244831727,5
5388,-84.0432923659183,3.1263754926378224,42769,-85.91178621041317,3.2728237667350073,24
5389,-100.81479450540088,-0.6292786202655547,42780,-96.6939343764425,2.7165835152131033,15
5390,-124.31866127405466,7.44376608606832,42785,-123.80894152337959,5.566802721935252,23
5391,-84.2384772229789,-7.850049880598845,42788,-77.6204452281073,-4.536559244831727,5
5392,101.3923833258702,-11.373735543468893,42789,104.96211155305676,-0.5414592591613776,31
5393,-74.7706833822294,-1.160425765545103,42810,-77.6204452281073,-4.536559244831727,5
5394,-87.29581878234993,-7.15899132699355,42811,-95.36861679384212,-10.95784818293233,28
5395,-128.19235085315984,5.116983224539651,42818,-129.1025175244067,1.5488809909733745,1
5396,16.082368823620254,-9.5973084518701,42831,18.937510567705566,1.034768221250525,27
5397,-133.1578135844032,3.793927463663151,42842,-132.1080396739421,5.887059356646324,17
5398,-146.86913584309482,-1.2414324370190877,42844,-148.09620948762597,-1.1157003398540595,36
5399,-88.91596833836559,-0.2780802353920443,42853,-85.91178621041317,3.2728237667350073,24
5400,-115.18354297764449,4.138057275358961,42861,-114.33047638704419,5.73481138949136,19
5401,-122.21382443914565,5.181128979283988,42870,-123.80894152337959,5.566802721935252,23
5402,238.32971583092063,-34.58096703695113,42878,227.03647807555316,-5.020718083634986,26
5403,2.095919243122908,4.065690787919599,42884,-6.878718007946434,-1.0926682779646681,10
5404,-97.05505728106155,3.175393662925871,42891,-96.6939343764425,2.7165835152131033,15
5405,-63.243909302078755,-8.400872754093426,42900,-66.8889597803445,2.169628081691683,14
5406,107.78581633081517,-2.5795156130564636,42902,104.96211155305676,-0.5414592591613776,31
5407,436.2979527760752,1.461381806095311,42910,417.6915390220547,-4.11857226961515,29
5408,-76.21164958163553,-8.302782178659593,42913,-77.6204452281073,-4.536559244831727,5
5409,255.14342614229733,-45.973872451595945,42914,227.03647807555316,-5.020718083634986,26
5410,-129.0562985340462,2.1318988794150453,42915,-129.1025175244067,1.5488809909733745,1
5411,215.18338526807,10.365268783882549,42933,227.03647807555316,-5.020718083634986,26
5412,-104.10643852754374,3.6462499590086477,42947,-104.7190727296112,3.8815952186994593,7
5413,-51.86533353896973,2.3327748445926404,42951,-49.93530245157272,-0.19848027172185767,2
5414,-141.88905971046577,-0.21392141294015846,42952,-141.0346653257256,-1.1036168920026446,0
5415,140.36751875955022,5.077171628205724,42960,135.4076551174278,-1.697351881935795,33
5416,-149.19218001853113,4.249960308565317,42982,-146.59606179012786,4.113086925586259,4
5417,237.45269626753506,6.895081985834136,43020,227.03647807555316,-5.020718083634986,26
5418,44.020240398730245,6.952187852690313,43023,47.997068783449585,1.2679199422360634,13
5419,-122.28236372920283,6.689028525228736,43024,-123.80894152337959,5.566802721935252,23
5420,388.490062243507,-3.038065375919812,43043,417.6915390220547,-4.11857226961515,29
5421,-145.15147454119997,2.8994866867327636,43044,-146.59606179012786,4.113086925586259,4
5422,1270.9120776221264,49.96897200663759,43051,1342.5649032771717,32.04824045393157,32
5423,177.77120498281903,0.4614117167306535,43071,172.66355239880147,-2.7112682595768685,38
5424,-103.05368976193989,1.470901888929066,43078,-104.7190727296112,3.8815952186994593,7
5425,-63.51279028614426,-4.576154331571953,43102,-66.8889597803445,2.169628081691683,14
5426,-138.35257910810515,7.424472060535351,43129,-137.57400940459857,4.493303950559668,20
5427,-11.182494391030698,-6.8194409612072775,43135,-6.878718007946434,-1.0926682779646681,10
5428,-81.11229422734928,5.202982379193795,43142,-85.91178621041317,3.2728237667350073,24
5429,-82.1428613932569,4.804838881933668,43158,-85.91178621041317,3.2728237667350073,24
5430,826.4891556874502,40.98671066478567,43162,861.6475783799328,6.515082937232454,35
5431,-93.11413233278417,-10.72760458443793,43170,-95.36861679384212,-10.95784818293233,28
5432,-58.98910186337594,-11.361659817129594,43171,-49.93530245157272,-0.19848027172185767,2
5433,-115.03016838922399,1.7955463721969485,43181,-118.09857507912784,0.7103841694799473,11
5434,-95.24829234501203,7.420902664484735,43184,-96.6939343764425,2.7165835152131033,15
5435,-115.04065410737381,3.044967357326628,43185,-114.33047638704419,5.73481138949136,19
5436,-138.15880611012136,3.188761019116833,43194,-137.57400940459857,4.493303950559668,20
5437,-150.15408778429668,3.8953320714740225,43200,-152.23629829764135,4.213482038439798,37
5438,-118.87361372890278,0.34641654129664695,43202,-118.09857507912784,0.7103841694799473,11
5439,97.21032515203677,-9.499828085346849,43203,104.96211155305676,-0.5414592591613776,31
5440,-137.61718864248328,-5.5902810499663715,43233,-141.0346653257256,-1.1036168920026446,0
5441,80.43757935468065,-12.722572505214858,43235,70.166569844569,-14.692630117552799,9
5442,-121.82298582938999,-0.8143316790443508,43237,-123.94204162798616,-1.5144507595891967,3
5443,-68.99137707822639,3.264145212442109,43245,-66.8889597803445,2.169628081691683,14
5444,-58.997214514880675,3.0296224312865827,43253,-66.8889597803445,2.169628081691683,14
5445,-121.1890814857497,4.156534041569598,43254,-123.80894152337959,5.566802721935252,23
5446,-125.91757396369701,0.16195142254557784,43268,-123.94204162798616,-1.5144507595891967,3
5447,288.1519965463763,-1.415581846148634,43275,302.44973475302317,-5.405747081354008,25
5448,-139.33947035615128,7.126674012114429,43287,-137.57400940459857,4.493303950559668,20
5449,-105.05979049055198,1.571266062621251,43290,-104.7190727296112,3.8815952186994593,7
5450,-93.25052311867422,6.4785324362658345,43293,-96.6939343764425,2.7165835152131033,15
5451,-148.13509864083954,2.502690099043907,43294,-146.59606179012786,4.113086925586259,4
5452,-150.0567605263562,1.2771689768138927,43301,-148.09620948762597,-1.1157003398540595,36
5453,4.628984660953197,-3.4576924875002963,43310,-6.878718007946434,-1.0926682779646681,10
5454,-94.22773890212142,6.475267962818753,43316,-96.6939343764425,2.7165835152131033,15
5455,-72.70189810535317,-1.0848690535364163,43323,-77.6204452281073,-4.536559244831727,5
5456,51.281061291178865,-26.55411729818362,43329,70.166569844569,-14.692630117552799,9
5457,53.04343763430408,6.580446830735699,43336,47.997068783449585,1.2679199422360634,13
5458,859.1357599556387,-24.873556945956494,43352,861.6475783799328,6.515082937232454,35
5459,-98.21218266951581,6.566039304029728,43354,-96.6939343764425,2.7165835152131033,15
5460,1.9067260496778926,7.211339782457657,43358,-6.878718007946434,-1.0926682779646681,10
5461,-124.3022016748913,7.082833575499551,43363,-123.80894152337959,5.566802721935252,23
5462,6.835522770195739,7.8098087172533495,43364,18.937510567705566,1.034768221250525,27
5463,-96.62332968848047,-3.2333507966102024,43381,-96.6939343764425,2.7165835152131033,15
5464,-71.59036367482132,-3.515962949887392,43402,-77.6204452281073,-4.536559244831727,5
5465,217.24124719985429,-19.821996393884177,43416,227.03647807555316,-5.020718083634986,26
5466,-138.8093774555686,-0.8750031034274423,43417,-141.0346653257256,-1.1036168920026446,0
5467,-118.39883890414188,8.789896608175821,43419,-114.33047638704419,5.73481138949136,19
5468,-149.19640387884147,4.871181771657415,43424,-146.59606179012786,4.113086925586259,4
5469,-149.25109743374765,5.01858014795084,43439,-146.59606179012786,4.113086925586259,4
5470,-118.14514677085788,3.7480177897335074,43441,-118.09857507912784,0.7103841694799473,11
5471,-95.37198972979564,9.105655636067558,43447,-96.6939343764425,2.7165835152131033,15
5472,516.4353746917585,16.58673371257062,43454,586.0312761189704,-1.722944617346204,30
5473,-117.74240026344728,-3.5396247842884807,43461,-118.09857507912784,0.7103841694799473,11
5474,-73.71940145628552,-0.7273935715831402,43462,-77.6204452281073,-4.536559244831727,5
5475,766.4557022462865,-18.200331315358117,43467,861.6475783799328,6.515082937232454,35
5476,-125.94519203748905,-0.7718781246655388,43468,-123.94204162798616,-1.5144507595891967,3
5477,-25.203495879670882,8.62960651633141,43473,-29.714479793685786,-1.264748112657314,8
5478,-116.30739845935175,-7.907151932103591,43474,-115.69510858146283,-11.595084171039186,39
5479,-124.86052429461465,-1.5779356737929662,43476,-123.94204162798616,-1.5144507595891967,3
5480,-126.26410067457975,5.723881301046493,43479,-123.80894152337959,5.566802721935252,23
5481,-103.14832786869641,4.083867505459363,43485,-104.7190727296112,3.8815952186994593,7
5482,1044.0501764696355,40.04632707838799,43505,861.6475783799328,6.515082937232454,35
5483,-149.1404841638166,2.6076351333720194,43516,-146.59606179012786,4.113086925586259,4
5484,408.2787805186737,15.108891908780633,43518,417.6915390220547,-4.11857226961515,29
5485,-30.530948490683844,-17.332497017957493,43523,-29.714479793685786,-1.264748112657314,8
5486,-116.27896676194241,6.725743740881843,43524,-114.33047638704419,5.73481138949136,19
5487,999.377143986325,19.46300064639785,43534,861.6475783799328,6.515082937232454,35
5488,25.01826054862159,6.668557571716069,43554,18.937510567705566,1.034768221250525,27
5489,10.449429411584417,-16.197596064534576,43555,28.39696760572947,-22.91072472808294,12
5490,217.11354276433596,10.372998529527509,43561,227.03647807555316,-5.020718083634986,26
5491,28.523697584591037,-0.7416583270764725,43573,18.937510567705566,1.034768221250525,27
5492,-10.531402402832352,-1.7192247547984054,43580,-6.878718007946434,-1.0926682779646681,10
5493,-8.14105498208977,-7.162440538118121,43584,-6.878718007946434,-1.0926682779646681,10
5494,19.041973536873016,4.498982968018362,43601,18.937510567705566,1.034768221250525,27
5495,-22.708755984814317,0.9175852362251375,43611,-29.714479793685786,-1.264748112657314,8
5496,-103.41625208719252,-5.808885216754283,43615,-109.71624596876933,-1.0040630408538558,16
5497,-76.86854767507134,-0.08506023155023175,43623,-77.6204452281073,-4.536559244831727,5
5498,83.59882510780261,0.07565227659134952,43627,78.01149217232324,3.6022338347977136,6
5499,-151.25726791894158,5.645365963959174,43642,-152.23629829764135,4.213482038439798,37
5500,-155.1341275126851,2.383184522665053,43648,-152.23629829764135,4.213482038439798,37
5501,-124.25375057841725,6.539622476874408,43649,-123.80894152337959,5.566802721935252,23
5502,-99.7974090999347,-0.49464631098152295,43650,-96.6939343764425,2.7165835152131033,15
5503,-130.2438455856892,5.708557884759065,43652,-132.1080396739421,5.887059356646324,17
5504,-126.18489244642893,4.980185255379297,43673,-123.80894152337959,5.566802721935252,23
5505,-149.11901539853488,2.1252461408689447,43676,-146.59606179012786,4.113086925586259,4
5506,-3.6390505388533922,0.7314947780409807,43678,-6.878718007946434,-1.0926682779646681,10
5507,85.01610828153238,8.765333252088729,43697,78.01149217232324,3.6022338347977136,6
5508,-136.16635254382152,4.406054870278341,43700,-137.57400940459857,4.493303950559668,20
5509,-70.82848927060752,1.704573339033488,43704,-66.8889597803445,2.169628081691683,14
5510,-80.86774160493242,1.3510369628464014,43707,-85.91178621041317,3.2728237667350073,24
5511,50.24124151822611,-10.964577762313507,43708,47.997068783449585,1.2679199422360634,13
5512,704.4621830710231,-20.408698916131012,43718,586.0312761189704,-1.722944617346204,30
5513,-102.87669037906812,-0.34954749465045204,43725,-104.7190727296112,3.8815952186994593,7
5514,21.535996994746803,-15.85483941729537,43730,28.39696760572947,-22.91072472808294,12
5515,-74.17869511643276,-9.514814529788492,43734,-77.6204452281073,-4.536559244831727,5
5516,-102.2302860969381,6.4015355956502695,43744,-104.7190727296112,3.8815952186994593,7
5517,-127.06354947303936,1.2832299848234814,43748,-129.1025175244067,1.5488809909733745,1
5518,196.90088076484955,-1.0479093687514427,43755,172.66355239880147,-2.7112682595768685,38
5519,-118.12367119136489,3.7871977293530064,43757,-118.09857507912784,0.7103841694799473,11
5520,1852.2653180786715,50.618517045585975,43758,1342.5649032771717,32.04824045393157,32
5521,-70.0905327594184,-10.354374226962735,43761,-77.6204452281073,-4.536559244831727,5
5522,-51.979094380218235,-11.453984591223113,43767,-49.93530245157272,-0.19848027172185767,2
5523,-139.1725970732012,3.478038748274346,43789,-137.57400940459857,4.493303950559668,20
5524,155.67110150193062,1.2363823406098635,43798,172.66355239880147,-2.7112682595768685,38
5525,-144.15908613808486,3.0924307877532913,43800,-146.59606179012786,4.113086925586259,4
5526,-116.40382990747965,8.941204785116904,43809,-114.33047638704419,5.73481138949136,19
5527,267.92461111710844,-13.56418216798092,43810,302.44973475302317,-5.405747081354008,25
5528,-124.8277727928254,-1.7994695540335768,43818,-123.94204162798616,-1.5144507595891967,3
5529,-134.9482185889111,-0.8392643756817779,43823,-134.89656831690453,-0.030690791204986433,34
5530,-15.965382644042881,5.6313250183607755,43830,-6.878718007946434,-1.0926682779646681,10
5531,-132.36777775369032,7.860471484563256,43832,-132.1080396739421,5.887059356646324,17
5532,-77.86052028432715,0.7657559488777106,43841,-77.6204452281073,-4.536559244831727,5
5533,-140.21793725200763,4.974780576174009,43845,-142.14616351708418,5.245197398204194,22
5534,-113.18555396901552,4.7095186558918565,43861,-114.33047638704419,5.73481138949136,19
5535,-103.60312891375668,-3.771188585760013,43864,-109.71624596876933,-1.0040630408538558,16
5536,-91.31303331090113,7.379846501401482,43874,-85.91178621041317,3.2728237667350073,24
5537,-116.69171265032975,-3.083295350885467,43880,-118.09857507912784,0.7103841694799473,11
5538,-137.2460549040704,5.135545742756071,43887,-137.57400940459857,4.493303950559668,20
5539,143.32896076202542,20.691336079686522,43899,135.4076551174278,-1.697351881935795,33
5540,-48.487925067489236,-3.829759694816851,43903,-49.93530245157272,-0.19848027172185767,2
5541,-104.1466645819048,5.056516356277379,43910,-104.7190727296112,3.8815952186994593,7
5542,-143.25080981026287,5.127425473093495,43911,-142.14616351708418,5.245197398204194,22
5543,-109.74470619922866,-2.3279509571173085,43914,-109.71624596876933,-1.0040630408538558,16
5544,-151.06060392560985,2.3579066431472913,43940,-152.23629829764135,4.213482038439798,37
5545,157.35576469426272,-9.111419725071535,43942,172.66355239880147,-2.7112682595768685,38
5546,-108.03365362007509,2.497313695108055,43961,-104.7190727296112,3.8815952186994593,7
5547,40.883665073107544,-5.8539387781649115,43962,47.997068783449585,1.2679199422360634,13
5548,92.67991634128428,-1.5511233427865851,44007,104.96211155305676,-0.5414592591613776,31
5549,-119.30112341685194,7.142872058940544,44008,-123.80894152337959,5.566802721935252,23
5550,-89.06981367470465,3.075448863359002,44010,-85.91178621041317,3.2728237667350073,24
5551,-127.95236230712321,0.38138723949844155,44015,-129.1025175244067,1.5488809909733745,1
5552,-119.6571843815375,-3.8929554987163986,44026,-118.09857507912784,0.7103841694799473,11
5553,-33.95994960771855,-11.066421467335491,44032,-29.714479793685786,-1.264748112657314,8
5554,239.3598091606906,-6.284002116711396,44056,227.03647807555316,-5.020718083634986,26
5555,111.99218810250937,9.216321838504316,44060,104.96211155305676,-0.5414592591613776,31
5556,-120.03428338585091,2.3060795131753267,44074,-118.09857507912784,0.7103841694799473,11
5557,555.5306988160048,-12.255013330151527,44075,586.0312761189704,-1.722944617346204,30
5558,-152.32236949079527,6.543764727317934,44084,-152.23629829764135,4.213482038439798,37
5559,161.221353006344,8.098584271741522,44086,172.66355239880147,-2.7112682595768685,38
5560,-120.77468932015039,-1.3336396237867445,44118,-123.94204162798616,-1.5144507595891967,3
5561,-135.58772075662657,-4.160496905561581,44120,-134.89656831690453,-0.030690791204986433,34
5562,166.16249947403537,-5.754488697725512,44126,172.66355239880147,-2.7112682595768685,38
5563,-69.91470585137806,3.0943695639716893,44128,-66.8889597803445,2.169628081691683,14
5564,-134.29757941370715,6.828481347719984,44129,-132.1080396739421,5.887059356646324,17
5565,29.85641421071115,-5.959398898881211,44132,18.937510567705566,1.034768221250525,27
5566,-57.77591436011597,-0.7543425109345617,44144,-49.93530245157272,-0.19848027172185767,2
5567,218.55895804247817,19.488303763350547,44147,227.03647807555316,-5.020718083634986,26
5568,270.46351981290235,7.7172563080453465,44154,302.44973475302317,-5.405747081354008,25
5569,-104.69228196425557,-3.390900153115233,44155,-109.71624596876933,-1.0040630408538558,16
5570,-135.07882652074406,2.5340931774943667,44173,-134.89656831690453,-0.030690791204986433,34
5571,-112.80206838711965,-0.6044549265618772,44179,-109.71624596876933,-1.0040630408538558,16
5572,645.6139945009197,-38.941740287984565,44182,586.0312761189704,-1.722944617346204,30
5573,-153.24801113055477,4.887626665958783,44183,-152.23629829764135,4.213482038439798,37
5574,-131.37174663694265,7.988659557471115,44231,-132.1080396739421,5.887059356646324,17
5575,-9.353449592792618,-3.5695339446931036,44233,-6.878718007946434,-1.0926682779646681,10
5576,139.54945139548414,2.0997152793829126,44234,135.4076551174278,-1.697351881935795,33
5577,-144.28619410070223,5.879582079604271,44236,-142.14616351708418,5.245197398204194,22
5578,-119.76943405944807,-1.424607928804229,44246,-118.09857507912784,0.7103841694799473,11
5579,571.7303497621282,14.12949263401966,44257,586.0312761189704,-1.722944617346204,30
5580,382.0205413439369,-39.60017791131897,44285,417.6915390220547,-4.11857226961515,29
5581,-54.37974275040419,-5.280926733513298,44293,-49.93530245157272,-0.19848027172185767,2
5582,-73.62168324800487,-1.8441708504530139,44297,-77.6204452281073,-4.536559244831727,5
5583,-134.9499410438126,0.2075656382299859,44307,-134.89656831690453,-0.030690791204986433,34
5584,-128.970391840039,1.2724906217703047,44311,-129.1025175244067,1.5488809909733745,1
5585,1.9442104932917694,6.883427791672953,44313,-6.878718007946434,-1.0926682779646681,10
5586,-98.77424002439126,-1.481840582823842,44315,-96.6939343764425,2.7165835152131033,15
5587,-73.4304370060213,10.236667756804765,44321,-66.8889597803445,2.169628081691683,14
5588,77.54534125502411,-0.9062226353593652,44328,78.01149217232324,3.6022338347977136,6
5589,-95.13479825159989,3.9107151765173027,44333,-96.6939343764425,2.7165835152131033,15
5590,-118.89571332064733,0.3213878372329649,44341,-118.09857507912784,0.7103841694799473,11
5591,169.9103677702698,12.507000434370049,44342,172.66355239880147,-2.7112682595768685,38
5592,-63.23217019191624,6.074768168673243,44346,-66.8889597803445,2.169628081691683,14
5593,-122.14857202036481,3.755418985515487,44364,-123.80894152337959,5.566802721935252,23
5594,-120.82426079597721,-0.7582974027880346,44367,-118.09857507912784,0.7103841694799473,11
5595,122.37655846524386,4.064545531434165,44383,135.4076551174278,-1.697351881935795,33
5596,-75.18023785803783,6.273529718116954,44389,-66.8889597803445,2.169628081691683,14
5597,-71.16554137800223,-9.237852637421751,44392,-77.6204452281073,-4.536559244831727,5
5598,20.35933892719622,1.6902897163688577,44403,18.937510567705566,1.034768221250525,27
5599,-116.1722312821648,4.377272183013366,44417,-114.33047638704419,5.73481138949136,19
5600,26.749674578261526,10.026649292953081,44426,18.937510567705566,1.034768221250525,27
5601,-134.91578201127578,-0.04669231204335004,44434,-134.89656831690453,-0.030690791204986433,34
5602,-138.13273373290718,3.1378073473085073,44442,-137.57400940459857,4.493303950559668,20
5603,-15.236109570989463,8.484731385711209,44455,-6.878718007946434,-1.0926682779646681,10
5604,-128.01503650448993,0.20445405928033528,44461,-129.1025175244067,1.5488809909733745,1
5605,-104.05553747586114,2.5411354476236343,44462,-104.7190727296112,3.8815952186994593,7
5606,2.359983551118051,-0.6863190660882701,44467,-6.878718007946434,-1.0926682779646681,10
5607,-141.2481390828179,5.091091464271711,44472,-142.14616351708418,5.245197398204194,22
5608,-113.06845095885569,2.663754515734893,44481,-114.33047638704419,5.73481138949136,19
5609,53.41208785636382,1.0997013933477156,44514,47.997068783449585,1.2679199422360634,13
5610,-108.88738889176487,-14.407145389367422,44518,-115.69510858146283,-11.595084171039186,39
5611,-137.04241754930857,1.1698182212726058,44522,-134.89656831690453,-0.030690791204986433,34
5612,81.94264938613806,9.80391201521956,44523,78.01149217232324,3.6022338347977136,6
5613,299.29766693635526,11.333670514787837,44534,302.44973475302317,-5.405747081354008,25
5614,37.58796299682592,-2.0031421605493667,44539,47.997068783449585,1.2679199422360634,13
5615,-62.49726845579736,-3.368452020578418,44545,-66.8889597803445,2.169628081691683,14
5616,20.429900046694378,-0.875484743410256,44549,18.937510567705566,1.034768221250525,27
5617,-27.345199048568976,9.654046187793528,44550,-29.714479793685786,-1.264748112657314,8
5618,5.791648266669675,-5.967720749651585,44552,-6.878718007946434,-1.0926682779646681,10
5619,-99.23717122846611,6.605204678954428,44557,-96.6939343764425,2.7165835152131033,15
5620,-34.75626948416478,1.2412880851909078,44576,-29.714479793685786,-1.264748112657314,8
5621,117.43650333610425,-11.552882399453782,44582,104.96211155305676,-0.5414592591613776,31
5622,384.9076723351304,-23.3850577535759,44587,417.6915390220547,-4.11857226961515,29
5623,43.83597917867696,-5.803671494963645,44594,47.997068783449585,1.2679199422360634,13
5624,262.51920983242536,-65.21840979660483,44599,227.03647807555316,-5.020718083634986,26
5625,825.6666935753697,23.886136639428578,44601,861.6475783799328,6.515082937232454,35
5626,313.8750448595358,-11.192146608564515,44605,302.44973475302317,-5.405747081354008,25
5627,-16.776236324714766,1.4791457443305343,44616,-6.878718007946434,-1.0926682779646681,10
5628,-47.076665597143716,6.003748615123307,44617,-49.93530245157272,-0.19848027172185767,2
5629,-8.571687502615218,-0.8261179938896568,44619,-6.878718007946434,-1.0926682779646681,10
5630,43.32260306980536,2.388882198347891,44621,47.997068783449585,1.2679199422360634,13
5631,-137.0492959735384,2.364650715902589,44622,-137.57400940459857,4.493303950559668,20
5632,193.95708352884677,-1.8162372032073708,44628,172.66355239880147,-2.7112682595768685,38
5633,-12.40146434803988,-18.829631100147992,44638,-6.878718007946434,-1.0926682779646681,10
5634,375.88325606084095,5.427041904651994,44643,417.6915390220547,-4.11857226961515,29
5635,73.81823186923344,-4.383511603182612,44647,78.01149217232324,3.6022338347977136,6
5636,116.9096174974366,-4.131412979430049,44648,104.96211155305676,-0.5414592591613776,31
5637,-118.00771910336312,0.24466423173472882,44662,-118.09857507912784,0.7103841694799473,11
5638,-120.90070366259816,0.8990336015340983,44679,-118.09857507912784,0.7103841694799473,11
5639,-124.24107449815823,5.237926347505398,44682,-123.80894152337959,5.566802721935252,23
5640,-33.34614309074663,10.083118059178936,44683,-29.714479793685786,-1.264748112657314,8
5641,-115.33703557098725,7.971774351655514,44689,-114.33047638704419,5.73481138949136,19
5642,-112.99661833543689,1.10748543146466,44690,-109.71624596876933,-1.0040630408538558,16
5643,-86.79657052085504,-0.8126338698742952,44693,-85.91178621041317,3.2728237667350073,24
5644,-40.00611273454125,5.102436677441463,44698,-49.93530245157272,-0.19848027172185767,2
5645,-141.3377755895663,7.0543635452978055,44701,-142.14616351708418,5.245197398204194,22
5646,-143.12430280924795,3.3833681025917826,44704,-142.14616351708418,5.245197398204194,22
5647,11.352130879060562,-14.056644408466653,44717,18.937510567705566,1.034768221250525,27
5648,-124.36841432571903,8.032320773183201,44721,-123.80894152337959,5.566802721935252,23
5649,-140.35054714958488,7.365512788729033,44725,-142.14616351708418,5.245197398204194,22
5650,-11.185124675643944,-7.284123447756562,44730,-6.878718007946434,-1.0926682779646681,10
5651,-123.69496957445548,-17.863523160219227,44739,-115.69510858146283,-11.595084171039186,39
5652,-26.810335470936664,2.0340542306522518,44741,-29.714479793685786,-1.264748112657314,8
5653,89.09679952638318,-7.67252102324884,44781,78.01149217232324,3.6022338347977136,6
5654,-38.88085188038553,-11.851237151767384,44782,-29.714479793685786,-1.264748112657314,8
5655,-146.81672725584036,-2.8989954756851457,44783,-148.09620948762597,-1.1157003398540595,36
5656,203.62353788024413,-11.11951522969192,44786,227.03647807555316,-5.020718083634986,26
5657,66.11358477758078,6.81310773560926,44789,78.01149217232324,3.6022338347977136,6
5658,-16.32272929498451,10.385945718728054,44791,-6.878718007946434,-1.0926682779646681,10
5659,-80.67980402449462,-16.453688300028535,44810,-77.6204452281073,-4.536559244831727,5
5660,97.17362688070432,5.502082011910101,44814,104.96211155305676,-0.5414592591613776,31
5661,-126.19654823065692,4.220070378866692,44840,-123.80894152337959,5.566802721935252,23
5662,219.5334375612909,-9.398478664370284,44842,227.03647807555316,-5.020718083634986,26
5663,36.77394701314394,10.698133717155752,44844,47.997068783449585,1.2679199422360634,13
5664,-80.05920036430643,5.071538632050327,44849,-85.91178621041317,3.2728237667350073,24
5665,-97.855550409045,0.3102088321076317,44851,-96.6939343764425,2.7165835152131033,15
5666,-8.632978208942077,0.01012591351036635,44859,-6.878718007946434,-1.0926682779646681,10
5667,-109.12074417729629,-10.859751561114837,44886,-115.69510858146283,-11.595084171039186,39
5668,462.8174407011157,-19.58292006437016,44903,417.6915390220547,-4.11857226961515,29
5669,-97.096037600639,2.527463708073693,44916,-96.6939343764425,2.7165835152131033,15
5670,-85.0558788788971,2.3406860582473152,44941,-85.91178621041317,3.2728237667350073,24
5671,178.07442318264546,-4.144881141944123,44949,172.66355239880147,-2.7112682595768685,38
5672,3.972482911727394,6.817654585278987,44956,-6.878718007946434,-1.0926682779646681,10
5673,-135.22631570228117,5.74435196490505,44960,-137.57400940459857,4.493303950559668,20
5674,72.35490038762372,-26.26937440606403,44967,70.166569844569,-14.692630117552799,9
5675,26.221642472379667,3.2665529850525235,44972,18.937510567705566,1.034768221250525,27
5676,-111.13364186786386,-10.607969307741092,44984,-115.69510858146283,-11.595084171039186,39
5677,-115.06113076080027,1.9473109417952152,44985,-118.09857507912784,0.7103841694799473,11
5678,149.83037141364863,12.389887954977706,44989,135.4076551174278,-1.697351881935795,33
5679,679.5738600129841,-8.54350031906044,45008,586.0312761189704,-1.722944617346204,30
5680,65.60170519337828,-0.7972017595314065,45015,78.01149217232324,3.6022338347977136,6
5681,-132.7507062110942,-1.557355953316537,45022,-134.89656831690453,-0.030690791204986433,34
5682,-123.20906255674396,5.06701285117207,45028,-123.80894152337959,5.566802721935252,23
5683,127.1701786244817,-7.609001510044425,45029,135.4076551174278,-1.697351881935795,33
5684,-22.916528571805493,4.4386562472294715,45034,-29.714479793685786,-1.264748112657314,8
5685,-91.20719623466609,6.583341433186325,45036,-85.91178621041317,3.2728237667350073,24
5686,51.99586829214007,7.617114576489337,45045,47.997068783449585,1.2679199422360634,13
5687,-132.02127179605728,0.2944069132031019,45047,-134.89656831690453,-0.030690791204986433,34
5688,-125.29226885270158,6.337136365858815,45048,-123.80894152337959,5.566802721935252,23
5689,-151.27843938784395,5.5830375453293,45050,-152.23629829764135,4.213482038439798,37
5690,-151.32164378302974,6.520908280251787,45056,-152.23629829764135,4.213482038439798,37
5691,-130.00204948839152,1.9574187878063303,45057,-129.1025175244067,1.5488809909733745,1
5692,-56.669125948697726,-16.78513225839374,45080,-49.93530245157272,-0.19848027172185767,2
5693,-114.60657193975905,-5.435918995786752,45091,-115.69510858146283,-11.595084171039186,39
5694,-124.98330790885191,0.5987474358317777,45144,-123.94204162798616,-1.5144507595891967,3
5695,-100.92010950561236,0.1226979962307048,45147,-96.6939343764425,2.7165835152131033,15
5696,34.848392556057505,-6.223903242546436,45152,47.997068783449585,1.2679199422360634,13
5697,-144.07814549892643,1.8486738145663042,45160,-146.59606179012786,4.113086925586259,4
5698,-144.9391545140816,0.3103847228102879,45176,-148.09620948762597,-1.1157003398540595,36
5699,-18.775413168266006,1.411998594264261,45183,-29.714479793685786,-1.264748112657314,8
5700,-133.99030185089083,-0.4363659242231889,45184,-134.89656831690453,-0.030690791204986433,34
5701,-139.03653615949892,2.0396069636560163,45189,-137.57400940459857,4.493303950559668,20
5702,-22.797697144923017,1.8278759552210115,45194,-29.714479793685786,-1.264748112657314,8
5703,-139.3520374815937,7.422525183769892,45210,-137.57400940459857,4.493303950559668,20
5704,-131.89735400190742,-1.4082169391865775,45213,-134.89656831690453,-0.030690791204986433,34
5705,-97.86080269243922,-0.6074144069394092,45235,-96.6939343764425,2.7165835152131033,15
5706,-55.22149464193309,8.024913718499265,45244,-49.93530245157272,-0.19848027172185767,2
5707,79.83770584409879,11.566486837694473,45247,78.01149217232324,3.6022338347977136,6
5708,-18.244986375082078,-6.089857159516271,45260,-6.878718007946434,-1.0926682779646681,10
5709,-93.18779774279756,6.627585649989851,45262,-96.6939343764425,2.7165835152131033,15
5710,-68.0138318984916,2.7418886360289605,45264,-66.8889597803445,2.169628081691683,14
5711,-23.664267462369065,0.43356480188956187,45271,-29.714479793685786,-1.264748112657314,8
5712,-77.1468432322614,3.9753533755565758,45281,-77.6204452281073,-4.536559244831727,5
5713,-132.02899411813272,0.4611004900974718,45297,-134.89656831690453,-0.030690791204986433,34
5714,20.673088513822297,11.598516879414186,45298,18.937510567705566,1.034768221250525,27
5715,21.627023446259454,12.628957640547856,45299,18.937510567705566,1.034768221250525,27
5716,-75.06902540643637,2.804749075394398,45322,-77.6204452281073,-4.536559244831727,5
5717,4.948272585841554,-7.891076777064594,45323,-6.878718007946434,-1.0926682779646681,10
5718,138.35313369082954,-24.107616284774846,45324,135.4076551174278,-1.697351881935795,33
5719,-125.03082032163803,0.603294379994543,45328,-123.94204162798616,-1.5144507595891967,3
5720,149.15124152570408,7.901334693839835,45329,135.4076551174278,-1.697351881935795,33
5721,-66.12103040181391,-10.116617723712816,45333,-66.8889597803445,2.169628081691683,14
5722,291.4189476393249,-5.6844950233920315,45338,302.44973475302317,-5.405747081354008,25
5723,-24.875061288309727,3.500136071740947,45345,-29.714479793685786,-1.264748112657314,8
5724,-132.85110840868597,-1.4035165254529978,45348,-134.89656831690453,-0.030690791204986433,34
5725,-98.66154491929285,-31.87933173924432,45375,-95.36861679384212,-10.95784818293233,28
5726,-134.9822411362452,0.41221234015573754,45377,-134.89656831690453,-0.030690791204986433,34
5727,-107.14550510787639,3.425116470929502,45388,-104.7190727296112,3.8815952186994593,7
5728,-100.91654095579948,1.0950375363733469,45392,-96.6939343764425,2.7165835152131033,15
5729,-150.2185058841729,4.805089583145428,45395,-152.23629829764135,4.213482038439798,37
5730,-64.65779314843593,-1.9294124750377506,45402,-66.8889597803445,2.169628081691683,14
5731,-65.09256602655486,5.533522685241686,45410,-66.8889597803445,2.169628081691683,14
5732,46.02173529378395,-7.782953714348042,45411,47.997068783449585,1.2679199422360634,13
5733,-33.72398479621491,1.0696597337415652,45415,-29.714479793685786,-1.264748112657314,8
5734,-74.96446597372243,3.082405303947102,45418,-77.6204452281073,-4.536559244831727,5
5735,396.42037021016824,12.832700103522711,45430,417.6915390220547,-4.11857226961515,29
5736,-103.04185097228472,2.7574365966568557,45432,-104.7190727296112,3.8815952186994593,7
5737,-107.35821453042715,8.59378329284822,45444,-104.7190727296112,3.8815952186994593,7
5738,-109.05115341621362,2.360315997697579,45456,-109.71624596876933,-1.0040630408538558,16
5739,-144.2063988929378,5.157673660457743,45473,-142.14616351708418,5.245197398204194,22
5740,-57.965352587212315,3.3854294888174556,45474,-49.93530245157272,-0.19848027172185767,2
5741,-93.6683109750867,-16.921106676841205,45476,-95.36861679384212,-10.95784818293233,28
5742,-145.09737161870933,2.2389964287264723,45482,-146.59606179012786,4.113086925586259,4
5743,-101.27991812539958,7.477407955327866,45487,-104.7190727296112,3.8815952186994593,7
5744,248.22443142903404,-18.40508331470111,45492,227.03647807555316,-5.020718083634986,26
5745,0.47218722065356605,-2.655819294567903,45496,-6.878718007946434,-1.0926682779646681,10
5746,-133.13172790733668,3.2015146469359204,45503,-132.1080396739421,5.887059356646324,17
5747,-72.99559048120355,2.764780883693897,45504,-66.8889597803445,2.169628081691683,14
5748,-147.0807494074621,1.3323578937135026,45506,-148.09620948762597,-1.1157003398540595,36
5749,425.3060098714328,1.100957915368315,45507,417.6915390220547,-4.11857226961515,29
5750,-114.0760529894081,2.3004946827658217,45509,-114.33047638704419,5.73481138949136,19
5751,-108.89093967077754,-0.1316829682485252,45512,-109.71624596876933,-1.0040630408538558,16
5752,-121.05405343660566,1.6948639163905816,45514,-118.09857507912784,0.7103841694799473,11
5753,-32.832864358806695,-13.305581325149907,45517,-29.714479793685786,-1.264748112657314,8
5754,-149.1048443450995,2.350209411767798,45524,-146.59606179012786,4.113086925586259,4
5755,-133.22541728576297,5.761640695930678,45525,-132.1080396739421,5.887059356646324,17
5756,-95.02515680325331,2.5354577995841487,45528,-96.6939343764425,2.7165835152131033,15
5757,-123.02065438672376,0.41323252399952676,45532,-123.94204162798616,-1.5144507595891967,3
5758,-148.11200249517947,3.0314016193380695,45541,-146.59606179012786,4.113086925586259,4
5759,-108.95606733959362,0.7972800209270033,45548,-109.71624596876933,-1.0040630408538558,16
5760,-147.12179177370882,2.240386542591911,45554,-146.59606179012786,4.113086925586259,4
5761,-107.69663648712734,-3.3469585157602797,45569,-109.71624596876933,-1.0040630408538558,16
5762,232.85139587514158,1.1569811534909797,45570,227.03647807555316,-5.020718083634986,26
5763,-100.66618761791926,-3.9022964856086673,45572,-96.6939343764425,2.7165835152131033,15
5764,-17.91942012800407,3.050014742859948,45575,-6.878718007946434,-1.0926682779646681,10
5765,6.5126840947188205,-30.848890519980785,45576,28.39696760572947,-22.91072472808294,12
5766,-85.74821248368701,-16.05980374808379,45578,-95.36861679384212,-10.95784818293233,28
5767,33.255219689278654,3.1608255987715523,45582,18.937510567705566,1.034768221250525,27
5768,24.678443581866535,-3.1669188947822873,45592,18.937510567705566,1.034768221250525,27
5769,141.37529784300864,-9.811782055655508,45593,135.4076551174278,-1.697351881935795,33
5770,-135.35641621225525,7.574070620131175,45602,-132.1080396739421,5.887059356646324,17
5771,-11.107153713710039,-7.958429029231045,45610,-6.878718007946434,-1.0926682779646681,10
5772,0.06704884977410663,4.6710383953090195,45612,-6.878718007946434,-1.0926682779646681,10
5773,43.12123910164347,5.74847442633118,45624,47.997068783449585,1.2679199422360634,13
5774,165.1866147444687,8.93666943506409,45647,172.66355239880147,-2.7112682595768685,38
5775,228.04903140613416,13.005527519074983,45648,227.03647807555316,-5.020718083634986,26
5776,357.85735551601306,-23.760766499878457,45670,302.44973475302317,-5.405747081354008,25
5777,686.8425014841802,-26.479133247913815,45674,586.0312761189704,-1.722944617346204,30
5778,-32.5995597501426,-16.35527891032205,45679,-29.714479793685786,-1.264748112657314,8
5779,-94.12685788105706,4.266720738685211,45681,-96.6939343764425,2.7165835152131033,15
5780,-107.51583084898627,-4.743018789053962,45687,-109.71624596876933,-1.0040630408538558,16
5781,-57.16370804888627,5.1823759679604695,45692,-49.93530245157272,-0.19848027172185767,2
5782,-68.87981169939346,0.8168056507364273,45703,-66.8889597803445,2.169628081691683,14
5783,120.8634216712049,11.670053317636693,45713,135.4076551174278,-1.697351881935795,33
5784,-129.11978928299743,4.032252980940924,45731,-129.1025175244067,1.5488809909733745,1
5785,40.37991472264268,1.0578166384167849,45747,47.997068783449585,1.2679199422360634,13
5786,17.178735364841465,2.518901019318106,45773,18.937510567705566,1.034768221250525,27
5787,-37.86820200964104,1.5860120191263698,45793,-29.714479793685786,-1.264748112657314,8
5788,-104.60907801223526,-3.666911560746469,45794,-109.71624596876933,-1.0040630408538558,16
5789,-137.28893364933018,6.570520024014204,45798,-137.57400940459857,4.493303950559668,20
5790,172.661657250025,-27.205141030179387,45808,172.66355239880147,-2.7112682595768685,38
5791,95.78815310722861,10.87078417824329,45813,104.96211155305676,-0.5414592591613776,31
5792,-115.03361900021604,0.8341391973110974,45825,-118.09857507912784,0.7103841694799473,11
5793,171.3588122611725,-23.166299857695332,45827,172.66355239880147,-2.7112682595768685,38
5794,11.951616217169462,7.916988800467845,45834,18.937510567705566,1.034768221250525,27
5795,-74.22686604396306,6.782987004894729,45838,-66.8889597803445,2.169628081691683,14
5796,-134.97452358744096,1.7738419135772836,45840,-134.89656831690453,-0.030690791204986433,34
5797,-138.82848710040406,-1.4783374382107692,45850,-141.0346653257256,-1.1036168920026446,0
5798,-113.25355001625773,6.20902453888334,45852,-114.33047638704419,5.73481138949136,19
5799,-105.14409811923821,3.937755460672031,45855,-104.7190727296112,3.8815952186994593,7
5800,-106.19352017305341,6.028137523876592,45872,-104.7190727296112,3.8815952186994593,7
5801,-119.11112962027336,3.5049247199796993,45878,-118.09857507912784,0.7103841694799473,11
5802,91.86230598584709,-32.96880010592937,45881,110.19899446847099,-35.665903512662624,21
5803,263.4652880198961,-21.37779749941489,45889,227.03647807555316,-5.020718083634986,26
5804,780.8293107526184,20.09237600796651,45892,861.6475783799328,6.515082937232454,35
5805,-138.07235652992026,1.8205420793668126,45895,-137.57400940459857,4.493303950559668,20
5806,-85.195071238787,-9.332200243721772,45901,-77.6204452281073,-4.536559244831727,5
5807,-123.2115656578666,5.63200462005763,45909,-123.80894152337959,5.566802721935252,23
5808,-86.6376864735472,-2.7431969302590224,45931,-85.91178621041317,3.2728237667350073,24
5809,-82.04917914771202,3.780813211884963,45932,-85.91178621041317,3.2728237667350073,24
5810,-94.21403729972776,-9.57385402273752,45934,-95.36861679384212,-10.95784818293233,28
5811,350.66688939410125,22.927404016998484,45935,302.44973475302317,-5.405747081354008,25
5812,-133.2028745000524,4.741603317492408,45955,-132.1080396739421,5.887059356646324,17
5813,64.98134870745795,8.168986735923687,45960,78.01149217232324,3.6022338347977136,6
5814,-109.18668008196713,5.320019215096781,45977,-104.7190727296112,3.8815952186994593,7
5815,-131.99621689525932,1.287821226535121,45980,-129.1025175244067,1.5488809909733745,1
5816,186.0036393978414,12.278956129172808,45982,172.66355239880147,-2.7112682595768685,38
5817,-121.97266994482872,-0.09991363749594027,45996,-123.94204162798616,-1.5144507595891967,3
5818,-37.99029038125226,3.7582518340723468,46001,-29.714479793685786,-1.264748112657314,8
5819,-112.9324571694637,0.7071818007378547,46002,-109.71624596876933,-1.0040630408538558,16
5820,-132.76042686853825,-3.397261833892755,46005,-130.75996572568545,-6.6137591708523855,18
5821,-97.79847294683536,-1.4681519118404742,46010,-96.6939343764425,2.7165835152131033,15
5822,-86.2392634412484,6.346151189600388,46036,-85.91178621041317,3.2728237667350073,24
5823,-126.2306220252071,4.957644796716483,46037,-123.80894152337959,5.566802721935252,23
5824,-7.964048831150205,3.6818623363291025,46039,-6.878718007946434,-1.0926682779646681,10
5825,-95.18019047090931,5.9235106700077775,46064,-96.6939343764425,2.7165835152131033,15
5826,341.8228123885778,5.1531273586984785,46069,302.44973475302317,-5.405747081354008,25
5827,566.4758556959786,3.3394342443076224,46070,586.0312761189704,-1.722944617346204,30
5828,-50.99884758685908,3.201544619760632,46073,-49.93530245157272,-0.19848027172185767,2
5829,-88.46892982768543,10.825015736449764,46104,-85.91178621041317,3.2728237667350073,24
5830,169.70114479383435,-13.399856325533317,46108,172.66355239880147,-2.7112682595768685,38
5831,435.98533971383307,-8.477827715940586,46111,417.6915390220547,-4.11857226961515,29
5832,-140.02087038030413,2.2003191273724036,46116,-137.57400940459857,4.493303950559668,20
5833,-103.61726823355323,-2.944960578836342,46120,-109.71624596876933,-1.0040630408538558,16
5834,81.3040863120953,3.931515291581608,46130,78.01149217232324,3.6022338347977136,6
5835,-71.36730515108853,-5.843417832589422,46155,-77.6204452281073,-4.536559244831727,5
5836,-28.830818529709063,2.4680864680123937,46157,-29.714479793685786,-1.264748112657314,8
5837,54.87045704647186,-5.8503132300597525,46169,47.997068783449585,1.2679199422360634,13
5838,-147.01360000814267,-0.12419441828717166,46175,-148.09620948762597,-1.1157003398540595,36
5839,-7.155790568279823,8.415978687892194,46181,-6.878718007946434,-1.0926682779646681,10
5840,55.067973002251065,6.610737061107771,46185,47.997068783449585,1.2679199422360634,13
5841,-111.9656081779168,1.4571095012753708,46190,-109.71624596876933,-1.0040630408538558,16
5842,-126.9248798881763,1.3340788324261585,46191,-129.1025175244067,1.5488809909733745,1
5843,136.33019293862137,-9.417497513645106,46198,135.4076551174278,-1.697351881935795,33
5844,-63.019517921031635,3.9768892177503345,46220,-66.8889597803445,2.169628081691683,14
5845,-137.13376384873524,2.669349745560276,46225,-137.57400940459857,4.493303950559668,20
5846,-144.90234169974852,-2.0287560998854484,46228,-148.09620948762597,-1.1157003398540595,36
5847,-139.1858961880541,3.7884552169348606,46250,-137.57400940459857,4.493303950559668,20
5848,-12.184999637104925,8.961919087796545,46253,-6.878718007946434,-1.0926682779646681,10
5849,351.4330670350948,-3.4388737981380086,46255,302.44973475302317,-5.405747081354008,25
5850,-83.36000463913616,-6.71147985684568,46260,-77.6204452281073,-4.536559244831727,5
5851,-128.63709655056618,-3.9708363183640603,46281,-130.75996572568545,-6.6137591708523855,18
5852,61.32690073952439,-11.634398458663775,46285,70.166569844569,-14.692630117552799,9
5853,65.22813388678813,-10.425267012467433,46293,70.166569844569,-14.692630117552799,9
5854,-40.236023980381745,8.58223621781163,46300,-49.93530245157272,-0.19848027172185767,2
5855,-122.53910624551706,-5.504979281981377,46304,-123.94204162798616,-1.5144507595891967,3
5856,274.9390563287088,16.20541459445167,46325,302.44973475302317,-5.405747081354008,25
5857,-119.10881936968012,2.4271783366820694,46333,-118.09857507912784,0.7103841694799473,11
5858,-92.32348352165329,8.089747951243059,46343,-96.6939343764425,2.7165835152131033,15
5859,-117.93402943566444,1.1638479428521287,46350,-118.09857507912784,0.7103841694799473,11
5860,-66.82047598629364,0.06308873306783279,46361,-66.8889597803445,2.169628081691683,14
5861,-91.21630916272687,5.733396960927899,46373,-85.91178621041317,3.2728237667350073,24
5862,-50.028582051888726,-25.574123329079065,46384,-49.93530245157272,-0.19848027172185767,2
5863,-139.08782204024615,3.1799088738953896,46386,-137.57400940459857,4.493303950559668,20
5864,-91.93824607176144,2.7294901938645486,46392,-96.6939343764425,2.7165835152131033,15
5865,-120.95872070344457,-0.37924106159812965,46398,-118.09857507912784,0.7103841694799473,11
5866,603.7600423927914,-42.84475654230513,46408,586.0312761189704,-1.722944617346204,30
5867,-101.15558216971291,4.25117561913424,46424,-104.7190727296112,3.8815952186994593,7
5868,-126.9535657630649,-0.5938837762030049,46448,-129.1025175244067,1.5488809909733745,1
5869,-150.1459601568651,3.732200926820495,46458,-152.23629829764135,4.213482038439798,37
5870,64.3530417113988,3.075131560549058,46459,78.01149217232324,3.6022338347977136,6
5871,26.63916331275917,-2.2788198815203944,46468,18.937510567705566,1.034768221250525,27
5872,-103.02845747204579,2.980697786519472,46470,-104.7190727296112,3.8815952186994593,7
5873,-147.92703853661033,-2.0480288958814286,46471,-148.09620948762597,-1.1157003398540595,36
5874,20.182251360059386,3.0084621465535886,46500,18.937510567705566,1.034768221250525,27
5875,-143.7074936566009,-2.66984662306009,46502,-141.0346653257256,-1.1036168920026446,0
5876,148.07089095969684,-19.803117899508123,46527,135.4076551174278,-1.697351881935795,33
5877,-58.18085924526133,6.571834834336681,46528,-66.8889597803445,2.169628081691683,14
5878,-21.110968784477596,6.690310635023064,46538,-29.714479793685786,-1.264748112657314,8
5879,-100.03761251173565,3.2440822443771333,46558,-96.6939343764425,2.7165835152131033,15
5880,87.80067225139489,-3.762305179720774,46566,78.01149217232324,3.6022338347977136,6
5881,35.9148393567526,8.092692884483823,46572,47.997068783449585,1.2679199422360634,13
5882,-123.20313336765135,5.44814236971214,46580,-123.80894152337959,5.566802721935252,23
5883,-111.69562792515086,-32.375171438915196,46597,-115.69510858146283,-11.595084171039186,39
5884,-115.87163769656638,-1.1842052563875793,46610,-118.09857507912784,0.7103841694799473,11
5885,-82.41571318241202,-5.997443924759974,46613,-77.6204452281073,-4.536559244831727,5
5886,-40.89838842520426,2.19941598816466,46614,-49.93530245157272,-0.19848027172185767,2
5887,-100.12025127513547,4.538931944176875,46620,-96.6939343764425,2.7165835152131033,15
5888,-81.62864645541491,-1.818183369093984,46628,-77.6204452281073,-4.536559244831727,5
5889,388.1794789588349,1.1975818366654092,46634,417.6915390220547,-4.11857226961515,29
5890,-22.079483103916086,6.9871901234502385,46635,-29.714479793685786,-1.264748112657314,8
5891,-149.32776577868307,6.716809060904308,46638,-146.59606179012786,4.113086925586259,4
5892,-91.11153008759854,5.005160673860362,46645,-85.91178621041317,3.2728237667350073,24
5893,-119.4374295675475,-7.677637929639166,46648,-115.69510858146283,-11.595084171039186,39
5894,-55.207725114252625,6.172289175423794,46651,-49.93530245157272,-0.19848027172185767,2
5895,-100.00477155706706,1.9981508435796291,46653,-96.6939343764425,2.7165835152131033,15
5896,321.25441259864573,-16.30557916759088,46654,302.44973475302317,-5.405747081354008,25
5897,-22.126512765639152,7.522638346435999,46661,-29.714479793685786,-1.264748112657314,8
5898,-147.23762393943096,4.777928841713827,46667,-146.59606179012786,4.113086925586259,4
5899,-144.3061573305007,6.325410396299738,46693,-142.14616351708418,5.245197398204194,22
5900,-31.20031116864961,7.445986531477302,46707,-29.714479793685786,-1.264748112657314,8
5901,-142.2029466490636,4.092424341830517,46714,-142.14616351708418,5.245197398204194,22
5902,-74.04913157880586,4.961428596735399,46722,-66.8889597803445,2.169628081691683,14
5903,150.98465266057434,-3.660625800608752,46727,135.4076551174278,-1.697351881935795,33
5904,-101.7543634448485,-2.4893139520954866,46739,-104.7190727296112,3.8815952186994593,7
5905,249.78570883380422,2.3732407656503254,46748,227.03647807555316,-5.020718083634986,26
5906,-135.87249347053748,-1.504255194541604,46751,-134.89656831690453,-0.030690791204986433,34
5907,-76.41019399810702,-6.522890095753036,46754,-77.6204452281073,-4.536559244831727,5
5908,942.1518243103139,6.644357868539195,46761,861.6475783799328,6.515082937232454,35
5909,-75.84910592096824,0.5358011829655384,46764,-77.6204452281073,-4.536559244831727,5
5910,259.6682851000548,4.581581997181759,46782,227.03647807555316,-5.020718083634986,26
5911,-67.21009772401538,7.567814973711335,46783,-66.8889597803445,2.169628081691683,14
5912,40.82705982223782,10.619460633393363,46810,47.997068783449585,1.2679199422360634,13
5913,683.0079106771716,14.017469239116588,46818,586.0312761189704,-1.722944617346204,30
5914,-108.26558956382577,7.054308386281061,46822,-104.7190727296112,3.8815952186994593,7
5915,-95.81061751393818,-1.6731671594999002,46830,-96.6939343764425,2.7165835152131033,15
5916,-118.17573594064703,4.416754827161725,46834,-118.09857507912784,0.7103841694799473,11
5917,-86.60971286471302,-2.8393478577856768,46837,-85.91178621041317,3.2728237667350073,24
5918,165.32691870234382,-8.337559381532843,46844,172.66355239880147,-2.7112682595768685,38
5919,-92.14412841782288,4.160759985623414,46850,-96.6939343764425,2.7165835152131033,15
5920,-121.40892550011375,-7.298434503292738,46854,-123.94204162798616,-1.5144507595891967,3
5921,-91.8066277610802,-1.1790514948105273,46878,-96.6939343764425,2.7165835152131033,15
5922,-122.76621725312462,-1.5571963918695146,46886,-123.94204162798616,-1.5144507595891967,3
5923,-79.86532678957515,0.8242179390295804,46892,-77.6204452281073,-4.536559244831727,5
5924,-135.29269486675278,6.688419110425336,46899,-137.57400940459857,4.493303950559668,20
5925,-113.97380833218027,2.118105728202601,46900,-114.33047638704419,5.73481138949136,19
5926,-33.38246973893438,11.408926253944752,46902,-29.714479793685786,-1.264748112657314,8
5927,-74.96535438241585,2.0814219043573465,46904,-77.6204452281073,-4.536559244831727,5
5928,58.129862083210035,4.791975847931253,46905,47.997068783449585,1.2679199422360634,13
5929,-86.78331224596575,-1.100066199958885,46908,-85.91178621041317,3.2728237667350073,24
5930,-78.42822031104264,10.105143045875653,46914,-85.91178621041317,3.2728237667350073,24
5931,-74.91824277358114,-13.177128403094365,46918,-77.6204452281073,-4.536559244831727,5
5932,-130.08465483072294,3.259998651284761,46920,-129.1025175244067,1.5488809909733745,1
5933,232.15976380776956,-60.93503966754551,46923,227.03647807555316,-5.020718083634986,26
5934,-91.99806742339604,-12.23112868373543,46926,-95.36861679384212,-10.95784818293233,28
5935,-102.74854083901835,-3.1600442318267965,46933,-109.71624596876933,-1.0040630408538558,16
5936,12.476756767167,-15.737857217514668,46940,28.39696760572947,-22.91072472808294,12
5937,10.513924021302802,-2.3736263031907066,46949,18.937510567705566,1.034768221250525,27
5938,-55.15976385767749,6.671011711366835,46950,-49.93530245157272,-0.19848027172185767,2
5939,-116.27304836590241,7.108581873121756,46951,-114.33047638704419,5.73481138949136,19
5940,-93.72034996044384,-2.6022648494686473,46980,-96.6939343764425,2.7165835152131033,15
5941,-83.71110267617689,-2.09906840872775,46984,-85.91178621041317,3.2728237667350073,24
5942,-92.09227888845489,3.0415704879434617,46986,-96.6939343764425,2.7165835152131033,15
5943,-79.15918542887584,-9.50072211836716,46997,-77.6204452281073,-4.536559244831727,5
5944,103.42486657952489,17.410049938849415,47005,104.96211155305676,-0.5414592591613776,31
5945,550.1411149969917,-6.88809500754562,47015,586.0312761189704,-1.722944617346204,30
5946,17.954868972902386,-37.26314820292277,47016,28.39696760572947,-22.91072472808294,12
5947,516.6698939955752,-1.223007398436629,47029,586.0312761189704,-1.722944617346204,30
5948,834.1868103729216,-26.412190284523447,47038,861.6475783799328,6.515082937232454,35
5949,-110.83251721778423,-0.4209571669540958,47056,-109.71624596876933,-1.0040630408538558,16
5950,69.26915532618005,4.495574860881853,47062,78.01149217232324,3.6022338347977136,6
5951,-145.1963613668341,3.896581973491349,47067,-146.59606179012786,4.113086925586259,4
5952,-87.79370479637123,0.6663913315766508,47070,-85.91178621041317,3.2728237667350073,24
5953,-109.92163519972566,2.077967994997591,47078,-109.71624596876933,-1.0040630408538558,16
5954,419.95837469535894,19.249266807937836,47079,417.6915390220547,-4.11857226961515,29
5955,-114.21247848467907,5.277946558149121,47084,-114.33047638704419,5.73481138949136,19
5956,156.86033630018517,11.85587706424606,47101,172.66355239880147,-2.7112682595768685,38
5957,306.38785913380445,-33.16690801526246,47103,302.44973475302317,-5.405747081354008,25
5958,49.28547723416158,3.292808669398255,47107,47.997068783449585,1.2679199422360634,13
5959,-95.05715896559089,2.212052791903843,47120,-96.6939343764425,2.7165835152131033,15
5960,-126.94567797007763,-0.7815253944122361,47123,-123.94204162798616,-1.5144507595891967,3
5961,-65.45249074234223,-5.420539610357407,47127,-66.8889597803445,2.169628081691683,14
5962,85.2161780906391,-9.332095345592467,47129,78.01149217232324,3.6022338347977136,6
5963,64.42036258072646,2.129410925639645,47136,78.01149217232324,3.6022338347977136,6
5964,27.58879011924219,-1.684850721426414,47139,18.937510567705566,1.034768221250525,27
5965,-129.33193163676333,7.12242297191181,47141,-132.1080396739421,5.887059356646324,17
5966,131.61792806274667,-28.48269499472105,47149,110.19899446847099,-35.665903512662624,21
5967,-128.02347715101024,0.9161945605590881,47150,-129.1025175244067,1.5488809909733745,1
5968,-24.94398825733685,3.9859974752877263,47151,-29.714479793685786,-1.264748112657314,8
5969,178.88231222604136,-1.4616499866834518,47152,172.66355239880147,-2.7112682595768685,38
5970,-75.00551697755641,2.9551136937544804,47169,-77.6204452281073,-4.536559244831727,5
5971,-11.190070194446747,-6.644436265477038,47171,-6.878718007946434,-1.0926682779646681,10
5972,-87.27031869511303,6.5010646405483135,47177,-85.91178621041317,3.2728237667350073,24
5973,-48.91827054323791,1.4711511768352001,47195,-49.93530245157272,-0.19848027172185767,2
5974,-150.25955282874298,5.724064286342408,47200,-152.23629829764135,4.213482038439798,37
5975,-150.93703424835493,-0.8479064657080946,47209,-148.09620948762597,-1.1157003398540595,36
5976,-136.35761248480637,7.581083999328068,47211,-137.57400940459857,4.493303950559668,20
5977,-114.048315442984,2.7164314288635376,47216,-114.33047638704419,5.73481138949136,19
5978,-125.07737511360968,-11.568331802114129,47219,-130.75996572568545,-6.6137591708523855,18
5979,-130.23489573850873,5.005712354209832,47224,-132.1080396739421,5.887059356646324,17
5980,27.052177278833067,-8.762178515158725,47225,18.937510567705566,1.034768221250525,27
5981,143.19590265840503,-21.597808202222375,47232,135.4076551174278,-1.697351881935795,33
5982,192.29108832947168,-6.5838824557916755,47248,172.66355239880147,-2.7112682595768685,38
5983,-117.81291996699572,-0.960120490824596,47250,-118.09857507912784,0.7103841694799473,11
5984,189.959032129026,-1.92583669694823,47252,172.66355239880147,-2.7112682595768685,38
5985,-129.94962038366103,-1.2441110774987691,47263,-129.1025175244067,1.5488809909733745,1
5986,-142.17489305327717,3.999800595551142,47275,-142.14616351708418,5.245197398204194,22
5987,-33.23760524994719,7.7046448057200365,47280,-29.714479793685786,-1.264748112657314,8
5988,-26.196228573450682,6.434186536775676,47281,-29.714479793685786,-1.264748112657314,8
5989,-75.0498059863904,3.403314187089201,47282,-66.8889597803445,2.169628081691683,14
5990,-126.1871693511054,5.031319172028173,47294,-123.80894152337959,5.566802721935252,23
5991,44.373464270883616,0.7483020220546105,47305,47.997068783449585,1.2679199422360634,13
5992,-7.918122419077344,4.221776200651596,47306,-6.878718007946434,-1.0926682779646681,10
5993,14.357101958875774,-13.607263803679942,47312,18.937510567705566,1.034768221250525,27
5994,75.88328101035454,9.974593321224015,47314,78.01149217232324,3.6022338347977136,6
5995,-97.85175177069291,-0.8070467909622844,47316,-96.6939343764425,2.7165835152131033,15
5996,-95.63577018537548,-4.468485216772379,47318,-95.36861679384212,-10.95784818293233,28
5997,-45.35300032445874,-6.2352829024372465,47327,-49.93530245157272,-0.19848027172185767,2
5998,-90.83709076303722,-1.51341262775278,47332,-85.91178621041317,3.2728237667350073,24
5999,-145.19154085179707,4.311907003954796,47348,-146.59606179012786,4.113086925586259,4
6000,-130.31214266704495,6.667762539320775,47350,-132.1080396739421,5.887059356646324,17
6001,116.30032140933558,-9.611616557051319,47358,104.96211155305676,-0.5414592591613776,31
6002,-28.93900522064834,3.304722708969118,47363,-29.714479793685786,-1.264748112657314,8
6003,-91.22754651457203,5.9997970450718645,47365,-85.91178621041317,3.2728237667350073,24
6004,-106.2688824997565,7.184069336668116,47366,-104.7190727296112,3.8815952186994593,7
6005,11.635996378666583,-3.9998253417100456,47376,18.937510567705566,1.034768221250525,27
6006,-152.95732660911756,-0.46036464651278247,47381,-152.23629829764135,4.213482038439798,37
6007,-94.71368937412082,-1.732606929463338,47395,-96.6939343764425,2.7165835152131033,15
6008,-89.50375983744532,-4.684902343635179,47397,-95.36861679384212,-10.95784818293233,28
6009,-133.3656979806336,7.817646577889598,47398,-132.1080396739421,5.887059356646324,17
6010,253.06133257721677,-1.5672669432655986,47415,227.03647807555316,-5.020718083634986,26
6011,-121.9751833394998,-0.028964761363791704,47419,-123.94204162798616,-1.5144507595891967,3
6012,-23.722932001984773,0.7061642078246115,47422,-29.714479793685786,-1.264748112657314,8
6013,24.627183684121274,-2.566904335601701,47424,18.937510567705566,1.034768221250525,27
6014,13.69230142332497,-3.6696938987085836,47425,18.937510567705566,1.034768221250525,27
6015,-119.9360027455481,1.7028183213471515,47430,-118.09857507912784,0.7103841694799473,11
6016,-98.84997465053179,0.1696381275191105,47435,-96.6939343764425,2.7165835152131033,15
6017,-143.34407665920537,7.18453926681432,47446,-142.14616351708418,5.245197398204194,22
6018,-105.83192733013496,-0.8723237818073521,47449,-109.71624596876933,-1.0040630408538558,16
6019,-124.3764310667514,8.197340392670698,47450,-123.80894152337959,5.566802721935252,23
6020,-34.21403490515561,8.20483251158525,47476,-29.714479793685786,-1.264748112657314,8
6021,-104.30272868828624,7.433671069386324,47489,-104.7190727296112,3.8815952186994593,7
6022,-114.09665376971323,2.747560101798321,47499,-114.33047638704419,5.73481138949136,19
6023,83.73566131576213,-2.4090855787035066,47500,78.01149217232324,3.6022338347977136,6
6024,128.3991373115677,3.1503352854585347,47502,135.4076551174278,-1.697351881935795,33
6025,-70.88449374886325,-13.837302754154846,47506,-77.6204452281073,-4.536559244831727,5
6026,-140.2806678514526,6.334090573694064,47516,-142.14616351708418,5.245197398204194,22
6027,-75.44090676257396,-5.839580383914988,47526,-77.6204452281073,-4.536559244831727,5
6028,178.57747107024633,2.6531532707381853,47531,172.66355239880147,-2.7112682595768685,38
6029,-153.31892574152414,6.464099125357788,47535,-152.23629829764135,4.213482038439798,37
6030,-123.9411722132077,0.7096122644960502,47538,-123.94204162798616,-1.5144507595891967,3
6031,-130.89738527011917,-0.8770765351423598,47548,-129.1025175244067,1.5488809909733745,1
6032,-99.81986922338875,-0.5071211091214123,47551,-96.6939343764425,2.7165835152131033,15
6033,-91.85088122917557,-0.7065758382711794,47568,-96.6939343764425,2.7165835152131033,15
6034,-79.96007511013057,2.374179007084895,47570,-85.91178621041317,3.2728237667350073,24
6035,-55.92643326582589,2.570884735526786,47583,-49.93530245157272,-0.19848027172185767,2
6036,77.22599507973477,5.05994834699033,47588,78.01149217232324,3.6022338347977136,6
6037,-47.11677569497715,-9.899597150632568,47619,-49.93530245157272,-0.19848027172185767,2
6038,-14.212083912982429,-6.738910852240923,47620,-6.878718007946434,-1.0926682779646681,10
6039,-37.88534757376692,1.962259364669702,47626,-29.714479793685786,-1.264748112657314,8
6040,-138.16407415642723,4.320447240692746,47635,-137.57400940459857,4.493303950559668,20
6041,-132.28595348124833,6.592768550770384,47639,-132.1080396739421,5.887059356646324,17
6042,-71.93817923498385,-12.173455280414412,47641,-77.6204452281073,-4.536559244831727,5
6043,-24.79721966303829,2.31535328477456,47642,-29.714479793685786,-1.264748112657314,8
6044,323.51690189945293,-5.7515326321596305,47648,302.44973475302317,-5.405747081354008,25
6045,-137.65186311923986,-4.314784559547477,47656,-141.0346653257256,-1.1036168920026446,0
6046,-127.3070360890307,-9.131950521701594,47657,-130.75996572568545,-6.6137591708523855,18
6047,-90.87461322513055,0.32350254457792305,47659,-85.91178621041317,3.2728237667350073,24
6048,2.4072223817835643,-0.18493575686211036,47663,-6.878718007946434,-1.0926682779646681,10
6049,-133.36540430737412,7.813786680275756,47664,-132.1080396739421,5.887059356646324,17
6050,-151.2083634238575,4.070331610763153,47695,-152.23629829764135,4.213482038439798,37
6051,-13.901490064410634,4.26294147115052,47697,-6.878718007946434,-1.0926682779646681,10
6052,-133.9456607800956,0.6481090405044494,47706,-134.89656831690453,-0.030690791204986433,34
6053,-152.14852378500282,2.7299624681403283,47714,-152.23629829764135,4.213482038439798,37
6054,49.35734984100497,-12.510076029620041,47720,47.997068783449585,1.2679199422360634,13
6055,-81.23476836487642,7.3763938209212965,47732,-85.91178621041317,3.2728237667350073,24
6056,570.7059949309307,-28.517532547768948,47737,586.0312761189704,-1.722944617346204,30
6057,-110.20410726442424,6.195374472150044,47740,-114.33047638704419,5.73481138949136,19
6058,-29.010555103518367,4.849628209756608,47745,-29.714479793685786,-1.264748112657314,8
6059,32.68821737732119,-3.7723105901879017,47751,18.937510567705566,1.034768221250525,27
6060,-142.14506676708075,3.335845061483654,47773,-142.14616351708418,5.245197398204194,22
6061,357.1024710349126,1.3401861243046271,47788,302.44973475302317,-5.405747081354008,25
6062,-125.69592361587662,-2.637902041413076,47795,-123.94204162798616,-1.5144507595891967,3
6063,-147.0098648769419,-0.23996065908984346,47796,-148.09620948762597,-1.1157003398540595,36
6064,288.1672146045188,12.985493755636332,47806,302.44973475302317,-5.405747081354008,25
6065,-119.96013485079902,1.2078130073530418,47830,-118.09857507912784,0.7103841694799473,11
6066,99.97501360731285,9.915829231568804,47832,104.96211155305676,-0.5414592591613776,31
6067,-89.01198176962964,3.8905387660672295,47839,-85.91178621041317,3.2728237667350073,24
6068,-97.90953645621408,1.4948368315184541,47845,-96.6939343764425,2.7165835152131033,15
6069,-110.76642217456764,-0.8525696676265014,47847,-109.71624596876933,-1.0040630408538558,16
6070,805.5378102364349,10.623283980944555,47849,861.6475783799328,6.515082937232454,35
6071,-152.19523671654665,4.294479228749825,47852,-152.23629829764135,4.213482038439798,37
6072,-23.674739342692437,0.14898184366297842,47858,-29.714479793685786,-1.264748112657314,8
6073,-74.94897215253933,2.223344977512269,47859,-77.6204452281073,-4.536559244831727,5
6074,-134.05469305212833,1.498496410876007,47865,-134.89656831690453,-0.030690791204986433,34
6075,-99.03776578978672,3.75960262165394,47885,-96.6939343764425,2.7165835152131033,15
6076,-67.32992626134165,-6.591848442610134,47894,-66.8889597803445,2.169628081691683,14
6077,-3.2345352594876218,-6.057039763109885,47895,-6.878718007946434,-1.0926682779646681,10
6078,-55.95523982959301,3.192099493313682,47898,-49.93530245157272,-0.19848027172185767,2
6079,-121.64599879123078,-5.207999184805885,47929,-123.94204162798616,-1.5144507595891967,3
6080,-21.668982808544524,0.062313558140647755,47952,-29.714479793685786,-1.264748112657314,8
6081,-74.86091887911772,0.2875623664974956,47973,-77.6204452281073,-4.536559244831727,5
6082,-114.76275653693311,-2.516955575956462,47994,-118.09857507912784,0.7103841694799473,11
6083,63.625501235041966,-1.3568245708414586,47998,70.166569844569,-14.692630117552799,9
6084,-98.78983912984961,-1.6650562486827631,48026,-96.6939343764425,2.7165835152131033,15
6085,-93.03858789622461,3.3601828645347984,48036,-96.6939343764425,2.7165835152131033,15
6086,-125.74369612946259,-2.0954330653849675,48038,-123.94204162798616,-1.5144507595891967,3
6087,-77.66503484144238,-3.0145354426187465,48046,-77.6204452281073,-4.536559244831727,5
6088,30.14507063144597,-25.472234928331737,48053,28.39696760572947,-22.91072472808294,12
6089,486.2821821380475,-11.052698922169405,48059,417.6915390220547,-4.11857226961515,29
6090,-117.70524330450682,-3.839763713448869,48062,-118.09857507912784,0.7103841694799473,11
6091,-147.12565337512447,2.3228545800615112,48067,-146.59606179012786,4.113086925586259,4
6092,-81.1242721909777,5.974660690347776,48071,-85.91178621041317,3.2728237667350073,24
6093,-125.01621887293679,0.2925372402829104,48073,-123.94204162798616,-1.5144507595891967,3
6094,-130.1527772768652,4.731695264577486,48092,-132.1080396739421,5.887059356646324,17
6095,-30.166281893361337,-7.49634548337638,48099,-29.714479793685786,-1.264748112657314,8
6096,-35.86104206652012,3.0055429403988954,48101,-29.714479793685786,-1.264748112657314,8
6097,-94.89999518987428,-0.2058468733784874,48131,-96.6939343764425,2.7165835152131033,15
6098,-83.20037978067104,-9.176812063992278,48145,-77.6204452281073,-4.536559244831727,5
6099,-147.3335322970833,6.892365186301918,48189,-146.59606179012786,4.113086925586259,4
6100,-66.24845976350576,8.426267671111509,48191,-66.8889597803445,2.169628081691683,14
6101,-59.16769112902226,6.252980140371577,48213,-66.8889597803445,2.169628081691683,14
6102,-91.42309147108116,-7.0133733028573095,48221,-95.36861679384212,-10.95784818293233,28
6103,-46.001712640643305,3.3643579581512206,48224,-49.93530245157272,-0.19848027172185767,2
6104,-9.482803070309686,-2.2606271301596492,48229,-6.878718007946434,-1.0926682779646681,10
6105,-122.8086249324509,-2.17073400772205,48255,-123.94204162798616,-1.5144507595891967,3
6106,12.145739729150115,3.6659498964001958,48256,18.937510567705566,1.034768221250525,27
6107,-50.55690102048159,13.382495049736672,48257,-49.93530245157272,-0.19848027172185767,2
6108,-142.83438905049692,-2.4476854864461592,48264,-141.0346653257256,-1.1036168920026446,0
6109,-116.97695318654536,0.06856975699530939,48282,-118.09857507912784,0.7103841694799473,11
6110,-31.34653581296466,-5.620728297691654,48290,-29.714479793685786,-1.264748112657314,8
6111,-65.04550716791813,4.00738490428662,48291,-66.8889597803445,2.169628081691683,14
6112,-127.14050520661247,3.4787315233084657,48293,-129.1025175244067,1.5488809909733745,1
6113,476.26474643654103,-39.786532477701535,48295,417.6915390220547,-4.11857226961515,29
6114,-115.15676789393852,3.5239353217825955,48305,-114.33047638704419,5.73481138949136,19
6115,-94.7362012749773,-2.267864919602485,48310,-96.6939343764425,2.7165835152131033,15
6116,-90.28570727688705,7.308200945496126,48319,-85.91178621041317,3.2728237667350073,24
6117,-59.54433281479434,-2.2827869135758374,48323,-66.8889597803445,2.169628081691683,14
6118,-152.942638990426,-1.7953104926996721,48328,-148.09620948762597,-1.1157003398540595,36
6119,-124.64430058686342,-19.001066932163724,48345,-115.69510858146283,-11.595084171039186,39
6120,243.39707723889612,-6.52231613408027,48348,227.03647807555316,-5.020718083634986,26
6121,-27.9923848543655,4.493062803219257,48353,-29.714479793685786,-1.264748112657314,8
6122,-132.9331615458006,0.38570940486548494,48356,-134.89656831690453,-0.030690791204986433,34
6123,-34.969378712786266,3.858872124990851,48361,-29.714479793685786,-1.264748112657314,8
6124,-97.92785408078463,0.3572917094052073,48373,-96.6939343764425,2.7165835152131033,15
6125,116.77542627729214,-1.6974455747285013,48385,104.96211155305676,-0.5414592591613776,31
6126,136.3003374530998,5.456726707163436,48409,135.4076551174278,-1.697351881935795,33
6127,23.17921982906671,-11.605371981497475,48415,28.39696760572947,-22.91072472808294,12
6128,-142.31674741475766,6.590861285255504,48423,-142.14616351708418,5.245197398204194,22
6129,-131.22306084885082,4.7229924680600055,48435,-132.1080396739421,5.887059356646324,17
6130,-17.602921646379787,-0.7935113299474982,48440,-6.878718007946434,-1.0926682779646681,10
6131,-110.11720817215394,3.278190263065914,48448,-109.71624596876933,-1.0040630408538558,16
6132,4.228100285346388,-12.487057835135191,48450,-6.878718007946434,-1.0926682779646681,10
6133,-141.7470937773952,-3.8349086302911486,48459,-141.0346653257256,-1.1036168920026446,0
6134,-67.86759069808332,2.106304305440501,48461,-66.8889597803445,2.169628081691683,14
6135,-94.14150306765146,4.582890471442411,48464,-96.6939343764425,2.7165835152131033,15
6136,-54.201431137372786,-7.652976668781832,48467,-49.93530245157272,-0.19848027172185767,2
6137,51.51747208267022,-14.94009673317733,48486,47.997068783449585,1.2679199422360634,13
6138,-130.0455387186701,1.3442540156787706,48489,-129.1025175244067,1.5488809909733745,1
6139,1.3724511207946208,-43.61483222113562,48493,28.39696760572947,-22.91072472808294,12
6140,-35.25625760071379,-7.664226278008017,48523,-29.714479793685786,-1.264748112657314,8
6141,-70.06840608984427,3.4003265450172724,48525,-66.8889597803445,2.169628081691683,14
6142,605.203169771225,23.158845749461012,48526,586.0312761189704,-1.722944617346204,30
6143,481.011305124955,-50.41462728360746,48527,417.6915390220547,-4.11857226961515,29
6144,75.73553904783914,12.701107427318442,48533,78.01149217232324,3.6022338347977136,6
6145,-51.051339094744385,-10.368071837099752,48538,-49.93530245157272,-0.19848027172185767,2
6146,-101.91678199747166,0.553323361733668,48542,-104.7190727296112,3.8815952186994593,7
6147,-76.22400187276993,7.742548877186464,48545,-85.91178621041317,3.2728237667350073,24
6148,-133.36357649047218,7.75297110782869,48561,-132.1080396739421,5.887059356646324,17
6149,284.1603815716742,-16.405505108962682,48571,302.44973475302317,-5.405747081354008,25
6150,51.881326769148444,-6.138669195049592,48574,47.997068783449585,1.2679199422360634,13
6151,-102.35456702475409,8.087420800288914,48583,-104.7190727296112,3.8815952186994593,7
6152,-75.98359535194786,1.9407713761332188,48585,-77.6204452281073,-4.536559244831727,5
6153,-84.9571033109485,2.7547459660686533,48605,-85.91178621041317,3.2728237667350073,24
6154,-146.17418469396893,3.4004744301983143,48609,-146.59606179012786,4.113086925586259,4
6155,-80.3026764767389,8.373617415193657,48611,-85.91178621041317,3.2728237667350073,24
6156,-60.64696482258047,-1.584909189377875,48615,-66.8889597803445,2.169628081691683,14
6157,-82.30280070675836,8.313492418244085,48619,-85.91178621041317,3.2728237667350073,24
6158,-42.21218798964991,8.5422380984975,48628,-49.93530245157272,-0.19848027172185767,2
6159,-49.144627547976675,6.432116775857007,48638,-49.93530245157272,-0.19848027172185767,2
6160,-132.25537507245502,5.427542986418364,48639,-132.1080396739421,5.887059356646324,17
6161,-89.76939638568803,-1.9508801275829495,48641,-85.91178621041317,3.2728237667350073,24
6162,-27.835298282379604,2.0634406547756874,48644,-29.714479793685786,-1.264748112657314,8
6163,179.8782874680192,13.894330594564828,48663,172.66355239880147,-2.7112682595768685,38
6164,-104.16501442046193,-10.832623127289764,48665,-95.36861679384212,-10.95784818293233,28
6165,-112.98451456527852,-28.11347810548331,48675,-115.69510858146283,-11.595084171039186,39
6166,-93.77046266307048,-0.4591066253816553,48680,-96.6939343764425,2.7165835152131033,15
6167,49.000924159051166,7.976539196989438,48681,47.997068783449585,1.2679199422360634,13
6168,-98.1067258154633,4.277142772425966,48682,-96.6939343764425,2.7165835152131033,15
6169,125.4573382479613,3.3675316595383116,48704,135.4076551174278,-1.697351881935795,33
6170,-9.46404142379361,-2.1518990879819557,48721,-6.878718007946434,-1.0926682779646681,10
6171,-94.46046442980796,-4.68544125180128,48723,-95.36861679384212,-10.95784818293233,28
6172,-147.30069424814815,6.149498304006247,48726,-146.59606179012786,4.113086925586259,4
6173,-113.09308828657102,3.201631093582504,48747,-114.33047638704419,5.73481138949136,19
6174,-131.19375044953637,4.598563700745555,48748,-132.1080396739421,5.887059356646324,17
6175,2.649381023590945,-4.957307694987505,48751,-6.878718007946434,-1.0926682779646681,10
6176,76.0575835506615,7.707278064995701,48754,78.01149217232324,3.6022338347977136,6
6177,-108.51255135424866,-5.8616543413963935,48776,-109.71624596876933,-1.0040630408538558,16
6178,-65.58187652687351,-3.6057581230529125,48778,-66.8889597803445,2.169628081691683,14
6179,-148.2118431828755,4.695486428808154,48783,-146.59606179012786,4.113086925586259,4
6180,957.1205322371122,21.806931410944266,48787,861.6475783799328,6.515082937232454,35
6181,-102.16187094461687,4.3813695070827965,48788,-104.7190727296112,3.8815952186994593,7
6182,46.5109862786015,0.35006708761599986,48789,47.997068783449585,1.2679199422360634,13
6183,-134.36343927801266,7.765319128744369,48794,-132.1080396739421,5.887059356646324,17
6184,-53.82607853599042,0.4073408019920596,48800,-49.93530245157272,-0.19848027172185767,2
6185,-107.7749721242867,-2.638751884774637,48825,-109.71624596876933,-1.0040630408538558,16
6186,-124.02553856331403,1.5336249105897881,48833,-123.94204162798616,-1.5144507595891967,3
6187,-96.98060184881007,3.0799939500635864,48836,-96.6939343764425,2.7165835152131033,15
6188,410.48562606367346,-2.0568370768581823,48838,417.6915390220547,-4.11857226961515,29
6189,-101.12403524567401,5.121495291158439,48841,-104.7190727296112,3.8815952186994593,7
6190,-144.25349575002627,5.162769707907494,48855,-142.14616351708418,5.245197398204194,22
6191,-17.274506830259707,-21.18763277907916,48861,-6.878718007946434,-1.0926682779646681,10
6192,-17.807763107916728,1.62952267205734,48864,-6.878718007946434,-1.0926682779646681,10
6193,-137.13673901154408,3.7658048862080995,48865,-137.57400940459857,4.493303950559668,20
6194,-154.31578435857045,6.357835265172502,48872,-152.23629829764135,4.213482038439798,37
6195,-104.1818555208053,4.792339266816697,48881,-104.7190727296112,3.8815952186994593,7
6196,-17.00589765732964,5.9760040539577775,48887,-6.878718007946434,-1.0926682779646681,10
6197,-125.99755606870616,0.3890114216918546,48892,-123.94204162798616,-1.5144507595891967,3
6198,-111.93142383985155,0.7068072505185101,48898,-109.71624596876933,-1.0040630408538558,16
6199,-52.45824685758369,-4.558486049179475,48903,-49.93530245157272,-0.19848027172185767,2
6200,-84.88105862248658,1.0839222572723668,48908,-85.91178621041317,3.2728237667350073,24
6201,-36.89744737529327,1.7453371680716292,48918,-29.714479793685786,-1.264748112657314,8
6202,-133.16451005046142,3.3808557913635693,48919,-132.1080396739421,5.887059356646324,17
6203,-84.08084363767799,-10.275568564613447,48924,-77.6204452281073,-4.536559244831727,5
6204,-109.77291921531284,-1.6894221408071641,48925,-109.71624596876933,-1.0040630408538558,16
6205,-61.979718181083676,4.138435478300211,48948,-66.8889597803445,2.169628081691683,14
6206,-60.301159574997534,8.65726308733049,48950,-66.8889597803445,2.169628081691683,14
6207,98.98949854502733,-6.190797016553783,48951,104.96211155305676,-0.5414592591613776,31
6208,-120.02276862283465,1.5498021060835703,48965,-118.09857507912784,0.7103841694799473,11
6209,-155.09376857082026,1.4684598465717398,48975,-152.23629829764135,4.213482038439798,37
6210,-122.31891170280676,7.491492527471515,48981,-123.80894152337959,5.566802721935252,23
6211,-153.31785480052113,6.416126666966502,48984,-152.23629829764135,4.213482038439798,37
6212,287.53698177478475,7.434245568708097,48998,302.44973475302317,-5.405747081354008,25
6213,-135.20510623766558,5.296570995492628,49016,-137.57400940459857,4.493303950559668,20
6214,204.82069910633837,15.575284276692608,49018,227.03647807555316,-5.020718083634986,26
6215,279.15031591388555,13.191826506809964,49021,302.44973475302317,-5.405747081354008,25
6216,-147.9801420967862,-0.8959599977094418,49022,-148.09620948762597,-1.1157003398540595,36
6217,-83.22562286884387,7.118617824840364,49023,-85.91178621041317,3.2728237667350073,24
6218,-74.05155090839544,4.494368814064442,49027,-66.8889597803445,2.169628081691683,14
6219,9.246485649171605,2.4365267177977303,49028,18.937510567705566,1.034768221250525,27
6220,125.08315337613138,8.991020800966975,49049,135.4076551174278,-1.697351881935795,33
6221,185.31587419038766,-36.196198806667375,49064,172.66355239880147,-2.7112682595768685,38
6222,-130.64412211156585,-3.8568896495314884,49070,-130.75996572568545,-6.6137591708523855,18
6223,-92.19346788402777,6.778933927288757,49074,-96.6939343764425,2.7165835152131033,15
6224,-76.49699226752884,11.648218582148314,49077,-85.91178621041317,3.2728237667350073,24
6225,257.39739247994856,8.436070687824449,49081,227.03647807555316,-5.020718083634986,26
6226,-122.92470761060468,-0.13559557878262368,49082,-123.94204162798616,-1.5144507595891967,3
6227,-136.2097921126451,5.384215050778076,49092,-137.57400940459857,4.493303950559668,20
6228,-17.038556527002573,-24.29273236889968,49108,-6.878718007946434,-1.0926682779646681,10
6229,489.07877739932906,35.572873792900324,49110,417.6915390220547,-4.11857226961515,29
6230,-16.857044208395205,3.230154676501431,49114,-6.878718007946434,-1.0926682779646681,10
6231,-9.544089054366266,-0.92816017233625,49119,-6.878718007946434,-1.0926682779646681,10
6232,-146.0181238079611,0.4949788987586316,49123,-148.09620948762597,-1.1157003398540595,36
6233,2.3287395731001617,0.01223627963297319,49127,-6.878718007946434,-1.0926682779646681,10
6234,105.28856437905235,4.655997946875976,49128,104.96211155305676,-0.5414592591613776,31
6235,526.7899283717201,-16.88717279778008,49133,586.0312761189704,-1.722944617346204,30
6236,400.03898330608416,-24.979465649498344,49143,417.6915390220547,-4.11857226961515,29
6237,285.7979578526268,3.731855207597125,49145,302.44973475302317,-5.405747081354008,25
6238,78.25203256632486,4.504430071378251,49158,78.01149217232324,3.6022338347977136,6
6239,-134.00320274349025,1.3991080824185733,49164,-134.89656831690453,-0.030690791204986433,34
6240,-138.0390057959584,1.6040876621053597,49165,-137.57400940459857,4.493303950559668,20
6241,-46.18880809150084,7.448299020441063,49171,-49.93530245157272,-0.19848027172185767,2
6242,-14.863751121194044,3.417564020304374,49185,-6.878718007946434,-1.0926682779646681,10
6243,-74.07526387622427,5.003927533902603,49188,-66.8889597803445,2.169628081691683,14
6244,556.8454166314448,-45.501777128704205,49200,586.0312761189704,-1.722944617346204,30
6245,-90.16081983864169,5.594525498771409,49202,-85.91178621041317,3.2728237667350073,24
6246,433.32873706998413,15.469481699103255,49203,417.6915390220547,-4.11857226961515,29
6247,-141.9234950170708,-0.9899444294363574,49206,-141.0346653257256,-1.1036168920026446,0
6248,-131.00286525925807,1.957279935264986,49212,-129.1025175244067,1.5488809909733745,1
6249,555.4041024644756,-10.510385917723198,49224,586.0312761189704,-1.722944617346204,30
6250,-145.21907059917186,4.400673900165953,49245,-146.59606179012786,4.113086925586259,4
6251,64.2061661747001,4.7616584801118655,49253,78.01149217232324,3.6022338347977136,6
6252,-63.3222202555983,-5.681508196903465,49256,-66.8889597803445,2.169628081691683,14
6253,-114.88195617609016,-0.9420847810264273,49273,-118.09857507912784,0.7103841694799473,11
6254,47.21689510759775,4.247140592343499,49293,47.997068783449585,1.2679199422360634,13
6255,1211.3436455958374,27.3382218836484,49299,1342.5649032771717,32.04824045393157,32
6256,-108.35849543302444,8.598189634435213,49300,-104.7190727296112,3.8815952186994593,7
6257,-146.33738978705898,6.970661776120547,49301,-146.59606179012786,4.113086925586259,4
6258,-146.1057254923022,1.8954720074155567,49302,-146.59606179012786,4.113086925586259,4
6259,-63.072245103508926,4.606048545489527,49305,-66.8889597803445,2.169628081691683,14
6260,285.40423698602774,-19.68073483441338,49307,302.44973475302317,-5.405747081354008,25
6261,-92.55045871156518,-3.2060197750580195,49316,-96.6939343764425,2.7165835152131033,15
6262,-131.10544518547223,2.156245547453966,49317,-129.1025175244067,1.5488809909733745,1
6263,709.2801421109651,11.065601410314859,49318,586.0312761189704,-1.722944617346204,30
6264,-94.39372021076139,-7.704603638103989,49325,-95.36861679384212,-10.95784818293233,28
6265,29.51983413130449,-2.1847079135701177,49327,18.937510567705566,1.034768221250525,27
6266,-48.85273039985251,-12.632102800556753,49337,-49.93530245157272,-0.19848027172185767,2
6267,-79.84893383118059,0.46588489144394185,49347,-77.6204452281073,-4.536559244831727,5
6268,-132.204458336562,4.282733215735494,49354,-132.1080396739421,5.887059356646324,17
6269,-82.31532857725063,8.077438824745302,49361,-85.91178621041317,3.2728237667350073,24
6270,-22.395710948243888,-18.603648302022602,49365,-29.714479793685786,-1.264748112657314,8
6271,80.55411855027857,-14.751260992130874,49368,70.166569844569,-14.692630117552799,9
6272,77.98271511534276,8.874796948063091,49377,78.01149217232324,3.6022338347977136,6
6273,-86.84922651577308,-0.6689170163185736,49378,-85.91178621041317,3.2728237667350073,24
6274,-114.06804619735784,3.6671702673314197,49389,-114.33047638704419,5.73481138949136,19
6275,119.09045373983436,-7.0193150369561685,49408,104.96211155305676,-0.5414592591613776,31
6276,-124.16277603389733,3.5271021014475785,49416,-123.80894152337959,5.566802721935252,23
6277,-141.10739616112795,2.019173501964892,49423,-141.0346653257256,-1.1036168920026446,0
6278,-132.11358425623845,3.3381653874321433,49447,-132.1080396739421,5.887059356646324,17
6279,-103.17267001701035,5.138683631039709,49448,-104.7190727296112,3.8815952186994593,7
6280,-111.35082796535141,8.389623679562156,49461,-114.33047638704419,5.73481138949136,19
6281,-74.1022252054475,5.606816467741588,49470,-66.8889597803445,2.169628081691683,14
6282,-119.90702451580745,-0.9907675924036522,49476,-118.09857507912784,0.7103841694799473,11
6283,-79.87988938901238,-42.527837018368274,49481,-95.36861679384212,-10.95784818293233,28
6284,-132.81657717332521,-1.1344966541261643,49482,-134.89656831690453,-0.030690791204986433,34
6285,-155.31258704786865,6.2697326382002725,49488,-152.23629829764135,4.213482038439798,37
6286,-81.51382574423901,-4.848215576058006,49491,-77.6204452281073,-4.536559244831727,5
6287,-13.786838851935943,2.275819444891641,49508,-6.878718007946434,-1.0926682779646681,10
6288,-107.31837754354875,-8.025834712006167,49509,-109.71624596876933,-1.0040630408538558,16
6289,79.59145056042405,-1.3709159703505398,49510,78.01149217232324,3.6022338347977136,6
6290,-65.98470854692057,3.664125599299559,49514,-66.8889597803445,2.169628081691683,14
6291,31.222136556772202,2.829723321271432,49516,18.937510567705566,1.034768221250525,27
6292,-51.28280041761788,-6.31152615197929,49518,-49.93530245157272,-0.19848027172185767,2
6293,-123.95542587044133,1.0415160240739638,49520,-123.94204162798616,-1.5144507595891967,3
6294,27.952019315742614,7.160638736175996,49523,18.937510567705566,1.034768221250525,27
6295,-109.25829948365097,6.374925972824656,49525,-114.33047638704419,5.73481138949136,19
6296,3.9562797624490016,6.665162590165976,49531,-6.878718007946434,-1.0926682779646681,10
6297,-31.88296781862274,2.019722954158189,49532,-29.714479793685786,-1.264748112657314,8
6298,-107.34914455354904,7.909844805445781,49534,-104.7190727296112,3.8815952186994593,7
6299,798.9141113928383,4.834447911446184,49546,861.6475783799328,6.515082937232454,35
6300,650.7944611764206,16.101666571224758,49564,586.0312761189704,-1.722944617346204,30
6301,211.90662241540048,12.78422999498433,49568,227.03647807555316,-5.020718083634986,26
6302,-102.16929162388911,4.545037823279658,49571,-104.7190727296112,3.8815952186994593,7
6303,-120.02952593622666,2.219361684223071,49585,-118.09857507912784,0.7103841694799473,11
6304,-80.18026374373173,5.667275079158691,49593,-85.91178621041317,3.2728237667350073,24
6305,-112.77240787106912,-1.248965437529426,49601,-109.71624596876933,-1.0040630408538558,16
6306,-79.76673112703328,-0.3178922451725901,49618,-77.6204452281073,-4.536559244831727,5
6307,-84.71341755049693,-16.288055853867842,49624,-95.36861679384212,-10.95784818293233,28
6308,-112.92444548289578,0.5424704008933227,49638,-109.71624596876933,-1.0040630408538558,16
6309,-139.81432694714687,-2.8374171963608217,49640,-141.0346653257256,-1.1036168920026446,0
6310,237.211528209991,-4.098199169905487,49647,227.03647807555316,-5.020718083634986,26
6311,-26.98342764744323,4.829995345774609,49659,-29.714479793685786,-1.264748112657314,8
6312,-146.8765715083096,-1.5818330957770208,49681,-148.09620948762597,-1.1157003398540595,36
6313,236.9933951462685,-0.8741669199510864,49683,227.03647807555316,-5.020718083634986,26
6314,-128.06249454432168,2.288577228285067,49705,-129.1025175244067,1.5488809909733745,1
6315,-149.95155727285257,-1.561029443408443,49709,-148.09620948762597,-1.1157003398540595,36
6316,52.21002720664017,3.9505236292277752,49726,47.997068783449585,1.2679199422360634,13
6317,105.01341810233201,9.161885709604421,49732,104.96211155305676,-0.5414592591613776,31
6318,507.78755292308284,11.280802218416243,49744,586.0312761189704,-1.722944617346204,30
6319,-134.166681822023,3.952105111840376,49748,-132.1080396739421,5.887059356646324,17
6320,-10.503243479167473,-1.844358676637123,49751,-6.878718007946434,-1.0926682779646681,10
6321,389.65684994355036,-34.07179201232606,49753,417.6915390220547,-4.11857226961515,29
6322,-50.95326427731087,3.7477544808633474,49758,-49.93530245157272,-0.19848027172185767,2
6323,-143.16832099657123,3.831253757237554,49766,-142.14616351708418,5.245197398204194,22
6324,-18.857101809657976,2.175166881063546,49773,-29.714479793685786,-1.264748112657314,8
6325,-43.90676993144833,2.8571904281857186,49775,-49.93530245157272,-0.19848027172185767,2
6326,24.72816892326727,-4.274108935822247,49791,18.937510567705566,1.034768221250525,27
6327,1000.2832111487667,49.961468619713685,49821,861.6475783799328,6.515082937232454,35
6328,-125.93357553367237,-15.237243322425675,49824,-130.75996572568545,-6.6137591708523855,18
6329,-79.93256010081126,0.7551323056866602,49827,-77.6204452281073,-4.536559244831727,5
6330,-39.85244398579554,-27.21548133329078,49837,-29.714479793685786,-1.264748112657314,8
6331,-42.09052444575158,-38.311626161828464,49850,-49.93530245157272,-0.19848027172185767,2
6332,-100.85682576201239,-0.2212112632090844,49857,-96.6939343764425,2.7165835152131033,15
6333,-122.48657306956291,-6.138259421744894,49859,-123.94204162798616,-1.5144507595891967,3
6334,-119.00962126127203,1.279397474413053,49875,-118.09857507912784,0.7103841694799473,11
6335,-145.08928933414742,1.5552294453159397,49891,-146.59606179012786,4.113086925586259,4
6336,-140.3097788698322,6.451410368752608,49893,-142.14616351708418,5.245197398204194,22
6337,-137.0491879747126,2.3380637880371737,49903,-137.57400940459857,4.493303950559668,20
6338,56.687846673597136,-3.359951551016471,49905,47.997068783449585,1.2679199422360634,13
6339,-122.11441058170729,3.521477008432012,49914,-123.80894152337959,5.566802721935252,23
6340,-2.370521313611948,-3.5897476144502307,49919,-6.878718007946434,-1.0926682779646681,10
6341,-70.85022799546546,0.12897690675813853,49925,-66.8889597803445,2.169628081691683,14
6342,-125.3835279153726,8.348389517509517,49926,-123.80894152337959,5.566802721935252,23
6343,-99.98531330160382,1.5758978977307938,49942,-96.6939343764425,2.7165835152131033,15
6344,181.3936106406532,-8.511511263777162,49945,172.66355239880147,-2.7112682595768685,38
6345,36.33144654336241,2.0646298510975143,49946,47.997068783449585,1.2679199422360634,13
6346,1.7515920109961802,-5.163735919890909,49948,-6.878718007946434,-1.0926682779646681,10
6347,-82.23290493199427,7.306969222479711,49960,-85.91178621041317,3.2728237667350073,24
6348,-68.7519029184371,-0.9617054206077578,49969,-66.8889597803445,2.169628081691683,14
6349,-93.61595415768183,-3.8547571627964743,49982,-96.6939343764425,2.7165835152131033,15
6350,-140.80234860124227,-2.6067511013904867,50011,-141.0346653257256,-1.1036168920026446,0
6351,-76.15703652353815,-10.011317458968087,50014,-77.6204452281073,-4.536559244831727,5
6352,-39.981922816446875,4.052965209041162,50019,-49.93530245157272,-0.19848027172185767,2
6353,-97.6512336514549,-3.6688404133481507,50026,-96.6939343764425,2.7165835152131033,15
6354,-90.18467888683409,6.114885578729026,50042,-85.91178621041317,3.2728237667350073,24
6355,-25.41188118586991,12.177262202926864,50051,-29.714479793685786,-1.264748112657314,8
6356,-121.27941775999653,6.110183418663761,50059,-123.80894152337959,5.566802721935252,23
6357,-150.07904979353694,2.2586550950834337,50061,-152.23629829764135,4.213482038439798,37
6358,49.59018475782991,-1.3272916755951782,50064,47.997068783449585,1.2679199422360634,13
6359,952.9028219463794,-18.189613606658938,50074,861.6475783799328,6.515082937232454,35
6360,-140.34741518005958,7.285200367876967,50083,-142.14616351708418,5.245197398204194,22
6361,1147.4478846648065,-4.952615799941686,50087,1342.5649032771717,32.04824045393157,32
6362,-110.66220526148159,-3.6427199799794048,50091,-109.71624596876933,-1.0040630408538558,16
6363,23.274416532523606,2.570998951586193,50098,18.937510567705566,1.034768221250525,27
6364,-45.13683071939069,-23.6355229744419,50101,-49.93530245157272,-0.19848027172185767,2
6365,-44.92045947590374,3.6485063858419156,50133,-49.93530245157272,-0.19848027172185767,2
6366,-84.9459957143072,1.4680059938907963,50134,-85.91178621041317,3.2728237667350073,24
6367,-66.35899388876335,-6.45234337326982,50141,-66.8889597803445,2.169628081691683,14
6368,11.577661949252073,-16.94462790834809,50148,28.39696760572947,-22.91072472808294,12
6369,252.88755350019576,1.2141994470999888,50149,227.03647807555316,-5.020718083634986,26
6370,-108.1029073052443,4.00818732196877,50165,-104.7190727296112,3.8815952186994593,7
6371,-106.73153550457761,-2.5714183480646495,50166,-109.71624596876933,-1.0040630408538558,16
6372,198.35655781849943,-7.411175350827458,50168,172.66355239880147,-2.7112682595768685,38
6373,237.98035039641613,14.176965578404651,50169,227.03647807555316,-5.020718083634986,26
6374,-11.269910926200835,10.342758231515287,50179,-6.878718007946434,-1.0926682779646681,10
6375,-7.600746815977904,-1.194339619650134,50180,-6.878718007946434,-1.0926682779646681,10
6376,-57.90632705212501,2.0935932765288037,50185,-49.93530245157272,-0.19848027172185767,2
6377,-97.10308864300126,4.720415696034012,50207,-96.6939343764425,2.7165835152131033,15
6378,-7.274245750100018,-19.983335513167606,50214,-6.878718007946434,-1.0926682779646681,10
6379,493.02950621615355,21.51000891686367,50218,417.6915390220547,-4.11857226961515,29
6380,-39.19293370634718,-8.092684514931578,50241,-29.714479793685786,-1.264748112657314,8
6381,-117.07535964358475,3.7805101103868175,50243,-118.09857507912784,0.7103841694799473,11
6382,-89.16817116802821,5.267048793722982,50293,-85.91178621041317,3.2728237667350073,24
6383,142.50359188331691,3.1482167079176113,50296,135.4076551174278,-1.697351881935795,33
6384,-141.04718581341845,0.7246446220008417,50298,-141.0346653257256,-1.1036168920026446,0
6385,5.8312381858673294,8.416894489578024,50317,18.937510567705566,1.034768221250525,27
6386,-70.56218659744519,-17.824926807600175,50325,-77.6204452281073,-4.536559244831727,5
6387,-23.537103607380917,-16.555731170424,50335,-29.714479793685786,-1.264748112657314,8
6388,-90.97275811007948,2.473794270019339,50351,-85.91178621041317,3.2728237667350073,24
6389,-140.88328953963773,-0.8217164518596575,50357,-141.0346653257256,-1.1036168920026446,0
6390,1306.721873610888,39.49437059674149,50365,1342.5649032771717,32.04824045393157,32
6391,-122.30940351404568,6.737684944293535,50380,-123.80894152337959,5.566802721935252,23
6392,306.0653372239189,-14.463703953738063,50383,302.44973475302317,-5.405747081354008,25
6393,479.4374201918638,15.396039584894986,50385,417.6915390220547,-4.11857226961515,29
6394,66.74632965105916,-2.92922945711956,50389,70.166569844569,-14.692630117552799,9
6395,-134.11696450657075,2.8722251973498523,50407,-134.89656831690453,-0.030690791204986433,34
6396,-147.0353106880697,1.8659439226355323,50412,-146.59606179012786,4.113086925586259,4
6397,50.895668761912326,9.799417779195208,50425,47.997068783449585,1.2679199422360634,13
6398,-85.85274196650512,-13.759562318126138,50445,-95.36861679384212,-10.95784818293233,28
6399,-42.41873624054656,-18.962894601027333,50449,-49.93530245157272,-0.19848027172185767,2
6400,-83.00126985583066,2.726554668878653,50452,-85.91178621041317,3.2728237667350073,24
6401,-127.35357606942152,7.642191293891782,50479,-123.80894152337959,5.566802721935252,23
6402,-148.32880799755316,6.744115381373894,50480,-146.59606179012786,4.113086925586259,4
6403,-100.6111878842023,-3.5543350693839084,50499,-96.6939343764425,2.7165835152131033,15
6404,-140.02347696361332,1.7362879422312645,50500,-141.0346653257256,-1.1036168920026446,0
6405,-124.18394116432579,4.470285525000173,50509,-123.80894152337959,5.566802721935252,23
6406,-74.02447745134998,3.384334460229281,50511,-66.8889597803445,2.169628081691683,14
6407,-125.38376396177297,8.347223119323512,50521,-123.80894152337959,5.566802721935252,23
6408,211.6918635807365,-26.70658323199662,50536,227.03647807555316,-5.020718083634986,26
6409,-90.98359163651992,2.7161957894481823,50538,-85.91178621041317,3.2728237667350073,24
6410,-127.02664504156837,2.0146779542999838,50548,-129.1025175244067,1.5488809909733745,1
6411,-119.39772709197536,8.758575030206135,50549,-123.80894152337959,5.566802721935252,23
6412,-127.2964552145364,6.369274030817453,50560,-123.80894152337959,5.566802721935252,23
6413,-79.3542136121755,8.991508312365196,50566,-85.91178621041317,3.2728237667350073,24
6414,-133.90518467948056,-1.2799517066653283,50595,-134.89656831690453,-0.030690791204986433,34
6415,63.179162943463915,5.336439332584853,50618,78.01149217232324,3.6022338347977136,6
6416,-77.25040284532004,-8.498004921586652,50619,-77.6204452281073,-4.536559244831727,5
6417,231.02496011204175,-1.6579121104128642,50623,227.03647807555316,-5.020718083634986,26
6418,901.9142276497244,22.825285169088907,50628,861.6475783799328,6.515082937232454,35
6419,-81.83346837569411,0.6137451072533722,50632,-85.91178621041317,3.2728237667350073,24
6420,-78.90030124826868,1.610070657404534,50651,-77.6204452281073,-4.536559244831727,5
6421,-133.0852646964624,3.1903960870154093,50655,-132.1080396739421,5.887059356646324,17
6422,-148.29542003683716,6.031831703046124,50659,-146.59606179012786,4.113086925586259,4
6423,588.2609169315228,-21.5434712684272,50675,586.0312761189704,-1.722944617346204,30
6424,493.21882287959966,-24.286548990953637,50679,417.6915390220547,-4.11857226961515,29
6425,-25.651554870367626,-0.3853480882398366,50697,-29.714479793685786,-1.264748112657314,8
6426,-139.89336804312717,-1.6367968109868651,50704,-141.0346653257256,-1.1036168920026446,0
6427,-61.53380273284545,-3.564539923005986,50732,-66.8889597803445,2.169628081691683,14
6428,-148.0217396045915,0.5488151954934085,50739,-148.09620948762597,-1.1157003398540595,36
6429,-73.3350241892299,9.166825137755767,50741,-66.8889597803445,2.169628081691683,14
6430,-34.192819557101394,-8.015055908074922,50742,-29.714479793685786,-1.264748112657314,8
6431,-124.19591849966116,4.766285700570327,50750,-123.80894152337959,5.566802721935252,23
6432,168.54589923467384,3.1820620065654004,50761,172.66355239880147,-2.7112682595768685,38
6433,-119.18245105634404,4.549099581579958,50763,-118.09857507912784,0.7103841694799473,11
6434,-143.05161815151695,1.7864538341340104,50774,-141.0346653257256,-1.1036168920026446,0
6435,-127.20131550568338,5.325809596473786,50779,-123.80894152337959,5.566802721935252,23
6436,190.8625812646992,-0.8107800812890036,50782,172.66355239880147,-2.7112682595768685,38
6437,-10.53931594045435,-1.0374731108831985,50784,-6.878718007946434,-1.0926682779646681,10
6438,503.34095861299164,2.6692801532842347,50805,586.0312761189704,-1.722944617346204,30
6439,-22.18222012461816,-7.013224437751496,50809,-29.714479793685786,-1.264748112657314,8
6440,-56.669018187146776,-1.040990106875941,50828,-49.93530245157272,-0.19848027172185767,2
6441,-141.2595469954674,5.372584704519416,50831,-142.14616351708418,5.245197398204194,22
6442,-67.017618448789,3.3509622943406567,50834,-66.8889597803445,2.169628081691683,14
6443,-68.12645899908124,5.72026481654324,50857,-66.8889597803445,2.169628081691683,14
6444,422.8816320801407,-7.4448638014490145,50859,417.6915390220547,-4.11857226961515,29
6445,-140.187517070995,4.810085474785377,50866,-142.14616351708418,5.245197398204194,22
6446,-107.84793463827906,-1.5454936980852425,50882,-109.71624596876933,-1.0040630408538558,16
6447,277.9372258043852,15.794004468701603,50884,302.44973475302317,-5.405747081354008,25
6448,-32.12121017013607,5.697669048537548,50894,-29.714479793685786,-1.264748112657314,8
6449,-139.15018936587833,3.521782956869924,50900,-137.57400940459857,4.493303950559668,20
6450,88.97564756419446,-6.043422442768153,50901,78.01149217232324,3.6022338347977136,6
6451,-83.01160772001516,2.430698290916609,50902,-85.91178621041317,3.2728237667350073,24
6452,87.0722996239393,8.088223920422807,50907,78.01149217232324,3.6022338347977136,6
6453,65.34021570771222,2.3537652893262013,50917,78.01149217232324,3.6022338347977136,6
6454,-143.9102683226404,-1.8318459081694514,50925,-141.0346653257256,-1.1036168920026446,0
6455,-112.94695474972485,1.0451900071572642,50927,-109.71624596876933,-1.0040630408538558,16
6456,-133.9772903178609,0.31005304760263913,50937,-134.89656831690453,-0.030690791204986433,34
6457,-21.306597109028647,-4.779739138367649,50938,-29.714479793685786,-1.264748112657314,8
6458,-38.06398244984337,6.382430909340751,50940,-29.714479793685786,-1.264748112657314,8
6459,-8.98390543251554,5.630737746801404,50942,-6.878718007946434,-1.0926682779646681,10
6460,-123.15326391432221,3.3240490493800428,50945,-123.80894152337959,5.566802721935252,23
6461,-148.90728187330822,-0.4331623208589943,50956,-148.09620948762597,-1.1157003398540595,36
6462,37.30051385852494,-12.491997887244477,50959,28.39696760572947,-22.91072472808294,12
6463,-120.70119281926611,-3.973868240166542,50974,-123.94204162798616,-1.5144507595891967,3
6464,-123.36534947780355,-7.276839153015151,50989,-123.94204162798616,-1.5144507595891967,3
6465,-60.01453884304682,4.932098670951276,51002,-66.8889597803445,2.169628081691683,14
6466,-36.987876476382986,5.266517251210436,51013,-29.714479793685786,-1.264748112657314,8
6467,-100.8231427309196,-14.67296447954437,51021,-95.36861679384212,-10.95784818293233,28
6468,-81.75665256310195,-1.585465015322406,51025,-77.6204452281073,-4.536559244831727,5
6469,-94.88209307675314,-1.1270450023209102,51026,-96.6939343764425,2.7165835152131033,15
6470,-140.0548316955325,0.8872490962751559,51038,-141.0346653257256,-1.1036168920026446,0
6471,-117.1616995193139,4.125111186177704,51041,-114.33047638704419,5.73481138949136,19
6472,-15.057360486061723,-8.607080240993353,51060,-6.878718007946434,-1.0926682779646681,10
6473,-104.12165742887397,3.9844470110894625,51066,-104.7190727296112,3.8815952186994593,7
6474,-37.72443152481528,0.4991410102965494,51080,-29.714479793685786,-1.264748112657314,8
6475,-47.89336174845806,1.981781074848253,51084,-49.93530245157272,-0.19848027172185767,2
6476,-13.286764056108382,10.669666218835191,51087,-6.878718007946434,-1.0926682779646681,10
6477,6.938241183084913,7.109850401721802,51093,18.937510567705566,1.034768221250525,27
6478,-145.89941113255176,-2.6300081935574364,51094,-148.09620948762597,-1.1157003398540595,36
6479,4.326717747184633,0.5981819996943822,51095,-6.878718007946434,-1.0926682779646681,10
6480,-123.87583506423887,-1.7302220084196986,51097,-123.94204162798616,-1.5144507595891967,3
6481,-71.95455176800417,3.946598754858957,51104,-66.8889597803445,2.169628081691683,14
6482,-10.353156932510483,-4.618220904176203,51109,-6.878718007946434,-1.0926682779646681,10
6483,41.80197635846652,-5.597543482850828,51110,47.997068783449585,1.2679199422360634,13
6484,-123.15455220152204,3.8753099073043082,51116,-123.80894152337959,5.566802721935252,23
6485,356.92751308793424,-24.801702496233364,51121,302.44973475302317,-5.405747081354008,25
6486,21.750390484048506,-19.53995353439692,51128,28.39696760572947,-22.91072472808294,12
6487,1093.554742477922,6.019507409483299,51144,861.6475783799328,6.515082937232454,35
6488,245.43296303693413,-21.49029598530282,51149,227.03647807555316,-5.020718083634986,26
6489,-105.83690223612666,-1.2422857608281044,51168,-109.71624596876933,-1.0040630408538558,16
6490,-138.24081482272067,4.986551306113477,51183,-137.57400940459857,4.493303950559668,20
6491,-39.2587910115733,9.096597551728463,51186,-29.714479793685786,-1.264748112657314,8
6492,-28.259364252784547,8.267019306492644,51189,-29.714479793685786,-1.264748112657314,8
6493,70.22142387503031,-24.417147785496837,51193,70.166569844569,-14.692630117552799,9
6494,-102.53001955545905,-5.364471134868728,51196,-109.71624596876933,-1.0040630408538558,16
6495,43.54760686565165,-1.0129324266526378,51197,47.997068783449585,1.2679199422360634,13
6496,232.76265330011984,17.304330037776435,51201,227.03647807555316,-5.020718083634986,26
6497,-132.08083415442402,1.5991513138634907,51206,-129.1025175244067,1.5488809909733745,1
6498,-134.0224661523334,0.2769372171468956,51207,-134.89656831690453,-0.030690791204986433,34
6499,-85.93248683536507,1.6848862522332564,51217,-85.91178621041317,3.2728237667350073,24
6500,-155.27513218902453,5.452841683878965,51229,-152.23629829764135,4.213482038439798,37
6501,-31.868896671251306,2.7413919360239993,51249,-29.714479793685786,-1.264748112657314,8
6502,559.3220706811898,-9.157020418122876,51250,586.0312761189704,-1.722944617346204,30
6503,-131.30358704698767,6.499914334822462,51255,-132.1080396739421,5.887059356646324,17
6504,-123.36170830215032,7.88584863939361,51260,-123.80894152337959,5.566802721935252,23
6505,141.40100523795604,-24.588515078597258,51263,135.4076551174278,-1.697351881935795,33
6506,-149.23587122292022,4.704839109969013,51265,-146.59606179012786,4.113086925586259,4
6507,-17.675103869736812,0.7845110581380086,51269,-6.878718007946434,-1.0926682779646681,10
6508,-54.0605311994075,4.518853238616843,51270,-49.93530245157272,-0.19848027172185767,2
6509,-141.9867996814379,0.8989489997211252,51275,-141.0346653257256,-1.1036168920026446,0
6510,158.6299267943416,1.165746581696026,51278,172.66355239880147,-2.7112682595768685,38
6511,-81.12285259834721,5.420310617250465,51279,-85.91178621041317,3.2728237667350073,24
6512,265.27634023595726,-4.023791960041383,51288,302.44973475302317,-5.405747081354008,25
6513,-50.92442840439441,3.653054193198264,51289,-49.93530245157272,-0.19848027172185767,2
6514,-35.64277428561865,-0.22219523580325373,51297,-29.714479793685786,-1.264748112657314,8
6515,292.2452605154707,-3.406571269507675,51299,302.44973475302317,-5.405747081354008,25
6516,-34.66396059599523,0.24750301804521374,51301,-29.714479793685786,-1.264748112657314,8
6517,-40.733183705284425,0.6391428824335001,51305,-49.93530245157272,-0.19848027172185767,2
6518,-133.30052117165891,6.916427512116481,51310,-132.1080396739421,5.887059356646324,17
6519,-19.106558789373373,7.661978085256151,51311,-29.714479793685786,-1.264748112657314,8
6520,81.68567538601557,13.38560706353198,51315,78.01149217232324,3.6022338347977136,6
6521,-136.2543998945827,-9.404467242136077,51321,-130.75996572568545,-6.6137591708523855,18
6522,73.8789689047038,10.552780336490228,51322,78.01149217232324,3.6022338347977136,6
6523,-142.1813845412355,4.137929596451199,51323,-142.14616351708418,5.245197398204194,22
6524,295.268603055627,-17.554957308168873,51325,302.44973475302317,-5.405747081354008,25
6525,93.56205379308835,-57.343300355655195,51333,110.19899446847099,-35.665903512662624,21
6526,-46.62707163610573,-2.2912632285984236,51339,-49.93530245157272,-0.19848027172185767,2
6527,-107.42603188804325,9.587771324856549,51354,-104.7190727296112,3.8815952186994593,7
6528,265.9355347016098,0.37178583876280064,51363,302.44973475302317,-5.405747081354008,25
6529,-76.0398807823908,3.6940008021113866,51372,-77.6204452281073,-4.536559244831727,5
6530,-146.0960919621737,2.7095246403946014,51388,-146.59606179012786,4.113086925586259,4
6531,-84.14297488863942,4.789288787087955,51396,-85.91178621041317,3.2728237667350073,24
6532,-129.69314638987865,-2.7633977193569055,51402,-130.75996572568545,-6.6137591708523855,18
6533,138.31267973112554,-9.000428231313554,51404,135.4076551174278,-1.697351881935795,33
6534,236.64779242639116,4.128036454605694,51406,227.03647807555316,-5.020718083634986,26
6535,-138.987404548782,-0.0645546783165119,51415,-141.0346653257256,-1.1036168920026446,0
6536,-139.20630150154554,4.215294118325622,51418,-137.57400940459857,4.493303950559668,20
6537,-128.2207124599018,5.2409057882552705,51423,-129.1025175244067,1.5488809909733745,1
6538,-34.09584476727286,-8.581738279271208,51430,-29.714479793685786,-1.264748112657314,8
6539,47.40900284660675,-42.60679798805032,51432,28.39696760572947,-22.91072472808294,12
6540,-6.915921213591519,4.190667918681793,51446,-6.878718007946434,-1.0926682779646681,10
6541,219.56276345510952,19.421177499836674,51460,227.03647807555316,-5.020718083634986,26
6542,-131.1206595194138,-11.224146821818765,51462,-130.75996572568545,-6.6137591708523855,18
6543,-43.81724109471059,0.37429107049356664,51463,-49.93530245157272,-0.19848027172185767,2
6544,513.2772796527754,-9.983094821913282,51470,586.0312761189704,-1.722944617346204,30
6545,1.8798007914644175,6.240771885489571,51472,-6.878718007946434,-1.0926682779646681,10
6546,-85.96698291747191,2.421950288261407,51477,-85.91178621041317,3.2728237667350073,24
6547,60.16449425837155,5.600283837496856,51489,47.997068783449585,1.2679199422360634,13
6548,129.18483305700403,-7.374208961280919,51490,135.4076551174278,-1.697351881935795,33
6549,-140.11377698022284,2.1662077610089163,51493,-141.0346653257256,-1.1036168920026446,0
6550,-104.22351833348836,6.21848195063796,51494,-104.7190727296112,3.8815952186994593,7
6551,-149.1286204774223,3.8818012557485715,51514,-146.59606179012786,4.113086925586259,4
6552,-139.30461054535257,6.378858225612768,51532,-137.57400940459857,4.493303950559668,20
6553,-122.30095891580694,6.57688299005629,51547,-123.80894152337959,5.566802721935252,23
6554,443.9211936615443,-21.652286214138904,51549,417.6915390220547,-4.11857226961515,29
6555,-109.3992712508874,-7.828273445213727,51550,-109.71624596876933,-1.0040630408538558,16
6556,26.681643327751413,-32.67640750883644,51563,28.39696760572947,-22.91072472808294,12
6557,-111.10264929189185,2.394717107327117,51565,-109.71624596876933,-1.0040630408538558,16
6558,226.8179178805831,0.7685729231801829,51574,227.03647807555316,-5.020718083634986,26
6559,-108.42430598103957,9.538762581193064,51578,-104.7190727296112,3.8815952186994593,7
6560,27.139020248250652,4.067801068178699,51584,18.937510567705566,1.034768221250525,27
6561,-142.2756528571018,5.671780778654968,51586,-142.14616351708418,5.245197398204194,22
6562,61.86387269560516,10.160451552970017,51599,47.997068783449585,1.2679199422360634,13
6563,-90.79452759844422,-1.4193826740146285,51604,-85.91178621041317,3.2728237667350073,24
6564,-137.00455842050988,-0.15330213125340955,51606,-134.89656831690453,-0.030690791204986433,34
6565,-31.99239890693417,4.907975624814431,51614,-29.714479793685786,-1.264748112657314,8
6566,-68.89934911810678,1.252697822077208,51621,-66.8889597803445,2.169628081691683,14
6567,-101.04427078229074,2.3387600764791636,51649,-104.7190727296112,3.8815952186994593,7
6568,-94.96146034574033,0.6281644697741662,51666,-96.6939343764425,2.7165835152131033,15
6569,-82.20766761303022,5.2430625256086225,51670,-85.91178621041317,3.2728237667350073,24
6570,-130.37100736942517,7.971282112888857,51681,-132.1080396739421,5.887059356646324,17
6571,267.285927869255,-4.1965682763173096,51686,302.44973475302317,-5.405747081354008,25
6572,-28.496561474412555,-3.305932289107297,51694,-29.714479793685786,-1.264748112657314,8
6573,-81.55892184310316,-18.09062791440451,51705,-77.6204452281073,-4.536559244831727,5
6574,1176.5841674408782,37.24533528081453,51712,1342.5649032771717,32.04824045393157,32
6575,-119.24936268373565,6.028007468321825,51732,-123.80894152337959,5.566802721935252,23
6576,-32.503219146369254,-3.2337293887754184,51737,-29.714479793685786,-1.264748112657314,8
6577,-129.7154463525766,-3.299264126254508,51741,-130.75996572568545,-6.6137591708523855,18
6578,-109.01564745416962,1.5883640606315792,51742,-109.71624596876933,-1.0040630408538558,16
6579,21.01120978739213,6.761702456381075,51744,18.937510567705566,1.034768221250525,27
6580,-135.59557728134854,-6.024587496366806,51757,-130.75996572568545,-6.6137591708523855,18
6581,-87.96074328976194,1.2613208354948386,51761,-85.91178621041317,3.2728237667350073,24
6582,352.5966625448443,-20.202952473447677,51765,302.44973475302317,-5.405747081354008,25
6583,3.552840929976177,-1.789382998737233,51773,-6.878718007946434,-1.0926682779646681,10
6584,163.92394462387537,-3.132958779821809,51778,172.66355239880147,-2.7112682595768685,38
6585,-129.00341275079012,0.9602652747591708,51793,-129.1025175244067,1.5488809909733745,1
6586,-147.9942786443645,-0.5607333756873739,51794,-148.09620948762597,-1.1157003398540595,36
6587,-107.71775884864486,-3.383775043447071,51802,-109.71624596876933,-1.0040630408538558,16
6588,-109.99302360256497,0.5624941098237674,51846,-109.71624596876933,-1.0040630408538558,16
6589,903.373390897952,30.606363221680496,51854,861.6475783799328,6.515082937232454,35
6590,-99.44560319086091,10.140853983526481,51861,-96.6939343764425,2.7165835152131033,15
6591,386.5362299862015,10.647732551455837,51862,417.6915390220547,-4.11857226961515,29
6592,-38.15284530309778,5.7747233693483375,51865,-29.714479793685786,-1.264748112657314,8
6593,-24.72833089035627,0.2875774063476292,51869,-29.714479793685786,-1.264748112657314,8
6594,-104.19506827647743,5.071009679755518,51878,-104.7190727296112,3.8815952186994593,7
6595,-51.93380592335412,-12.44254261838664,51880,-49.93530245157272,-0.19848027172185767,2
6596,-143.32151967809554,6.690406787261322,51898,-142.14616351708418,5.245197398204194,22
6597,-15.02410754804803,-9.337194402142853,51907,-6.878718007946434,-1.0926682779646681,10
6598,231.93175166162243,-0.10568166071652188,51915,227.03647807555316,-5.020718083634986,26
6599,-118.99898589961977,1.5509481184372205,51927,-118.09857507912784,0.7103841694799473,11
6600,6.436838349386882,-0.7527934895741141,51939,18.937510567705566,1.034768221250525,27
6601,-85.22887302847504,6.649316870294763,51946,-85.91178621041317,3.2728237667350073,24
6602,342.2637154181707,12.785826042170163,51947,302.44973475302317,-5.405747081354008,25
6603,0.912645203841948,6.535401202765966,51953,-6.878718007946434,-1.0926682779646681,10
6604,-141.98141688174505,-0.7638072572213415,51954,-141.0346653257256,-1.1036168920026446,0
6605,-154.31988628803407,6.479474230678428,51958,-152.23629829764135,4.213482038439798,37
6606,-10.26091826819547,-6.116564820599826,51960,-6.878718007946434,-1.0926682779646681,10
6607,-123.18702798631111,5.087219417542413,51974,-123.80894152337959,5.566802721935252,23
6608,-13.343909887426001,-4.364431063979435,51976,-6.878718007946434,-1.0926682779646681,10
6609,28.013146557537603,-23.13102810349151,51979,28.39696760572947,-22.91072472808294,12
6610,262.0841469267496,12.820705652767872,51983,227.03647807555316,-5.020718083634986,26
6611,79.37330548317311,2.3722711416147657,51992,78.01149217232324,3.6022338347977136,6
6612,-29.372717916333546,-3.9906048601495883,52004,-29.714479793685786,-1.264748112657314,8
6613,86.11447890046982,7.13601238683199,52022,78.01149217232324,3.6022338347977136,6
6614,-64.81641451941364,0.5140678978530651,52024,-66.8889597803445,2.169628081691683,14
6615,-145.17361027909266,4.4293315261115875,52032,-146.59606179012786,4.113086925586259,4
6616,78.82591252733751,10.768313864233019,52034,78.01149217232324,3.6022338347977136,6
6617,48.13173502522097,-9.631227136847208,52036,47.997068783449585,1.2679199422360634,13
6618,-93.69664588427862,-2.597460711809173,52037,-96.6939343764425,2.7165835152131033,15
6619,-126.57932233126374,-6.23474175695878,52049,-130.75996572568545,-6.6137591708523855,18
6620,-148.9942562375076,-0.0647151207814575,52054,-148.09620948762597,-1.1157003398540595,36
6621,356.46753965248485,10.614796648835664,52061,302.44973475302317,-5.405747081354008,25
6622,-141.05713784492187,1.4242737934224001,52069,-141.0346653257256,-1.1036168920026446,0
6623,-95.09279877743373,4.012970814045724,52072,-96.6939343764425,2.7165835152131033,15
6624,609.1461040769254,23.954242740573434,52079,586.0312761189704,-1.722944617346204,30
6625,-68.72508883803195,-1.0121490579655914,52088,-66.8889597803445,2.169628081691683,14
6626,162.6538998013271,1.2222464850960095,52091,172.66355239880147,-2.7112682595768685,38
6627,-86.03176436946929,-12.410227568777097,52092,-95.36861679384212,-10.95784818293233,28
6628,-54.63658875125834,-1.1863111853368231,52110,-49.93530245157272,-0.19848027172185767,2
6629,-88.89886464247743,1.9175870907121542,52113,-85.91178621041317,3.2728237667350073,24
6630,-95.21367410097311,6.1616316225116154,52120,-96.6939343764425,2.7165835152131033,15
6631,152.6849445509281,0.8862582572619395,52122,135.4076551174278,-1.697351881935795,33
6632,1102.57250842943,-8.441415353307573,52136,861.6475783799328,6.515082937232454,35
6633,-134.9855637769147,0.4770490885462426,52138,-134.89656831690453,-0.030690791204986433,34
6634,-29.931237859807258,4.136655655826254,52140,-29.714479793685786,-1.264748112657314,8
6635,-5.289369233845031,-5.9179998940448115,52143,-6.878718007946434,-1.0926682779646681,10
6636,-46.83399709826731,1.714067492425896,52144,-49.93530245157272,-0.19848027172185767,2
6637,-151.9952757485313,-0.10588461421251014,52146,-148.09620948762597,-1.1157003398540595,36
6638,-48.845960128833276,2.452859384564337,52163,-49.93530245157272,-0.19848027172185767,2
6639,-66.07976443672581,4.196398071947053,52173,-66.8889597803445,2.169628081691683,14
6640,74.14215172050515,-66.28648329904242,52177,110.19899446847099,-35.665903512662624,21
6641,-83.85952642826123,1.1676146273114176,52186,-85.91178621041317,3.2728237667350073,24
6642,-75.925978036162,2.7228984115603114,52201,-77.6204452281073,-4.536559244831727,5
6643,400.7353043762128,-6.153473072731349,52205,417.6915390220547,-4.11857226961515,29
6644,-123.69131713625477,-3.2136967543442627,52226,-123.94204162798616,-1.5144507595891967,3
6645,-103.69682846194057,-18.003642100233126,52230,-95.36861679384212,-10.95784818293233,28
6646,-147.15410433900203,2.953436661343355,52235,-146.59606179012786,4.113086925586259,4
6647,179.7553586197224,0.3140556986612822,52237,172.66355239880147,-2.7112682595768685,38
6648,-60.9711572478027,3.976990125732089,52251,-66.8889597803445,2.169628081691683,14
6649,-67.9902517345727,2.7311876305212124,52252,-66.8889597803445,2.169628081691683,14
6650,-87.08989433608929,3.068612624690069,52253,-85.91178621041317,3.2728237667350073,24
6651,185.3814543031072,-22.906380190032124,52254,172.66355239880147,-2.7112682595768685,38
6652,160.13526930661482,7.926135786321791,52265,172.66355239880147,-2.7112682595768685,38
6653,-70.18353900551452,6.949932192182823,52284,-66.8889597803445,2.169628081691683,14
6654,162.00939837928541,-18.2253485674507,52290,172.66355239880147,-2.7112682595768685,38
6655,-29.241530696203565,-6.3464223487763185,52294,-29.714479793685786,-1.264748112657314,8
6656,-44.49160156078061,-18.409025826410986,52327,-49.93530245157272,-0.19848027172185767,2
6657,36.96689153493098,5.936272485796584,52336,47.997068783449585,1.2679199422360634,13
6658,-143.29322220661598,6.029497948438184,52341,-142.14616351708418,5.245197398204194,22
6659,-130.3734123968267,8.04621834065919,52354,-132.1080396739421,5.887059356646324,17
6660,-41.02247713414844,5.430607280847232,52355,-49.93530245157272,-0.19848027172185767,2
6661,-90.0939924530423,5.146519232427108,52356,-85.91178621041317,3.2728237667350073,24
6662,-121.32574731064855,7.648924594842851,52379,-123.80894152337959,5.566802721935252,23
6663,391.5874177564331,-33.03398873311532,52385,417.6915390220547,-4.11857226961515,29
6664,-35.96679666061316,2.7534824791573853,52387,-29.714479793685786,-1.264748112657314,8
6665,-56.89680521007527,1.908297021149227,52388,-49.93530245157272,-0.19848027172185767,2
6666,-129.13271864230492,3.8208447208000003,52403,-129.1025175244067,1.5488809909733745,1
6667,-125.31814129363786,6.910340825244937,52406,-123.80894152337959,5.566802721935252,23
6668,-108.20766294461862,5.80181648419373,52432,-104.7190727296112,3.8815952186994593,7
6669,522.8146111762709,-17.48334987338787,52438,586.0312761189704,-1.722944617346204,30
6670,197.74215171382093,1.4337096170903316,52439,172.66355239880147,-2.7112682595768685,38
6671,-90.07579492435488,4.236131791896629,52445,-85.91178621041317,3.2728237667350073,24
6672,-125.97488446087439,0.9262287284636607,52454,-123.94204162798616,-1.5144507595891967,3
6673,-51.519989127006994,-2.681185837352274,52469,-49.93530245157272,-0.19848027172185767,2
6674,-147.02450789832568,0.10351509161949599,52475,-148.09620948762597,-1.1157003398540595,36
6675,-90.66618845040698,-2.688836802242631,52479,-85.91178621041317,3.2728237667350073,24
6676,-91.42918268654668,-5.85701225875735,52506,-95.36861679384212,-10.95784818293233,28
6677,-113.95938550003662,0.24946629984938648,52509,-118.09857507912784,0.7103841694799473,11
6678,45.2981404549473,2.9373074874344645,52516,47.997068783449585,1.2679199422360634,13
6679,-124.8180399822328,0.062164788186338624,52524,-123.94204162798616,-1.5144507595891967,3
6680,-130.3327761212945,7.146949598833034,52545,-132.1080396739421,5.887059356646324,17
6681,-137.58810056400213,-6.229209181268771,52559,-141.0346653257256,-1.1036168920026446,0
6682,-100.4021542731816,-21.3128338437842,52560,-95.36861679384212,-10.95784818293233,28
6683,-144.92984529904547,0.1124357521872804,52561,-148.09620948762597,-1.1157003398540595,36
6684,8.572245814418883,-3.17566870708764,52595,18.937510567705566,1.034768221250525,27
6685,-101.08810112173676,2.77319966278838,52606,-104.7190727296112,3.8815952186994593,7
6686,-119.33112296168981,7.81215715295071,52607,-123.80894152337959,5.566802721935252,23
6687,-39.5142082683092,-3.1118431770131747,52618,-29.714479793685786,-1.264748112657314,8
6688,-140.1690893138894,3.381358529605844,52625,-142.14616351708418,5.245197398204194,22
6689,127.45551463645891,3.443228661633261,52627,135.4076551174278,-1.697351881935795,33
6690,-58.26519438019868,7.878588423041426,52646,-66.8889597803445,2.169628081691683,14
6691,-82.18732221178092,5.795176497961719,52656,-85.91178621041317,3.2728237667350073,24
6692,75.01326002565501,-7.105641201865357,52660,70.166569844569,-14.692630117552799,9
6693,-120.55874921249499,-4.016564303471457,52664,-123.94204162798616,-1.5144507595891967,3
6694,-28.322784866574164,-19.79082624569518,52668,-29.714479793685786,-1.264748112657314,8
6695,-101.94925858653792,0.7631277261735873,52682,-104.7190727296112,3.8815952186994593,7
6696,-88.12720973305011,-10.8780065309819,52695,-95.36861679384212,-10.95784818293233,28
6697,-87.25734593489334,7.746231737004791,52700,-85.91178621041317,3.2728237667350073,24
6698,30.05484119135887,-23.492831765409065,52703,28.39696760572947,-22.91072472808294,12
6699,135.97252139396252,-4.151313334616402,52706,135.4076551174278,-1.697351881935795,33
6700,94.0512358216821,-7.084402593551247,52709,104.96211155305676,-0.5414592591613776,31
6701,-128.05537051183885,1.100270344996169,52710,-129.1025175244067,1.5488809909733745,1
6702,-71.90820670560822,1.9040733445812799,52716,-66.8889597803445,2.169628081691683,14
6703,174.20763995641042,-6.098264105269593,52718,172.66355239880147,-2.7112682595768685,38
6704,-153.19382998099425,3.718403180967849,52720,-152.23629829764135,4.213482038439798,37
6705,432.53683887272456,12.430004371616661,52721,417.6915390220547,-4.11857226961515,29
6706,-27.391815717638064,-4.055511479275312,52723,-29.714479793685786,-1.264748112657314,8
6707,-149.19960753219632,4.420610358045406,52736,-146.59606179012786,4.113086925586259,4
6708,69.8567455102573,8.925464916043628,52744,78.01149217232324,3.6022338347977136,6
6709,-57.510640611605666,-32.95547684221569,52776,-49.93530245157272,-0.19848027172185767,2
6710,-97.06386395891624,3.353282461344957,52787,-96.6939343764425,2.7165835152131033,15
6711,-61.06480726640737,-10.764675901815822,52790,-66.8889597803445,2.169628081691683,14
6712,-66.98725161536147,3.1975073205163467,52791,-66.8889597803445,2.169628081691683,14
6713,-127.25288013032169,-9.285667291736328,52798,-130.75996572568545,-6.6137591708523855,18
6714,-62.05886004140104,3.8242826925489175,52815,-66.8889597803445,2.169628081691683,14
6715,115.3915043744166,-11.112031160798686,52819,104.96211155305676,-0.5414592591613776,31
6716,337.3306103422182,-2.4562285395909527,52843,302.44973475302317,-5.405747081354008,25
6717,-121.0217758913914,0.4824425443909354,52856,-118.09857507912784,0.7103841694799473,11
6718,37.94371099854692,-7.743102023832265,52859,47.997068783449585,1.2679199422360634,13
6719,-124.18001220802599,3.9021519292503375,52887,-123.80894152337959,5.566802721935252,23
6720,98.01078541636623,-5.6290607198665255,52892,104.96211155305676,-0.5414592591613776,31
6721,147.6130035896212,-41.79920733214032,52898,110.19899446847099,-35.665903512662624,21
6722,-23.774495717616034,0.2827334934328342,52900,-29.714479793685786,-1.264748112657314,8
6723,-145.90323061359726,-0.9840128622481902,52908,-148.09620948762597,-1.1157003398540595,36
6724,-16.159007465093698,6.2782705016353235,52915,-6.878718007946434,-1.0926682779646681,10
6725,35.88135399387089,9.362162587813637,52920,47.997068783449585,1.2679199422360634,13
6726,-13.967099321727822,4.162281092405777,52930,-6.878718007946434,-1.0926682779646681,10
6727,32.19421242371123,3.9696502834709957,52932,18.937510567705566,1.034768221250525,27
6728,-74.12207293542481,6.038778211376157,52937,-66.8889597803445,2.169628081691683,14
6729,-136.91467034061344,-1.111262299242886,52943,-134.89656831690453,-0.030690791204986433,34
6730,-49.05987263332545,5.10144268146968,52946,-49.93530245157272,-0.19848027172185767,2
6731,-117.47936878880301,-6.213826398247353,52947,-115.69510858146283,-11.595084171039186,39
6732,-18.712380708757518,-14.18082250898743,52948,-29.714479793685786,-1.264748112657314,8
6733,-50.67916080758561,-0.18997115264876308,52956,-49.93530245157272,-0.19848027172185767,2
6734,-123.1301827228874,2.8383023875603657,52964,-123.80894152337959,5.566802721935252,23
6735,-122.25818917864456,6.671946521534371,52971,-123.80894152337959,5.566802721935252,23
6736,-143.65162096491522,-3.9080581586931853,52979,-141.0346653257256,-1.1036168920026446,0
6737,-97.73191255198797,-16.10590872667861,52981,-95.36861679384212,-10.95784818293233,28
6738,100.5486398770314,-13.780602490751871,52983,104.96211155305676,-0.5414592591613776,31
6739,-67.42115575374403,-5.609434336312184,52986,-66.8889597803445,2.169628081691683,14
6740,102.25021191620372,-9.781823861792763,52993,104.96211155305676,-0.5414592591613776,31
6741,-118.3329085921015,7.855510526281209,53034,-114.33047638704419,5.73481138949136,19
6742,47.09413275630735,5.900448985206547,53048,47.997068783449585,1.2679199422360634,13
6743,-81.42014814118112,10.383026822877621,53052,-85.91178621041317,3.2728237667350073,24
6744,-65.60973112755758,-2.9997642326545124,53053,-66.8889597803445,2.169628081691683,14
6745,-41.8033375825395,1.649737968685287,53075,-49.93530245157272,-0.19848027172185767,2
6746,-68.18316008848082,6.961271923503769,53077,-66.8889597803445,2.169628081691683,14
6747,-126.93572553583452,0.019039153815962145,53083,-129.1025175244067,1.5488809909733745,1
6748,1.418603205634075,-0.4401369725722263,53085,-6.878718007946434,-1.0926682779646681,10
6749,123.45632232343203,-11.88558553257417,53086,135.4076551174278,-1.697351881935795,33
6750,-68.725310474945,-1.0318668407232112,53087,-66.8889597803445,2.169628081691683,14
6751,335.9089985112024,-39.47577940547486,53103,302.44973475302317,-5.405747081354008,25
6752,89.04530418054696,8.184094923719266,53110,78.01149217232324,3.6022338347977136,6
6753,20.144106466789832,4.344736850651785,53116,18.937510567705566,1.034768221250525,27
6754,-119.20142953174813,4.951455942799113,53117,-118.09857507912784,0.7103841694799473,11
6755,-79.16684816982658,-9.847031183011568,53131,-77.6204452281073,-4.536559244831727,5
6756,-122.84914776343018,-1.2917846483118562,53139,-123.94204162798616,-1.5144507595891967,3
6757,401.45448244230823,-2.047799188268082,53160,417.6915390220547,-4.11857226961515,29
6758,139.29097785591503,-8.51329857306527,53162,135.4076551174278,-1.697351881935795,33
6759,3.7887343803525737,-5.427722192622997,53164,-6.878718007946434,-1.0926682779646681,10
6760,24.60904935173764,-2.6759180747912605,53167,18.937510567705566,1.034768221250525,27
6761,-155.25928355805345,5.122625418659544,53175,-152.23629829764135,4.213482038439798,37
6762,-76.28852264865996,-21.866366456485228,53203,-77.6204452281073,-4.536559244831727,5
6763,-29.01985695040057,5.069705735953893,53206,-29.714479793685786,-1.264748112657314,8
6764,-124.23316568031134,5.080295075697896,53211,-123.80894152337959,5.566802721935252,23
6765,-31.598641120792454,-1.126993249608029,53212,-29.714479793685786,-1.264748112657314,8
6766,-139.69515624262127,-3.9009890501986977,53227,-141.0346653257256,-1.1036168920026446,0
6767,-66.55147980395664,-17.991277728290452,53232,-77.6204452281073,-4.536559244831727,5
6768,-111.86104730326964,-0.8269055509315241,53234,-109.71624596876933,-1.0040630408538558,16
6769,-70.99371430644035,3.2789174470157887,53239,-66.8889597803445,2.169628081691683,14
6770,-70.29320312700773,8.844681100029183,53246,-66.8889597803445,2.169628081691683,14
6771,-86.76667330378196,-0.9356650201781516,53251,-85.91178621041317,3.2728237667350073,24
6772,-43.463035788592336,-4.802981931257309,53278,-49.93530245157272,-0.19848027172185767,2
6773,-103.15985059802924,4.296214553225447,53289,-104.7190727296112,3.8815952186994593,7
6774,-4.562299589840536,-1.9789697061867142,53300,-6.878718007946434,-1.0926682779646681,10
6775,-91.08479455546092,4.418211885744358,53308,-85.91178621041317,3.2728237667350073,24
6776,-131.80844887746534,-2.3153160879509636,53347,-134.89656831690453,-0.030690791204986433,34
6777,-40.908048762904954,1.8932835933561167,53369,-49.93530245157272,-0.19848027172185767,2
6778,-37.694204485014936,-14.902240088025424,53381,-29.714479793685786,-1.264748112657314,8
6779,-141.19495684411893,3.9227766026366955,53396,-142.14616351708418,5.245197398204194,22
6780,40.03341408138346,-9.162135922058289,53407,47.997068783449585,1.2679199422360634,13
6781,1166.3248393071326,11.76735965880763,53408,1342.5649032771717,32.04824045393157,32
6782,-68.84185225296521,1.5394314342661106,53416,-66.8889597803445,2.169628081691683,14
6783,-104.64243199083903,-4.483886587932064,53448,-109.71624596876933,-1.0040630408538558,16
6784,355.3464687887391,-16.715034539100905,53451,302.44973475302317,-5.405747081354008,25
6785,-114.66125556705605,-4.7601354879467825,53456,-109.71624596876933,-1.0040630408538558,16
6786,497.35947605880136,2.6906042040377858,53465,417.6915390220547,-4.11857226961515,29
6787,940.6771225467518,27.657164424586533,53472,861.6475783799328,6.515082937232454,35
6788,40.035469174677566,6.549971073884158,53481,47.997068783449585,1.2679199422360634,13
6789,-125.60119378466001,-5.217731356537385,53483,-123.94204162798616,-1.5144507595891967,3
6790,40.13424221019411,5.4176301370240045,53486,47.997068783449585,1.2679199422360634,13
6791,-30.6395926489056,-1.2424824428757684,53495,-29.714479793685786,-1.264748112657314,8
6792,-4.944445752281427,4.848546337144309,53500,-6.878718007946434,-1.0926682779646681,10
6793,-106.88017935404723,0.7009600016641914,53501,-109.71624596876933,-1.0040630408538558,16
6794,-52.04831019611695,5.294875248813994,53505,-49.93530245157272,-0.19848027172185767,2
6795,-111.06497814639806,3.1471048772031978,53509,-114.33047638704419,5.73481138949136,19
6796,-91.15177966359052,5.879323619683566,53512,-85.91178621041317,3.2728237667350073,24
6797,74.71711475599331,-2.6637379434028134,53515,78.01149217232324,3.6022338347977136,6
6798,-130.00708299266654,1.0415197508566603,53527,-129.1025175244067,1.5488809909733745,1
6799,-121.44537392329426,-7.545372238258176,53531,-123.94204162798616,-1.5144507595891967,3
6800,-105.74581978750118,-2.735523738223659,53534,-109.71624596876933,-1.0040630408538558,16
6801,-93.1032964049392,-39.9229279123204,53537,-95.36861679384212,-10.95784818293233,28
6802,-145.3368322324003,6.980532411202927,53560,-146.59606179012786,4.113086925586259,4
6803,68.87299132171883,-19.883844668130987,53561,70.166569844569,-14.692630117552799,9
6804,-116.16708684698837,4.7631730923078175,53570,-114.33047638704419,5.73481138949136,19
6805,247.2699495626451,10.02288339317423,53571,227.03647807555316,-5.020718083634986,26
6806,-94.07768732589552,4.219218190235268,53575,-96.6939343764425,2.7165835152131033,15
6807,-107.16779834271085,-10.300861932512298,53576,-115.69510858146283,-11.595084171039186,39
6808,-102.84076809349624,-0.6033600994789086,53579,-104.7190727296112,3.8815952186994593,7
6809,-134.99563820847092,1.72705352924007,53581,-134.89656831690453,-0.030690791204986433,34
6810,-17.282591571870526,-6.785782024581203,53587,-6.878718007946434,-1.0926682779646681,10
6811,-84.14881084081996,5.941823772992973,53607,-85.91178621041317,3.2728237667350073,24
6812,-55.61164181358483,-2.7811843037577457,53613,-49.93530245157272,-0.19848027172185767,2
6813,-13.778173945501296,2.0773878258423566,53650,-6.878718007946434,-1.0926682779646681,10
6814,-120.3287501316154,7.739650817767776,53657,-123.80894152337959,5.566802721935252,23
6815,-111.10759871823969,3.049694744203021,53674,-114.33047638704419,5.73481138949136,19
6816,31.636213485169183,-2.141032194126564,53679,18.937510567705566,1.034768221250525,27
6817,-91.84341392696531,0.6481381677634724,53680,-96.6939343764425,2.7165835152131033,15
6818,-42.33330800523177,10.174470299830537,53685,-49.93530245157272,-0.19848027172185767,2
6819,-151.01053248837277,-0.27268455350258813,53692,-148.09620948762597,-1.1157003398540595,36
6820,-128.2480507050739,5.310417443113378,53705,-129.1025175244067,1.5488809909733745,1
6821,-87.72925254566273,-2.26523520224681,53713,-85.91178621041317,3.2728237667350073,24
6822,-127.05348842115006,1.0660500863294073,53716,-129.1025175244067,1.5488809909733745,1
6823,787.8558015435257,5.409377074778967,53741,861.6475783799328,6.515082937232454,35
6824,-73.92640532108764,2.773858493527893,53742,-66.8889597803445,2.169628081691683,14
6825,-101.29800988467011,-8.3774123910075,53754,-95.36861679384212,-10.95784818293233,28
6826,-90.79192997429158,-0.44017020768149173,53756,-85.91178621041317,3.2728237667350073,24
6827,-102.86158822261466,0.3644222805331276,53768,-104.7190727296112,3.8815952186994593,7
6828,-134.9773469926155,0.2962410459002746,53769,-134.89656831690453,-0.030690791204986433,34
6829,-60.014195546110265,3.3815411674792983,53772,-66.8889597803445,2.169628081691683,14
6830,-140.21900696171565,4.483085446584836,53774,-142.14616351708418,5.245197398204194,22
6831,-106.36475956705821,8.788876714009318,53779,-104.7190727296112,3.8815952186994593,7
6832,-125.27682828037884,5.974687925587967,53785,-123.80894152337959,5.566802721935252,23
6833,-48.54653057302942,-17.282545830691017,53795,-49.93530245157272,-0.19848027172185767,2
6834,154.10678485722772,-5.255985551307904,53819,172.66355239880147,-2.7112682595768685,38
6835,17.73442708506031,-5.543034969907188,53831,18.937510567705566,1.034768221250525,27
6836,-126.11047627793674,2.333467909483874,53843,-129.1025175244067,1.5488809909733745,1
6837,-74.23145732450905,7.398284385717357,53844,-66.8889597803445,2.169628081691683,14
6838,-100.10104163625141,4.623223688673621,53848,-96.6939343764425,2.7165835152131033,15
6839,-154.19876179528896,3.794600070564821,53853,-152.23629829764135,4.213482038439798,37
6840,-146.00923658379324,0.811239188850578,53858,-148.09620948762597,-1.1157003398540595,36
6841,-95.16399474907386,6.09489331050374,53865,-96.6939343764425,2.7165835152131033,15
6842,-33.07209783709686,5.632719095540683,53882,-29.714479793685786,-1.264748112657314,8
6843,-122.25931330031577,6.694152305078481,53888,-123.80894152337959,5.566802721935252,23
6844,-20.820448672038903,1.359802099877298,53891,-29.714479793685786,-1.264748112657314,8
6845,-150.262366007494,5.79442092141752,53896,-152.23629829764135,4.213482038439798,37
6846,-135.9554100787225,0.32433874097667154,53898,-134.89656831690453,-0.030690791204986433,34
6847,-88.29835661695778,7.611891709920728,53905,-85.91178621041317,3.2728237667350073,24
6848,43.30886099216158,2.6869630289620687,53908,47.997068783449585,1.2679199422360634,13
6849,-57.05775124348621,3.895555503139534,53918,-49.93530245157272,-0.19848027172185767,2
6850,-112.13506278741428,-10.593901287170658,53923,-115.69510858146283,-11.595084171039186,39
6851,261.20233034440895,-3.486527817161044,53932,227.03647807555316,-5.020718083634986,26
6852,31.673679129350774,-2.9428703600829675,53957,18.937510567705566,1.034768221250525,27
6853,-56.11071066295,6.0738739127826324,53959,-49.93530245157272,-0.19848027172185767,2
6854,72.29018196705529,4.080193816070651,53967,78.01149217232324,3.6022338347977136,6
6855,1190.3556753040816,-2.21322334294919,53976,1342.5649032771717,32.04824045393157,32
6856,-91.98537135902615,2.7366630510861443,53984,-96.6939343764425,2.7165835152131033,15
6857,-115.89578919275161,0.38883791436430887,54000,-118.09857507912784,0.7103841694799473,11
6858,345.58822615030994,-5.913114266684213,54012,302.44973475302317,-5.405747081354008,25
6859,-46.31010445736565,9.087500172689278,54032,-49.93530245157272,-0.19848027172185767,2
6860,26.39042761075822,1.1138136863665633,54038,18.937510567705566,1.034768221250525,27
6861,-118.33477851707177,7.918338873650369,54053,-114.33047638704419,5.73481138949136,19
6862,-134.8740051671781,-1.462692833085579,54055,-134.89656831690453,-0.030690791204986433,34
6863,-64.12126110302846,5.1444497446083615,54062,-66.8889597803445,2.169628081691683,14
6864,103.83011230706012,-3.623643505455286,54068,104.96211155305676,-0.5414592591613776,31
6865,-59.474354835109594,-4.321481108563696,54084,-66.8889597803445,2.169628081691683,14
6866,-102.80508337577594,-0.36304615582818267,54090,-104.7190727296112,3.8815952186994593,7
6867,-80.47310204321579,-4.713299832436061,54092,-77.6204452281073,-4.536559244831727,5
6868,268.1311512905035,12.90533367896796,54096,302.44973475302317,-5.405747081354008,25
6869,132.24663662308123,-8.176609480493205,54101,135.4076551174278,-1.697351881935795,33
6870,-106.90828690875273,0.8064421615538906,54106,-109.71624596876933,-1.0040630408538558,16
6871,491.682250287667,-30.858824069378368,54112,417.6915390220547,-4.11857226961515,29
6872,-132.79597792465185,-2.1005322870616414,54124,-134.89656831690453,-0.030690791204986433,34
6873,-102.43670024041552,9.887059000830057,54131,-104.7190727296112,3.8815952186994593,7
6874,-153.10140777911684,2.218216603866631,54134,-152.23629829764135,4.213482038439798,37
6875,19.205069744333745,3.509819999480676,54145,18.937510567705566,1.034768221250525,27
6876,0.3173423437126134,0.7496573666100025,54151,-6.878718007946434,-1.0926682779646681,10
6877,-24.06234888684815,-23.37654453012236,54157,-29.714479793685786,-1.264748112657314,8
6878,116.06570947037372,-6.0157158592811575,54160,104.96211155305676,-0.5414592591613776,31
6879,163.60238834430578,17.100690934985654,54178,172.66355239880147,-2.7112682595768685,38
6880,-74.56219005323268,-17.89748263419264,54180,-77.6204452281073,-4.536559244831727,5
6881,-111.11154155502568,4.1513795409476595,54182,-114.33047638704419,5.73481138949136,19
6882,-118.32256636123138,7.6253421537318875,54186,-114.33047638704419,5.73481138949136,19
6883,99.49589053105454,-27.37039073775967,54192,110.19899446847099,-35.665903512662624,21
6884,-52.1499023323417,6.511626319373897,54200,-49.93530245157272,-0.19848027172185767,2
6885,-112.1203868882613,4.311448486414982,54210,-114.33047638704419,5.73481138949136,19
6886,83.3618402605133,3.207028258142438,54215,78.01149217232324,3.6022338347977136,6
6887,-110.99338283142733,2.0808648010247355,54216,-109.71624596876933,-1.0040630408538558,16
6888,-149.0945136857213,2.1117921773723314,54217,-146.59606179012786,4.113086925586259,4
6889,-94.10713283235913,4.353585222214132,54221,-96.6939343764425,2.7165835152131033,15
6890,-123.2952494900943,6.956872038719885,54270,-123.80894152337959,5.566802721935252,23
6891,-8.927625573239958,3.886177247504784,54276,-6.878718007946434,-1.0926682779646681,10
6892,175.39806196457982,-8.714284243139625,54281,172.66355239880147,-2.7112682595768685,38
6893,-67.90795125934213,1.9483251557913528,54296,-66.8889597803445,2.169628081691683,14
6894,-119.17168698783266,4.294482357748554,54313,-118.09857507912784,0.7103841694799473,11
6895,1151.7659591166075,19.140114270422583,54330,1342.5649032771717,32.04824045393157,32
6896,-131.26071286527994,5.541537079198353,54332,-132.1080396739421,5.887059356646324,17
6897,-152.20754041807996,4.028971985173933,54333,-152.23629829764135,4.213482038439798,37
6898,79.9739109942534,-6.660909087105317,54350,78.01149217232324,3.6022338347977136,6
6899,137.20408560447223,6.546515653425599,54355,135.4076551174278,-1.697351881935795,33
6900,150.9281577516733,-3.439587255841297,54356,135.4076551174278,-1.697351881935795,33
6901,-85.9037491929737,0.5374782894849991,54357,-85.91178621041317,3.2728237667350073,24
6902,-138.94147366063063,-1.5691558773634762,54361,-141.0346653257256,-1.1036168920026446,0
6903,-78.1493818571105,4.003191389036738,54389,-85.91178621041317,3.2728237667350073,24
6904,-119.15695564482294,3.472717486043527,54401,-118.09857507912784,0.7103841694799473,11
6905,304.37544125066375,-4.506739959431493,54418,302.44973475302317,-5.405747081354008,25
6906,289.2958036763108,-4.04471228065498,54425,302.44973475302317,-5.405747081354008,25
6907,-134.1418125687677,3.3875877902568683,54426,-132.1080396739421,5.887059356646324,17
6908,-149.1252770151376,2.2735126235024175,54449,-146.59606179012786,4.113086925586259,4
6909,50.11189806623331,6.066220224241508,54451,47.997068783449585,1.2679199422360634,13
6910,340.8644793076147,-9.987704401517105,54452,302.44973475302317,-5.405747081354008,25
6911,-155.04214649956825,0.35884499445526924,54453,-152.23629829764135,4.213482038439798,37
6912,-77.42983996833254,-5.5975830404923546,54459,-77.6204452281073,-4.536559244831727,5
6913,-90.86495979615262,1.1455792528455284,54465,-85.91178621041317,3.2728237667350073,24
6914,519.8379701991686,10.892758828838776,54472,586.0312761189704,-1.722944617346204,30
6915,67.07297806211702,6.171371895344313,54508,78.01149217232324,3.6022338347977136,6
6916,-60.22232434662355,-7.798832634557123,54525,-66.8889597803445,2.169628081691683,14
6917,-3.7855477600421747,1.379003177421941,54533,-6.878718007946434,-1.0926682779646681,10
6918,-140.00795035509395,1.9169588940276348,54539,-141.0346653257256,-1.1036168920026446,0
6919,-73.39238565234527,-5.834288870440898,54542,-77.6204452281073,-4.536559244831727,5
6920,-66.5950338441279,-2.8254888496829085,54560,-66.8889597803445,2.169628081691683,14
6921,248.8217943850469,1.5547438291457436,54563,227.03647807555316,-5.020718083634986,26
6922,-23.106548657981836,7.062433881003579,54567,-29.714479793685786,-1.264748112657314,8
6923,-89.05644736349664,3.828973644448513,54576,-85.91178621041317,3.2728237667350073,24
6924,-140.8428613163436,-1.7223337689183504,54579,-141.0346653257256,-1.1036168920026446,0
6925,-121.02504723806778,0.5487318442616869,54580,-118.09857507912784,0.7103841694799473,11
6926,368.66575129066706,8.019207502679404,54582,417.6915390220547,-4.11857226961515,29
6927,-30.777271549435483,-13.982452473496629,54585,-29.714479793685786,-1.264748112657314,8
6928,-154.04060469793276,0.3315690322621022,54586,-152.23629829764135,4.213482038439798,37
6929,-89.585839912631,-4.452626808709639,54587,-85.91178621041317,3.2728237667350073,24
6930,437.106708863468,-53.241225867753556,54594,417.6915390220547,-4.11857226961515,29
6931,-140.35144186347932,7.391652403128892,54609,-142.14616351708418,5.245197398204194,22
6932,97.21246254483776,5.681556764161885,54615,104.96211155305676,-0.5414592591613776,31
6933,-69.73055215330118,-0.41405830159774315,54661,-66.8889597803445,2.169628081691683,14
6934,-48.068648822802714,5.293754484404187,54666,-49.93530245157272,-0.19848027172185767,2
6935,-155.01625725486326,-0.2231207445824408,54667,-152.23629829764135,4.213482038439798,37
6936,-135.7469821275507,-2.707385353427293,54679,-134.89656831690453,-0.030690791204986433,34
6937,-12.095187661630945,-8.231462105429863,54687,-6.878718007946434,-1.0926682779646681,10
6938,-59.93458613218866,3.19162617877896,54691,-66.8889597803445,2.169628081691683,14
6939,76.73864146774298,-17.32038064474551,54700,70.166569844569,-14.692630117552799,9
6940,-109.60192085241296,-4.431719146777406,54703,-109.71624596876933,-1.0040630408538558,16
6941,-62.95074548965462,2.4597470626420237,54720,-66.8889597803445,2.169628081691683,14
6942,-30.70459177522283,-0.836509101236019,54723,-29.714479793685786,-1.264748112657314,8
6943,502.3473634334671,-11.700442088161655,54724,586.0312761189704,-1.722944617346204,30
6944,-140.10451814578408,1.978489807423293,54730,-141.0346653257256,-1.1036168920026446,0
6945,-126.06466396166132,2.3684384360239026,54771,-129.1025175244067,1.5488809909733745,1
6946,-63.195262744216436,5.776429560075248,54780,-66.8889597803445,2.169628081691683,14
6947,-60.704425810114934,-1.3414884439724923,54781,-66.8889597803445,2.169628081691683,14
6948,-139.84654323758528,-2.6329165777923103,54789,-141.0346653257256,-1.1036168920026446,0
6949,-101.22885091591087,6.896516750635705,54794,-104.7190727296112,3.8815952186994593,7
6950,0.7962621803248336,-20.887952129128994,54798,-6.878718007946434,-1.0926682779646681,10
6951,-145.2733316901412,6.112449072171356,54808,-146.59606179012786,4.113086925586259,4
6952,-87.15757236160472,5.571729969405388,54819,-85.91178621041317,3.2728237667350073,24
6953,-56.98256505122938,3.253591436759426,54822,-49.93530245157272,-0.19848027172185767,2
6954,-48.83697327564121,1.2334279365878988,54836,-49.93530245157272,-0.19848027172185767,2
6955,-48.85864216923826,2.2288853772459296,54840,-49.93530245157272,-0.19848027172185767,2
6956,-102.01138890008582,2.6256228749187125,54849,-104.7190727296112,3.8815952186994593,7
6957,-140.2263244968713,5.16334803688839,54851,-142.14616351708418,5.245197398204194,22
6958,-68.81873820893217,0.49076402452879253,54855,-66.8889597803445,2.169628081691683,14
6959,-118.21802594237307,4.842093592118918,54863,-114.33047638704419,5.73481138949136,19
6960,-112.30146238068238,7.253114275640625,54866,-114.33047638704419,5.73481138949136,19
6961,802.8928744314748,-8.844683991186042,54876,861.6475783799328,6.515082937232454,35
6962,-107.28478088996542,7.50494840977828,54892,-104.7190727296112,3.8815952186994593,7
6963,3.5703102677412115,-3.2138827760653266,54896,-6.878718007946434,-1.0926682779646681,10
6964,69.58658948795588,-0.4036702397926201,54903,78.01149217232324,3.6022338347977136,6
6965,-19.19787641942201,8.105684801315627,54906,-29.714479793685786,-1.264748112657314,8
6966,-89.16064776978466,-9.647182095105684,54922,-95.36861679384212,-10.95784818293233,28
6967,379.40414395263593,-2.331311344621578,54940,417.6915390220547,-4.11857226961515,29
6968,-102.93604682363838,1.994575412346446,54955,-104.7190727296112,3.8815952186994593,7
6969,720.1590009302053,-15.564870030153463,54988,586.0312761189704,-1.722944617346204,30
6970,273.8585310914664,2.207273804771759,54991,302.44973475302317,-5.405747081354008,25
6971,262.8387341045033,-12.274257024326424,54995,227.03647807555316,-5.020718083634986,26
6972,31.552842862686717,-16.06184082694819,55013,28.39696760572947,-22.91072472808294,12
6973,292.4852187782904,8.636057053726821,55015,302.44973475302317,-5.405747081354008,25
6974,-114.365036207165,8.130252005520271,55022,-114.33047638704419,5.73481138949136,19
6975,-133.13700525391246,4.338491807950502,55026,-132.1080396739421,5.887059356646324,17
6976,23.986761284370115,-7.8858833129859764,55040,18.937510567705566,1.034768221250525,27
6977,-120.00243873133589,0.0665727335781787,55041,-118.09857507912784,0.7103841694799473,11
6978,-24.316619134389697,-5.133129328081016,55063,-29.714479793685786,-1.264748112657314,8
6979,-113.41460766187187,9.225053834362726,55065,-114.33047638704419,5.73481138949136,19
6980,-35.9967153440451,4.949522964683674,55071,-29.714479793685786,-1.264748112657314,8
6981,-114.80714211116769,-2.583556916892983,55080,-118.09857507912784,0.7103841694799473,11
6982,641.9035460861352,28.80477258424196,55088,586.0312761189704,-1.722944617346204,30
6983,521.9705966641741,23.774359388626067,55089,586.0312761189704,-1.722944617346204,30
6984,1204.5549170593542,24.152662434491926,55104,1342.5649032771717,32.04824045393157,32
6985,435.4483023597171,-0.8152716390040299,55108,417.6915390220547,-4.11857226961515,29
6986,-152.16438392700653,3.0720653991566405,55120,-152.23629829764135,4.213482038439798,37
6987,-128.6067273576242,-4.637860198795934,55126,-130.75996572568545,-6.6137591708523855,18
6988,-91.96470763491787,-12.446025096979142,55132,-95.36861679384212,-10.95784818293233,28
6989,-35.422000281211545,-4.031911267426748,55143,-29.714479793685786,-1.264748112657314,8
6990,-142.6843328674835,-4.2002660150449636,55150,-141.0346653257256,-1.1036168920026446,0
6991,-150.00202086495378,1.0864677420289963,55157,-148.09620948762597,-1.1157003398540595,36
6992,-9.764614116360868,1.3402141841641868,55158,-6.878718007946434,-1.0926682779646681,10
6993,-79.01343507465992,3.5707426426849165,55162,-85.91178621041317,3.2728237667350073,24
6994,4.7170308156984735,-19.589479252400853,55167,-6.878718007946434,-1.0926682779646681,10
6995,533.6909006107782,-0.8931602217282962,55177,586.0312761189704,-1.722944617346204,30
6996,-130.09475339510064,1.937783161544899,55182,-129.1025175244067,1.5488809909733745,1
6997,-45.83766817058832,-13.933498480601148,55194,-49.93530245157272,-0.19848027172185767,2
6998,-146.23990061029141,4.839746200985769,55197,-146.59606179012786,4.113086925586259,4
6999,-129.12953727816796,3.72895345729628,55211,-129.1025175244067,1.5488809909733745,1
7000,760.3456806626232,-31.13359584855874,55226,861.6475783799328,6.515082937232454,35
7001,236.44839958949208,6.973962471214388,55228,227.03647807555316,-5.020718083634986,26
7002,197.57918238224065,3.9638032753871055,55229,172.66355239880147,-2.7112682595768685,38
7003,93.17879304811643,6.363044088071207,55236,104.96211155305676,-0.5414592591613776,31
7004,-38.543319725734264,-2.9721671701397767,55240,-29.714479793685786,-1.264748112657314,8
7005,-54.10081116804302,5.910471300750543,55248,-49.93530245157272,-0.19848027172185767,2
7006,108.1648430100865,6.9188895902642935,55249,104.96211155305676,-0.5414592591613776,31
7007,-133.7536786204155,-2.526902473134077,55266,-134.89656831690453,-0.030690791204986433,34
7008,34.30270400160732,-26.808207562248914,55275,28.39696760572947,-22.91072472808294,12
7009,115.54069566338272,1.8844584729572889,55288,104.96211155305676,-0.5414592591613776,31
7010,-130.34685973134714,-9.337188509808938,55302,-130.75996572568545,-6.6137591708523855,18
7011,-136.23802963149126,5.4783668536365555,55322,-137.57400940459857,4.493303950559668,20
7012,-36.19034278379979,-7.078539071048164,55338,-29.714479793685786,-1.264748112657314,8
7013,-75.86195221559443,1.328800315622856,55341,-77.6204452281073,-4.536559244831727,5
7014,163.47597890335877,-10.607505960359255,55349,172.66355239880147,-2.7112682595768685,38
7015,-61.814972525878346,0.5336095554721931,55357,-66.8889597803445,2.169628081691683,14
7016,-140.8667454249346,-1.2036726743957193,55378,-141.0346653257256,-1.1036168920026446,0
7017,306.05362635878595,15.239230214875102,55388,302.44973475302317,-5.405747081354008,25
7018,-102.99315367827553,2.1852497626690734,55394,-104.7190727296112,3.8815952186994593,7
7019,-149.33040148819273,6.794036315127975,55408,-146.59606179012786,4.113086925586259,4
7020,-68.5770321184139,-3.2490297407028486,55417,-66.8889597803445,2.169628081691683,14
7021,-152.16175486415597,4.066296900412329,55431,-152.23629829764135,4.213482038439798,37
7022,-103.9432200432655,1.0880754189409703,55432,-104.7190727296112,3.8815952186994593,7
7023,-47.036594350886446,4.117918566215879,55436,-49.93530245157272,-0.19848027172185767,2
7024,-44.81517952992877,1.3490634117922664,55443,-49.93530245157272,-0.19848027172185767,2
7025,-50.027652806083566,-10.874943600870072,55448,-49.93530245157272,-0.19848027172185767,2
7026,72.52964888004864,-14.348872414687392,55451,70.166569844569,-14.692630117552799,9
7027,-115.86231767376063,-0.8839945848314892,55455,-118.09857507912784,0.7103841694799473,11
7028,-70.41279466917342,10.414167594987598,55463,-66.8889597803445,2.169628081691683,14
7029,103.57194826895446,-28.4517532966411,55469,110.19899446847099,-35.665903512662624,21
7030,-127.85527145567647,-2.272729453412921,55484,-123.94204162798616,-1.5144507595891967,3
7031,-102.17852588929864,5.770864840504125,55512,-104.7190727296112,3.8815952186994593,7
7032,-74.9660509314173,3.121406080581964,55515,-77.6204452281073,-4.536559244831727,5
7033,-106.98073834233834,0.343866797889186,55524,-109.71624596876933,-1.0040630408538558,16
7034,5.744793297586923,10.805940653193582,55525,18.937510567705566,1.034768221250525,27
7035,-94.67128332054362,-3.1591199694257455,55530,-96.6939343764425,2.7165835152131033,15
7036,-24.053359795567008,-9.352775831614737,55556,-29.714479793685786,-1.264748112657314,8
7037,37.772369608234264,-3.992308050434498,55557,47.997068783449585,1.2679199422360634,13
7038,-136.35717204853418,7.5641463155442565,55571,-137.57400940459857,4.493303950559668,20
7039,95.73882812961145,-16.475208015510606,55577,104.96211155305676,-0.5414592591613776,31
7040,44.07594069092084,5.737350416356825,55585,47.997068783449585,1.2679199422360634,13
7041,-86.07489995210557,4.287744876877885,55605,-85.91178621041317,3.2728237667350073,24
7042,492.6307440463246,-30.232192030001453,55607,417.6915390220547,-4.11857226961515,29
7043,-66.9224239903682,2.296805389327392,55612,-66.8889597803445,2.169628081691683,14
7044,299.1229099159757,-15.32769554303125,55630,302.44973475302317,-5.405747081354008,25
7045,-139.21921594751853,5.533858275958491,55640,-137.57400940459857,4.493303950559668,20
7046,-102.94917018306359,2.279537981650718,55692,-104.7190727296112,3.8815952186994593,7
7047,-70.90097512667529,1.7503436201645612,55696,-66.8889597803445,2.169628081691683,14
7048,289.2648386043692,10.858700955279538,55709,302.44973475302317,-5.405747081354008,25
7049,-121.09065790978688,1.984564429209975,55717,-118.09857507912784,0.7103841694799473,11
7050,-39.042142567114475,5.885598691372292,55720,-29.714479793685786,-1.264748112657314,8
7051,-124.05871720988688,1.76852123825786,55732,-123.94204162798616,-1.5144507595891967,3
7052,53.87326156198399,-5.9306565577853005,55733,47.997068783449585,1.2679199422360634,13
7053,-138.24395530223345,5.567987990298044,55734,-137.57400940459857,4.493303950559668,20
7054,433.0944793442995,4.329010188994994,55741,417.6915390220547,-4.11857226961515,29
7055,34.34773120718294,0.6393082980582452,55760,47.997068783449585,1.2679199422360634,13
7056,-94.38760206923851,9.439357627965563,55761,-96.6939343764425,2.7165835152131033,15
7057,-119.16810351817026,3.718803529545003,55767,-118.09857507912784,0.7103841694799473,11
7058,-114.17142560904301,5.408350572763943,55769,-114.33047638704419,5.73481138949136,19
7059,-83.09235948673668,4.202660247142092,55773,-85.91178621041317,3.2728237667350073,24
7060,-107.83401213181716,-0.3248277505563555,55774,-109.71624596876933,-1.0040630408538558,16
7061,-130.19366950622376,4.088830992698407,55776,-132.1080396739421,5.887059356646324,17
7062,-90.04609391068452,-11.13123597765887,55813,-95.36861679384212,-10.95784818293233,28
7063,-138.3500371776426,7.3625930939635325,55816,-137.57400940459857,4.493303950559668,20
7064,741.4043341837122,-32.73782356239093,55827,861.6475783799328,6.515082937232454,35
7065,-137.2303307891874,4.7635824431757205,55828,-137.57400940459857,4.493303950559668,20
7066,-93.86778920173654,-0.40123185208852796,55830,-96.6939343764425,2.7165835152131033,15
7067,630.6459622815404,-39.894652429220045,55831,586.0312761189704,-1.722944617346204,30
7068,-141.86381336166482,-0.7790372876408188,55833,-141.0346653257256,-1.1036168920026446,0
7069,308.11890960102266,-15.092169732252659,55835,302.44973475302317,-5.405747081354008,25
7070,-123.97024275024671,1.3604309934858365,55842,-123.94204162798616,-1.5144507595891967,3
7071,24.41024470488016,-14.075841867930261,55849,28.39696760572947,-22.91072472808294,12
7072,-153.24943947071122,4.928238624048411,55869,-152.23629829764135,4.213482038439798,37
7073,-140.12132493013792,2.3439077349329756,55881,-137.57400940459857,4.493303950559668,20
7074,-91.89405144207113,0.2061398575803273,55886,-96.6939343764425,2.7165835152131033,15
7075,-82.76655414949946,-0.8755899826819229,55893,-85.91178621041317,3.2728237667350073,24
7076,48.82213424460433,-5.410245529699695,55901,47.997068783449585,1.2679199422360634,13
7077,451.5621436196548,12.196340223513726,55914,417.6915390220547,-4.11857226961515,29
7078,-109.28235881503929,6.396771584154455,55915,-114.33047638704419,5.73481138949136,19
7079,-136.24455452738138,5.625145064221379,55928,-137.57400940459857,4.493303950559668,20
7080,117.94084410364168,10.94444584323972,55934,104.96211155305676,-0.5414592591613776,31
7081,-145.10039617158904,1.7993938150083004,55974,-146.59606179012786,4.113086925586259,4
7082,59.360420330333895,1.8150019879132762,55975,47.997068783449585,1.2679199422360634,13
7083,-81.59626981338027,-18.295001031635515,55991,-77.6204452281073,-4.536559244831727,5
7084,-136.4855613189636,-5.875594827118826,56008,-130.75996572568545,-6.6137591708523855,18
7085,-31.40774519096437,-33.21917441571787,56014,-29.714479793685786,-1.264748112657314,8
7086,-130.99090096146594,1.1572136323393813,56028,-129.1025175244067,1.5488809909733745,1
7087,-101.73204834828374,-3.4922849613236764,56037,-104.7190727296112,3.8815952186994593,7
7088,-70.86467382697111,0.963343860529954,56039,-66.8889597803445,2.169628081691683,14
7089,212.3373859162721,-6.766953101412726,56045,227.03647807555316,-5.020718083634986,26
7090,-93.8725028205329,-0.7792541352571029,56051,-96.6939343764425,2.7165835152131033,15
7091,-138.90221812826752,-0.3869855062474374,56052,-141.0346653257256,-1.1036168920026446,0
7092,345.38017843735565,-2.887799072594205,56064,302.44973475302317,-5.405747081354008,25
7093,-56.54539267179353,-3.744767579357016,56078,-49.93530245157272,-0.19848027172185767,2
7094,243.8355623705378,1.692442045191152,56100,227.03647807555316,-5.020718083634986,26
7095,-33.76799955919999,0.49644070442101074,56104,-29.714479793685786,-1.264748112657314,8
7096,859.169813360674,32.264137436387514,56106,861.6475783799328,6.515082937232454,35
7097,-146.1676500775053,3.2600593992431004,56108,-146.59606179012786,4.113086925586259,4
7098,6.78499463957115,9.427477737406816,56111,18.937510567705566,1.034768221250525,27
7099,-116.19161892439853,5.319009041386048,56113,-114.33047638704419,5.73481138949136,19
7100,-87.0249087336039,3.1676245824430214,56128,-85.91178621041317,3.2728237667350073,24
7101,-104.89032288930231,0.9550904194971322,56136,-104.7190727296112,3.8815952186994593,7
7102,-54.09168005513943,-9.526503399326694,56164,-49.93530245157272,-0.19848027172185767,2
7103,4.672855790171642,-4.412274418239785,56165,-6.878718007946434,-1.0926682779646681,10
7104,-12.491816213738106,-16.85116610243123,56180,-6.878718007946434,-1.0926682779646681,10
7105,-28.74447433897511,0.050212833433271806,56181,-29.714479793685786,-1.264748112657314,8
7106,-27.451968665238663,-4.788803574724582,56188,-29.714479793685786,-1.264748112657314,8
7107,-102.98388023970759,0.9699071679120113,56195,-104.7190727296112,3.8815952186994593,7
7108,-144.13206135394188,4.046919453296578,56199,-142.14616351708418,5.245197398204194,22
7109,19.996476414280924,7.070334221487998,56206,18.937510567705566,1.034768221250525,27
7110,150.92112579943628,-2.764044157730335,56212,135.4076551174278,-1.697351881935795,33
7111,-54.859693260301675,2.1495450095010575,56213,-49.93530245157272,-0.19848027172185767,2
7112,1185.399962416639,39.87470313245779,56220,1342.5649032771717,32.04824045393157,32
7113,-24.48680955989252,-17.687290992142227,56221,-29.714479793685786,-1.264748112657314,8
7114,-147.01780724602776,2.000596726601538,56224,-146.59606179012786,4.113086925586259,4
7115,346.7930990711229,5.373780398569822,56229,302.44973475302317,-5.405747081354008,25
7116,-112.253788180405,6.240652946223009,56238,-114.33047638704419,5.73481138949136,19
7117,-18.49435833400883,-3.1821993283250625,56253,-29.714479793685786,-1.264748112657314,8
7118,-144.9705684120232,0.4923787766595073,56284,-148.09620948762597,-1.1157003398540595,36
7119,-133.26425448877833,6.087319979527974,56290,-132.1080396739421,5.887059356646324,17
7120,381.78516568068653,-7.567857458031112,56296,417.6915390220547,-4.11857226961515,29
7121,-90.79158455578504,-0.4624267889336936,56324,-85.91178621041317,3.2728237667350073,24
7122,-66.79322455061433,-0.5385718039444786,56328,-66.8889597803445,2.169628081691683,14
7123,129.0163346402567,-19.44690339470877,56331,135.4076551174278,-1.697351881935795,33
7124,18.042653596685795,5.004676745562977,56366,18.937510567705566,1.034768221250525,27
7125,-84.30967611665773,-6.812322000381236,56386,-77.6204452281073,-4.536559244831727,5
7126,179.76523762379347,-14.125878299495882,56391,172.66355239880147,-2.7112682595768685,38
7127,359.9773513176125,3.614579362787523,56401,417.6915390220547,-4.11857226961515,29
7128,226.43579365390175,7.088902324841696,56405,227.03647807555316,-5.020718083634986,26
7129,516.9553505800175,24.01968418768217,56409,586.0312761189704,-1.722944617346204,30
7130,-114.97490042616951,1.6315706896779738,56410,-118.09857507912784,0.7103841694799473,11
7131,-25.081815715251906,6.989796572653966,56420,-29.714479793685786,-1.264748112657314,8
7132,-151.0255249242975,0.03966323270799471,56424,-148.09620948762597,-1.1157003398540595,36
7133,228.76703767385288,1.9079876135110396,56425,227.03647807555316,-5.020718083634986,26
7134,475.2293494575759,18.355800591511038,56438,417.6915390220547,-4.11857226961515,29
7135,-69.32120484234169,-6.305444309338088,56439,-77.6204452281073,-4.536559244831727,5
7136,-75.05214707259366,3.4609523803310225,56456,-66.8889597803445,2.169628081691683,14
7137,56.04464923483835,7.146387310240911,56461,47.997068783449585,1.2679199422360634,13
7138,483.8542019338601,9.425265798714987,56487,417.6915390220547,-4.11857226961515,29
7139,-110.77033906278628,-0.740561486848143,56490,-109.71624596876933,-1.0040630408538558,16
7140,-35.90215629979269,3.395311081187738,56494,-29.714479793685786,-1.264748112657314,8
7141,-111.07758816645907,2.921095706547117,56495,-109.71624596876933,-1.0040630408538558,16
7142,118.68302786783315,-0.160894422496807,56506,104.96211155305676,-0.5414592591613776,31
7143,-43.53792723122681,-3.1647765924569597,56513,-49.93530245157272,-0.19848027172185767,2
7144,150.55900363668016,2.584656818150686,56523,135.4076551174278,-1.697351881935795,33
7145,-121.48655504133274,-6.125318729050284,56533,-123.94204162798616,-1.5144507595891967,3
7146,132.9458437100105,10.592324102968854,56548,135.4076551174278,-1.697351881935795,33
7147,-88.08205420447194,4.4056696882131146,56555,-85.91178621041317,3.2728237667350073,24
7148,556.1729572326813,21.976440805826847,56556,586.0312761189704,-1.722944617346204,30
7149,-41.28795777383795,9.689673442312804,56559,-49.93530245157272,-0.19848027172185767,2
7150,365.7833371256033,6.430820484759969,56566,417.6915390220547,-4.11857226961515,29
7151,-133.92505416557364,-0.3088562612123785,56568,-134.89656831690453,-0.030690791204986433,34
7152,-101.95096871099727,-0.24397768451465413,56579,-104.7190727296112,3.8815952186994593,7
7153,-72.12677337558874,5.154773472712148,56580,-66.8889597803445,2.169628081691683,14
7154,67.36377463508754,2.8982367272345915,56592,78.01149217232324,3.6022338347977136,6
7155,5.383471588351419,-0.12118561985337722,56594,-6.878718007946434,-1.0926682779646681,10
7156,5.89688122117187,-36.70266909003287,56603,28.39696760572947,-22.91072472808294,12
7157,-114.29691686294366,7.145460129804462,56612,-114.33047638704419,5.73481138949136,19
7158,22.34283831082844,-13.16416720336229,56617,28.39696760572947,-22.91072472808294,12
7159,-46.787693015832645,1.2140958427644302,56618,-49.93530245157272,-0.19848027172185767,2
7160,-113.13756792459387,4.679234563017315,56625,-114.33047638704419,5.73481138949136,19
7161,-132.80029402805383,-3.0315455816912453,56631,-134.89656831690453,-0.030690791204986433,34
7162,10.23879020328612,2.103447658162359,56634,18.937510567705566,1.034768221250525,27
7163,-125.91455238388313,-0.920282245338102,56643,-123.94204162798616,-1.5144507595891967,3
7164,-138.2135605309303,4.4005117483049245,56648,-137.57400940459857,4.493303950559668,20
7165,-83.57736708160144,-4.015947665367001,56649,-77.6204452281073,-4.536559244831727,5
7166,76.09222396689705,-7.779060625400939,56671,70.166569844569,-14.692630117552799,9
7167,-139.9850730293675,-0.12066131938188829,56682,-141.0346653257256,-1.1036168920026446,0
7168,-50.36017331619104,-20.362826069874835,56689,-49.93530245157272,-0.19848027172185767,2
7169,-53.91272022018962,2.300602720153791,56690,-49.93530245157272,-0.19848027172185767,2
7170,-142.99250199534796,-0.5093535806568967,56691,-141.0346653257256,-1.1036168920026446,0
7171,-77.85302559689465,0.5829919989731097,56703,-77.6204452281073,-4.536559244831727,5
7172,-49.00387861400745,4.394855451245392,56707,-49.93530245157272,-0.19848027172185767,2
7173,73.07408420702058,-7.95831537563738,56711,70.166569844569,-14.692630117552799,9
7174,-92.70436530254511,-1.3774481472306686,56726,-96.6939343764425,2.7165835152131033,15
7175,-78.7445793419878,-1.2701663818452251,56732,-77.6204452281073,-4.536559244831727,5
7176,-105.95132258345292,1.2474759327341212,56734,-104.7190727296112,3.8815952186994593,7
7177,98.14585306263922,-8.086386096071376,56744,104.96211155305676,-0.5414592591613776,31
7178,218.42670302877124,-22.31277757692729,56756,227.03647807555316,-5.020718083634986,26
7179,188.73506438612196,-13.30640332862743,56768,172.66355239880147,-2.7112682595768685,38
7180,-142.34671272483405,7.262726441031307,56771,-142.14616351708418,5.245197398204194,22
7181,-145.33774296547784,6.986491079730545,56774,-146.59606179012786,4.113086925586259,4
7182,-63.549150157825046,-3.7859506519816386,56780,-66.8889597803445,2.169628081691683,14
7183,96.36318671353845,3.4012880458249457,56785,104.96211155305676,-0.5414592591613776,31
7184,-16.923330286608003,4.697231613432077,56795,-6.878718007946434,-1.0926682779646681,10
7185,-143.34412477411564,7.179464113319134,56800,-142.14616351708418,5.245197398204194,22
7186,50.07420011891269,5.8807507746868195,56808,47.997068783449585,1.2679199422360634,13
7187,-79.27000937019093,8.164019769062667,56809,-85.91178621041317,3.2728237667350073,24
7188,12.555185891801557,-2.2080286321484084,56819,18.937510567705566,1.034768221250525,27
7189,-75.07363877909971,4.9609599287735975,56823,-66.8889597803445,2.169628081691683,14
7190,406.8500070652887,-7.537583501085994,56833,417.6915390220547,-4.11857226961515,29
7191,34.236609645701186,2.044976806567427,56834,47.997068783449585,1.2679199422360634,13
7192,246.43471660051353,-21.504624762863358,56835,227.03647807555316,-5.020718083634986,26
7193,-107.44363239172831,-5.792416190519245,56842,-109.71624596876933,-1.0040630408538558,16
7194,-132.1727135667989,3.5997879464640006,56847,-132.1080396739421,5.887059356646324,17
7195,15.30339396077018,-12.922765941341622,56852,18.937510567705566,1.034768221250525,27
7196,-92.89566420972636,0.7666202430769963,56855,-96.6939343764425,2.7165835152131033,15
7197,-119.17913018733704,4.983714771271196,56860,-118.09857507912784,0.7103841694799473,11
7198,-129.37548149352725,8.100937766095205,56874,-132.1080396739421,5.887059356646324,17
7199,1256.1911607046973,2.499657361527017,56886,1342.5649032771717,32.04824045393157,32
7200,80.52366326761378,-0.38270653153123196,56890,78.01149217232324,3.6022338347977136,6
7201,-56.02461877245652,4.7123812897283095,56891,-49.93530245157272,-0.19848027172185767,2
7202,-116.09137547584714,4.140198467937727,56893,-114.33047638704419,5.73481138949136,19
7203,-114.2277748538067,5.61322583773701,56898,-114.33047638704419,5.73481138949136,19
7204,39.81370088547322,8.846603052022004,56900,47.997068783449585,1.2679199422360634,13
7205,312.4592921354117,9.547907750377925,56905,302.44973475302317,-5.405747081354008,25
7206,-146.06523218766947,1.5227773981933077,56918,-146.59606179012786,4.113086925586259,4
7207,-102.91628552054527,1.0472162286278814,56928,-104.7190727296112,3.8815952186994593,7
7208,-123.75791851991208,-2.268015553029585,56930,-123.94204162798616,-1.5144507595891967,3
7209,133.17990142828145,-21.920160100164004,56931,135.4076551174278,-1.697351881935795,33
7210,-1.3116926316480098,-4.856117851230557,56949,-6.878718007946434,-1.0926682779646681,10
7211,-75.03106838816714,2.994017069691078,56960,-77.6204452281073,-4.536559244831727,5
7212,-45.18876669863037,-7.773534075752363,56964,-49.93530245157272,-0.19848027172185767,2
7213,-95.61261622579221,-3.4458491830346616,57014,-96.6939343764425,2.7165835152131033,15
7214,60.373477636160715,2.057777308383989,57025,47.997068783449585,1.2679199422360634,13
7215,-153.2511843225899,5.470588656203284,57026,-152.23629829764135,4.213482038439798,37
7216,-90.71105487388125,-1.7127961993809742,57033,-85.91178621041317,3.2728237667350073,24
7217,-105.92341528414723,1.6623483378556785,57041,-104.7190727296112,3.8815952186994593,7
7218,-101.05816447683875,3.1500971760241856,57048,-104.7190727296112,3.8815952186994593,7
7219,-123.13281990152343,3.3973035948073687,57058,-123.80894152337959,5.566802721935252,23
7220,-79.88704731796638,-0.24224700905678898,57072,-77.6204452281073,-4.536559244831727,5
7221,337.6025942237862,8.383516221488524,57096,302.44973475302317,-5.405747081354008,25
7222,175.35188461924426,6.512356714847894,57103,172.66355239880147,-2.7112682595768685,38
7223,-76.14316997368141,4.3986620595790615,57105,-77.6204452281073,-4.536559244831727,5
7224,-111.07571330156475,1.8351209844519434,57126,-109.71624596876933,-1.0040630408538558,16
7225,109.163054904215,-7.752896391300923,57128,104.96211155305676,-0.5414592591613776,31
7226,-131.20936929911053,4.932344768477831,57131,-132.1080396739421,5.887059356646324,17
7227,-24.0975032734862,5.817448654740519,57133,-29.714479793685786,-1.264748112657314,8
7228,-123.58694108567668,-3.9654740889514764,57136,-123.94204162798616,-1.5144507595891967,3
7229,-97.71375463632532,-2.286443594998911,57141,-96.6939343764425,2.7165835152131033,15
7230,-92.95482799170912,2.566691140468919,57150,-96.6939343764425,2.7165835152131033,15
7231,32.584513730988526,-16.230804341499265,57170,28.39696760572947,-22.91072472808294,12
7232,-112.71136098954108,-3.0905917445267264,57180,-109.71624596876933,-1.0040630408538558,16
7233,-65.2644868360549,7.755473081185603,57183,-66.8889597803445,2.169628081691683,14
7234,-40.07020014852873,4.455183488643149,57191,-49.93530245157272,-0.19848027172185767,2
7235,-83.74444100964062,-1.3761047420985817,57197,-85.91178621041317,3.2728237667350073,24
7236,-136.05950989949918,1.0714461420795676,57234,-134.89656831690453,-0.030690791204986433,34
7237,-95.82113405219098,-1.4476056584251447,57240,-96.6939343764425,2.7165835152131033,15
7238,-74.08026256965798,4.607304019281945,57241,-66.8889597803445,2.169628081691683,14
7239,-108.50651153159872,-5.969499841541752,57244,-109.71624596876933,-1.0040630408538558,16
7240,-117.18467508428583,5.651898076527185,57247,-114.33047638704419,5.73481138949136,19
7241,-65.20335435394689,6.945686906189962,57250,-66.8889597803445,2.169628081691683,14
7242,-133.36515080715097,7.80662561198196,57251,-132.1080396739421,5.887059356646324,17
7243,-92.97432238561308,0.4230149355665859,57253,-96.6939343764425,2.7165835152131033,15
7244,-88.79188507550312,-0.4422634180901096,57265,-85.91178621041317,3.2728237667350073,24
7245,709.7759673316913,-10.420678081973234,57267,586.0312761189704,-1.722944617346204,30
7246,-140.34981146199073,7.340208021016443,57285,-142.14616351708418,5.245197398204194,22
7247,307.0987784231759,-28.881824622271772,57287,302.44973475302317,-5.405747081354008,25
7248,-137.09968420908746,1.9295688322343811,57290,-137.57400940459857,4.493303950559668,20
7249,-135.01861637766672,1.7314510090400426,57293,-134.89656831690453,-0.030690791204986433,34
7250,-101.70381750609658,-2.57285012477164,57296,-104.7190727296112,3.8815952186994593,7
7251,-145.0254615191191,1.1995679242544188,57301,-146.59606179012786,4.113086925586259,4
7252,-131.05588847319353,2.071640337154304,57302,-129.1025175244067,1.5488809909733745,1
7253,-153.04885591034227,1.0436382880480073,57313,-152.23629829764135,4.213482038439798,37
7254,522.8043093417698,-17.262152537198144,57315,586.0312761189704,-1.722944617346204,30
7255,-82.38967145410639,9.709668310861337,57321,-85.91178621041317,3.2728237667350073,24
7256,-72.70669591019788,-2.0120006804485455,57325,-77.6204452281073,-4.536559244831727,5
7257,-65.07255704856628,4.6036484944211615,57327,-66.8889597803445,2.169628081691683,14
7258,173.85726511997987,13.222921731537943,57330,172.66355239880147,-2.7112682595768685,38
7259,-147.33265219084882,6.835919857211735,57332,-146.59606179012786,4.113086925586259,4
7260,-109.22009488439392,5.013199066010016,57336,-104.7190727296112,3.8815952186994593,7
7261,-97.44932092216807,10.254991515371083,57345,-96.6939343764425,2.7165835152131033,15
7262,-65.91887628794866,2.225286715010452,57346,-66.8889597803445,2.169628081691683,14
7263,-138.01213966578365,0.49853852218168393,57351,-134.89656831690453,-0.030690791204986433,34
7264,203.2067844910998,-34.02217012766973,57364,227.03647807555316,-5.020718083634986,26
7265,-64.1231733031791,5.198890702541826,57392,-66.8889597803445,2.169628081691683,14
7266,69.33358346403168,3.5929292377741193,57414,78.01149217232324,3.6022338347977136,6
7267,-60.175034834468136,6.913086817670967,57423,-66.8889597803445,2.169628081691683,14
7268,-129.01601870536345,0.18941431365955988,57427,-129.1025175244067,1.5488809909733745,1
7269,-133.360613429586,-8.06250266645005,57430,-130.75996572568545,-6.6137591708523855,18
7270,-142.69441414226947,-3.9841492407741628,57435,-141.0346653257256,-1.1036168920026446,0
7271,-74.06760083592974,3.8054240831184094,57437,-66.8889597803445,2.169628081691683,14
7272,-137.08602435423066,3.1664701028847384,57439,-137.57400940459857,4.493303950559668,20
7273,-116.06001096634627,1.915781780721071,57443,-118.09857507912784,0.7103841694799473,11
7274,309.01579448312987,-13.332105209547564,57469,302.44973475302317,-5.405747081354008,25
7275,-50.17785379377065,7.139947004622246,57471,-49.93530245157272,-0.19848027172185767,2
7276,-123.19667672362662,5.296879465695911,57473,-123.80894152337959,5.566802721935252,23
7277,38.53651187494724,-0.8545520826271426,57475,47.997068783449585,1.2679199422360634,13
7278,-146.13079338135108,3.475384602970427,57504,-146.59606179012786,4.113086925586259,4
7279,-142.12163390063708,2.325304219971717,57510,-142.14616351708418,5.245197398204194,22
7280,-64.8043040834109,-14.978130578870275,57511,-77.6204452281073,-4.536559244831727,5
7281,624.369460566575,-7.556758630870057,57512,586.0312761189704,-1.722944617346204,30
7282,-33.39311142934595,-5.145713090129133,57513,-29.714479793685786,-1.264748112657314,8
7283,533.9279036324909,-32.971369912389754,57518,586.0312761189704,-1.722944617346204,30
7284,239.59284951930084,4.883820920229867,57522,227.03647807555316,-5.020718083634986,26
7285,126.03544784258051,-19.922202742238767,57523,135.4076551174278,-1.697351881935795,33
7286,-102.18237741131375,4.829491089982694,57527,-104.7190727296112,3.8815952186994593,7
7287,302.4780977996162,-5.77070062063899,57545,302.44973475302317,-5.405747081354008,25
7288,-36.81465222428723,1.9826076436290856,57550,-29.714479793685786,-1.264748112657314,8
7289,-102.17668888528635,5.215321738762615,57554,-104.7190727296112,3.8815952186994593,7
7290,-61.07303447059286,5.195260681161282,57557,-66.8889597803445,2.169628081691683,14
7291,-140.9161123916201,0.3831798677312705,57586,-141.0346653257256,-1.1036168920026446,0
7292,-146.9609078950377,0.25868791362544513,57614,-148.09620948762597,-1.1157003398540595,36
7293,52.68593828035435,-17.597008611604934,57617,70.166569844569,-14.692630117552799,9
7294,-103.72976969122968,-2.541394570869548,57620,-109.71624596876933,-1.0040630408538558,16
7295,-76.79645280774066,-1.1386170616908564,57630,-77.6204452281073,-4.536559244831727,5
7296,-100.9258139626033,0.7721270164892795,57642,-96.6939343764425,2.7165835152131033,15
7297,-72.24984011312854,-22.64021404958134,57645,-77.6204452281073,-4.536559244831727,5
7298,-134.12743097037966,2.5723699693199333,57650,-134.89656831690453,-0.030690791204986433,34
7299,-117.04952173592334,2.6765343136706146,57666,-118.09857507912784,0.7103841694799473,11
7300,-95.41783768666126,-6.681937034536305,57673,-95.36861679384212,-10.95784818293233,28
7301,-153.91126979393889,-2.4880564364222746,57675,-148.09620948762597,-1.1157003398540595,36
7302,-94.02170997895347,1.941961772073864,57676,-96.6939343764425,2.7165835152131033,15
7303,-52.94950639577199,2.615579663586537,57687,-49.93530245157272,-0.19848027172185767,2
7304,117.8891248883299,-3.6572700507320772,57698,104.96211155305676,-0.5414592591613776,31
7305,146.00205675520186,-33.573018515314054,57701,135.4076551174278,-1.697351881935795,33
7306,-24.39036218381563,-5.06474988299203,57705,-29.714479793685786,-1.264748112657314,8
7307,-12.980055466234289,4.477246464431282,57707,-6.878718007946434,-1.0926682779646681,10
7308,137.1565857520718,-6.629870661428322,57711,135.4076551174278,-1.697351881935795,33
7309,-122.13607102852956,3.4804622320253475,57721,-123.80894152337959,5.566802721935252,23
7310,23.534913414770216,-1.579006558931434,57722,18.937510567705566,1.034768221250525,27
7311,-141.1032309597771,1.9285505728598402,57743,-141.0346653257256,-1.1036168920026446,0
7312,-112.31300858577188,6.985478462662885,57746,-114.33047638704419,5.73481138949136,19
7313,-129.97236220332053,-0.22548370681498425,57748,-129.1025175244067,1.5488809909733745,1
7314,109.94185869869318,10.286795386359762,57759,104.96211155305676,-0.5414592591613776,31
7315,-123.8314793424572,-1.1595748081892934,57796,-123.94204162798616,-1.5144507595891967,3
7316,-146.12159101267326,2.743950496979033,57802,-146.59606179012786,4.113086925586259,4
7317,-125.0731982816548,1.5445720836796482,57816,-123.94204162798616,-1.5144507595891967,3
7318,-21.683921627421853,0.37924932410867385,57823,-29.714479793685786,-1.264748112657314,8
7319,-84.65058827521585,-1.3990022417657668,57848,-85.91178621041317,3.2728237667350073,24
7320,-119.49369927073631,-6.4586295145145245,57867,-115.69510858146283,-11.595084171039186,39
7321,54.18433503453315,5.068907340583846,57869,47.997068783449585,1.2679199422360634,13
7322,-88.18647521601348,6.191916951090109,57875,-85.91178621041317,3.2728237667350073,24
7323,-111.41699151759288,9.317066319626312,57879,-114.33047638704419,5.73481138949136,19
7324,-138.15796479489825,3.1795298911760477,57885,-137.57400940459857,4.493303950559668,20
7325,-42.010274470407005,4.615585740864649,57888,-49.93530245157272,-0.19848027172185767,2
7326,-95.10085059234325,3.6764254473057307,57893,-96.6939343764425,2.7165835152131033,15
7327,397.38430392002545,-1.1007863436706098,57897,417.6915390220547,-4.11857226961515,29
7328,-144.26555558665885,5.959960332236774,57899,-142.14616351708418,5.245197398204194,22
7329,-74.6866293730062,-2.4995924987237395,57916,-77.6204452281073,-4.536559244831727,5
7330,45.56336233834586,-30.27278878610593,57938,28.39696760572947,-22.91072472808294,12
7331,-106.26797071846627,6.145413712957066,57950,-104.7190727296112,3.8815952186994593,7
7332,-99.86691250682092,0.0012649817643383661,57953,-96.6939343764425,2.7165835152131033,15
7333,624.4587915247987,19.94337991902468,57954,586.0312761189704,-1.722944617346204,30
7334,-118.68250437623261,-2.811428666707878,57960,-118.09857507912784,0.7103841694799473,11
7335,11.619163994672121,11.602341460573767,57964,18.937510567705566,1.034768221250525,27
7336,-120.1451407290211,3.7187859953100038,57982,-118.09857507912784,0.7103841694799473,11
7337,-92.91562301868518,1.705908916164251,57991,-96.6939343764425,2.7165835152131033,15
7338,-85.02165829288538,3.141555108963185,57994,-85.91178621041317,3.2728237667350073,24
7339,44.87542867541902,-5.605629170188378,58015,47.997068783449585,1.2679199422360634,13
7340,-131.42646907691775,-6.579839471361905,58025,-130.75996572568545,-6.6137591708523855,18
7341,-40.35194812107045,10.104176607212535,58026,-49.93530245157272,-0.19848027172185767,2
7342,-140.03311800387777,1.9381394007198736,58031,-141.0346653257256,-1.1036168920026446,0
7343,-10.518801610981814,-2.0091335617688006,58039,-6.878718007946434,-1.0926682779646681,10
7344,-7.085649137029641,6.8810881567700175,58041,-6.878718007946434,-1.0926682779646681,10
7345,-106.96418739925852,1.4985229950464083,58045,-104.7190727296112,3.8815952186994593,7
7346,95.55408232460594,16.503752842684666,58055,104.96211155305676,-0.5414592591613776,31
7347,24.88079519776626,-6.580853053701922,58064,18.937510567705566,1.034768221250525,27
7348,-32.882201427790775,3.0177990506471097,58066,-29.714479793685786,-1.264748112657314,8
7349,-125.17756564367257,4.859233419089226,58088,-123.80894152337959,5.566802721935252,23
7350,-60.780714738357915,0.8353706805775185,58102,-66.8889597803445,2.169628081691683,14
7351,-125.21519722972229,4.679784280246964,58109,-123.80894152337959,5.566802721935252,23
7352,-134.95457148007927,0.3080577191015031,58113,-134.89656831690453,-0.030690791204986433,34
7353,-141.24642170574657,5.059238527468222,58116,-142.14616351708418,5.245197398204194,22
7354,-155.07979037711547,1.1626784365533103,58118,-152.23629829764135,4.213482038439798,37
7355,-69.08376379137822,4.260116683596996,58124,-66.8889597803445,2.169628081691683,14
7356,-86.88312080737438,1.606002177022137,58128,-85.91178621041317,3.2728237667350073,24
7357,-48.72029429701428,-0.2920573936112011,58132,-49.93530245157272,-0.19848027172185767,2
7358,-143.13074305067252,2.4887679482976974,58137,-142.14616351708418,5.245197398204194,22
7359,-28.140034469799254,-7.5244599332299416,58140,-29.714479793685786,-1.264748112657314,8
7360,-118.84799073205758,-0.2166494768338828,58156,-118.09857507912784,0.7103841694799473,11
7361,-110.0808793659579,1.9691946670207652,58166,-109.71624596876933,-1.0040630408538558,16
7362,-104.01847456374632,2.2266471679559765,58183,-104.7190727296112,3.8815952186994593,7
7363,-76.83508448934423,0.7278545757720892,58193,-77.6204452281073,-4.536559244831727,5
7364,-132.28776287618453,6.643426238676864,58198,-132.1080396739421,5.887059356646324,17
7365,23.74946873466635,-19.46734523580508,58213,28.39696760572947,-22.91072472808294,12
7366,-75.82796934705397,1.1014146134751177,58231,-77.6204452281073,-4.536559244831727,5
7367,-119.87100792768996,0.26357572663306883,58243,-118.09857507912784,0.7103841694799473,11
7368,-113.80919688357936,-0.9637893598646192,58251,-109.71624596876933,-1.0040630408538558,16
7369,-137.75190524391638,-2.1334331370968354,58253,-141.0346653257256,-1.1036168920026446,0
7370,-128.1210294271114,2.5158469782247823,58255,-129.1025175244067,1.5488809909733745,1
7371,12.65336995888516,-4.3684360329907665,58257,18.937510567705566,1.034768221250525,27
7372,-131.0423646683262,2.3034640820490457,58259,-129.1025175244067,1.5488809909733745,1
7373,-139.1573616337011,3.6636368648058353,58269,-137.57400940459857,4.493303950559668,20
7374,-31.224568938696013,8.502057614118216,58302,-29.714479793685786,-1.264748112657314,8
7375,-114.90776790938385,0.6493721090681733,58307,-118.09857507912784,0.7103841694799473,11
7376,-98.99477151759463,1.7969186065228553,58314,-96.6939343764425,2.7165835152131033,15
7377,-128.1036475705492,2.6680067674658448,58318,-129.1025175244067,1.5488809909733745,1
7378,37.55995199133969,14.380246913100784,58323,47.997068783449585,1.2679199422360634,13
7379,-79.4303521304508,10.145219314581528,58330,-85.91178621041317,3.2728237667350073,24
7380,-144.9152089444262,-0.7301935249309793,58332,-148.09620948762597,-1.1157003398540595,36
7381,-99.8663347710853,-14.210593651572998,58345,-95.36861679384212,-10.95784818293233,28
7382,-126.96179946991607,-0.41980117404276407,58347,-129.1025175244067,1.5488809909733745,1
7383,-25.939925223205325,4.3883351731023525,58353,-29.714479793685786,-1.264748112657314,8
7384,-142.08757932258482,1.5682705783958708,58354,-141.0346653257256,-1.1036168920026446,0
7385,-151.2316240399004,4.590888010392398,58359,-152.23629829764135,4.213482038439798,37
7386,-101.62643200535054,-4.259647999816287,58367,-96.6939343764425,2.7165835152131033,15
7387,-135.09653493958328,2.9131260037218283,58369,-137.57400940459857,4.493303950559668,20
7388,-58.72029456880694,0.5641937631885365,58387,-66.8889597803445,2.169628081691683,14
7389,-127.37582653886562,8.124328661971008,58393,-123.80894152337959,5.566802721935252,23
7390,-90.97161693892224,1.4422057607413064,58402,-85.91178621041317,3.2728237667350073,24
7391,-152.2553906342686,5.071884981322101,58403,-152.23629829764135,4.213482038439798,37
7392,-38.13848359478536,5.965151182010487,58404,-29.714479793685786,-1.264748112657314,8
7393,-75.78801472755046,-14.510483409756642,58408,-77.6204452281073,-4.536559244831727,5
7394,782.399300660734,25.9543118534503,58409,861.6475783799328,6.515082937232454,35
7395,91.70732815968347,-2.178194324774833,58417,104.96211155305676,-0.5414592591613776,31
7396,-99.75915426466796,-16.57994442811828,58419,-95.36861679384212,-10.95784818293233,28
7397,50.74125243713053,11.633817786026373,58420,47.997068783449585,1.2679199422360634,13
7398,-74.38855150283511,-5.43390614804561,58427,-77.6204452281073,-4.536559244831727,5
7399,75.1434301996256,5.807722501604433,58453,78.01149217232324,3.6022338347977136,6
7400,-143.21119612711652,5.298173512962113,58469,-142.14616351708418,5.245197398204194,22
7401,-66.94850380409423,2.850466543109172,58497,-66.8889597803445,2.169628081691683,14
7402,-69.72162511057279,-0.6223346873727864,58499,-66.8889597803445,2.169628081691683,14
7403,-62.11597151601403,5.0688566641673996,58501,-66.8889597803445,2.169628081691683,14
7404,-131.18715034113836,4.950302864989439,58503,-132.1080396739421,5.887059356646324,17
7405,-65.28481351901381,7.1840171333510785,58510,-66.8889597803445,2.169628081691683,14
7406,-0.9240621465562737,-24.993515938200186,58511,-6.878718007946434,-1.0926682779646681,10
7407,-129.11876933330933,2.4735251196678383,58525,-129.1025175244067,1.5488809909733745,1
7408,-127.79924677319939,-2.463751654054771,58528,-123.94204162798616,-1.5144507595891967,3
7409,-152.30671922883525,6.198257529652509,58534,-152.23629829764135,4.213482038439798,37
7410,405.574529615515,-3.5755585927550344,58540,417.6915390220547,-4.11857226961515,29
7411,-129.6837249935598,-2.9622075580758587,58543,-130.75996572568545,-6.6137591708523855,18
7412,-62.554469197561076,-17.860485735634207,58546,-77.6204452281073,-4.536559244831727,5
7413,-50.58179886578764,-2.3273425470128424,58547,-49.93530245157272,-0.19848027172185767,2
7414,-107.07303883722653,3.888115368744506,58554,-104.7190727296112,3.8815952186994593,7
7415,200.59830689175385,3.6007944403931043,58562,227.03647807555316,-5.020718083634986,26
7416,250.94235517985916,15.219523276775313,58564,227.03647807555316,-5.020718083634986,26
7417,-41.98462537907237,-11.163588607003364,58567,-49.93530245157272,-0.19848027172185767,2
7418,-56.668891343986765,-2.577519180507308,58573,-49.93530245157272,-0.19848027172185767,2
7419,-155.312511926512,6.25467345062539,58578,-152.23629829764135,4.213482038439798,37
7420,-30.896001317317197,-12.403559389153793,58581,-29.714479793685786,-1.264748112657314,8
7421,-120.94905746073059,-0.07743971203130122,58582,-118.09857507912784,0.7103841694799473,11
7422,-55.70669206293639,-0.1993771814661456,58594,-49.93530245157272,-0.19848027172185767,2
7423,-131.7174392562132,-4.820816823245621,58612,-130.75996572568545,-6.6137591708523855,18
7424,-107.60282093311905,-4.364014282286182,58648,-109.71624596876933,-1.0040630408538558,16
7425,-35.62243644967956,-1.702407979394053,58650,-29.714479793685786,-1.264748112657314,8
7426,67.90590352755082,8.308049743475223,58659,78.01149217232324,3.6022338347977136,6
7427,-148.10939379299847,3.4857030207902047,58664,-146.59606179012786,4.113086925586259,4
7428,-101.80375551410005,-0.8780097623989229,58677,-104.7190727296112,3.8815952186994593,7
7429,-82.05680332296245,3.95996003876965,58681,-85.91178621041317,3.2728237667350073,24
7430,-7.879931941989695,3.882849680411888,58683,-6.878718007946434,-1.0926682779646681,10
7431,0.7112723950199317,-5.322957337522704,58692,-6.878718007946434,-1.0926682779646681,10
7432,96.46379683181432,2.231242383017774,58696,104.96211155305676,-0.5414592591613776,31
7433,446.7329894187093,24.637613858766883,58701,417.6915390220547,-4.11857226961515,29
7434,-34.94358284073768,4.33825724383801,58702,-29.714479793685786,-1.264748112657314,8
7435,-124.01702912308751,1.8877379170354136,58724,-123.94204162798616,-1.5144507595891967,3
7436,71.32153469140981,-11.341517203280887,58728,70.166569844569,-14.692630117552799,9
7437,21.028628613020825,5.888701852749943,58736,18.937510567705566,1.034768221250525,27
7438,87.91913173083232,-4.8159450455036605,58737,78.01149217232324,3.6022338347977136,6
7439,-45.71163563675883,-0.4425542098509381,58745,-49.93530245157272,-0.19848027172185767,2
7440,-145.85865883184007,-1.4591022807286418,58757,-148.09620948762597,-1.1157003398540595,36
7441,-123.21610720529198,5.739020746365122,58778,-123.80894152337959,5.566802721935252,23
7442,-94.04146720901817,1.8974876984941835,58786,-96.6939343764425,2.7165835152131033,15
7443,-121.76098286958486,-1.1437838857252887,58790,-123.94204162798616,-1.5144507595891967,3
7444,-34.08470626626405,5.36427369899808,58792,-29.714479793685786,-1.264748112657314,8
7445,-137.63765885119003,-4.102020454572016,58795,-141.0346653257256,-1.1036168920026446,0
7446,307.2870631087149,-3.0343333339882648,58796,302.44973475302317,-5.405747081354008,25
7447,69.61943308734558,-1.1250757853948445,58821,78.01149217232324,3.6022338347977136,6
7448,-130.14812561113004,3.6003225624698953,58829,-129.1025175244067,1.5488809909733745,1
7449,-89.25133739598166,6.541770752502108,58832,-85.91178621041317,3.2728237667350073,24
7450,905.0078098374038,-21.28456866313876,58843,861.6475783799328,6.515082937232454,35
7451,-122.02101140822343,0.45747071700380887,58846,-123.94204162798616,-1.5144507595891967,3
7452,-144.9373810439765,-1.2609248866247014,58849,-148.09620948762597,-1.1157003398540595,36
7453,-48.060013766680605,5.637454244377511,58862,-49.93530245157272,-0.19848027172185767,2
7454,72.65486031780068,-2.367099416937878,58863,78.01149217232324,3.6022338347977136,6
7455,-17.17195349017041,8.094764632207859,58883,-6.878718007946434,-1.0926682779646681,10
7456,-61.21608852834334,6.764560024755913,58896,-66.8889597803445,2.169628081691683,14
7457,-99.00438640710269,1.4990510149525929,58898,-96.6939343764425,2.7165835152131033,15
7458,1250.3944071835,13.706749770330196,58919,1342.5649032771717,32.04824045393157,32
7459,-127.8518109955169,-0.28610565451987263,58931,-129.1025175244067,1.5488809909733745,1
7460,-26.866815850711845,2.767196210646623,58964,-29.714479793685786,-1.264748112657314,8
7461,-117.2696419012627,7.009792483862147,58972,-114.33047638704419,5.73481138949136,19
7462,-69.53551791892528,-3.1685501161448433,58981,-66.8889597803445,2.169628081691683,14
7463,-124.2518840482156,5.4608484826573145,58985,-123.80894152337959,5.566802721935252,23
7464,130.00797872845916,-4.526460484366278,58992,135.4076551174278,-1.697351881935795,33
7465,-108.7807082094529,-2.53459238018508,59000,-109.71624596876933,-1.0040630408538558,16
7466,-90.96213356361496,-27.21800151767248,59004,-95.36861679384212,-10.95784818293233,28
7467,-55.11888411265991,-23.67897784348179,59028,-49.93530245157272,-0.19848027172185767,2
7468,-10.448412775743487,-2.5152877889382985,59034,-6.878718007946434,-1.0926682779646681,10
7469,-88.77545476796966,-1.8030158661541722,59035,-85.91178621041317,3.2728237667350073,24
7470,-130.57017558455493,-6.501562021167461,59036,-130.75996572568545,-6.6137591708523855,18
7471,-128.20647393391224,4.897495861976998,59048,-129.1025175244067,1.5488809909733745,1
7472,1.165461924554042,3.565161389838535,59051,-6.878718007946434,-1.0926682779646681,10
7473,3.2714259417586042,-12.93200612400191,59052,-6.878718007946434,-1.0926682779646681,10
7474,-126.0938559015838,2.5078776783655337,59063,-129.1025175244067,1.5488809909733745,1
7475,-13.464516867211508,-2.2228795261623695,59084,-6.878718007946434,-1.0926682779646681,10
7476,38.027841280744454,7.211892766855424,59090,47.997068783449585,1.2679199422360634,13
7477,-25.015303094515257,4.517125874464911,59101,-29.714479793685786,-1.264748112657314,8
7478,-34.782081183705046,1.8123878008253222,59119,-29.714479793685786,-1.264748112657314,8
7479,-135.21923593833972,5.106170835561735,59121,-137.57400940459857,4.493303950559668,20
7480,341.13711094007647,-13.905356245063329,59130,302.44973475302317,-5.405747081354008,25
7481,-134.0608176748474,1.1306406587314777,59154,-134.89656831690453,-0.030690791204986433,34
7482,273.272535173732,-3.8020781992597064,59173,302.44973475302317,-5.405747081354008,25
7483,426.8987256026485,-50.38714662958562,59180,417.6915390220547,-4.11857226961515,29
7484,-121.27700797010783,6.059781535903612,59184,-123.80894152337959,5.566802721935252,23
7485,-20.23963019676687,9.515710416153862,59188,-29.714479793685786,-1.264748112657314,8
7486,261.9954606264947,14.242181170197863,59192,227.03647807555316,-5.020718083634986,26
7487,-17.797449201131727,1.9261050345473263,59202,-6.878718007946434,-1.0926682779646681,10
7488,-116.35269413197315,7.820386009601763,59206,-114.33047638704419,5.73481138949136,19
7489,-107.89951348453624,0.577678201758443,59210,-109.71624596876933,-1.0040630408538558,16
7490,121.27047897225735,-8.876631768203055,59211,135.4076551174278,-1.697351881935795,33
7491,-70.65245076463414,-2.6656834183546088,59212,-66.8889597803445,2.169628081691683,14
7492,-139.91017605588007,-2.292100889227581,59217,-141.0346653257256,-1.1036168920026446,0
7493,-140.09275025614448,2.730137336821133,59229,-137.57400940459857,4.493303950559668,20
7494,98.82983983696198,-17.90823670980952,59245,104.96211155305676,-0.5414592591613776,31
7495,-71.89107383123333,0.4870794173961981,59265,-66.8889597803445,2.169628081691683,14
7496,-47.38896383035816,-5.477157350283025,59270,-49.93530245157272,-0.19848027172185767,2
7497,-19.058644788980324,5.579838057147565,59289,-29.714479793685786,-1.264748112657314,8
7498,442.20605542374574,16.758790631869726,59295,417.6915390220547,-4.11857226961515,29
7499,357.7844507889328,5.743277796960038,59296,302.44973475302317,-5.405747081354008,25
7500,-52.25600801725369,7.814751073342723,59304,-49.93530245157272,-0.19848027172185767,2
7501,62.73083018206655,12.066008319633738,59311,78.01149217232324,3.6022338347977136,6
7502,-36.771386303699565,1.5399730566087195,59319,-29.714479793685786,-1.264748112657314,8
7503,-129.22325401496596,5.270323135408362,59324,-132.1080396739421,5.887059356646324,17
7504,149.23277210693385,7.651828787389003,59327,135.4076551174278,-1.697351881935795,33
7505,375.6107012070218,-5.392300574415467,59328,417.6915390220547,-4.11857226961515,29
7506,744.3776264594956,-32.108291273555714,59333,861.6475783799328,6.515082937232454,35
7507,-46.33934219792426,9.720604801993503,59356,-49.93530245157272,-0.19848027172185767,2
7508,-26.8514221536809,1.4065891719552859,59368,-29.714479793685786,-1.264748112657314,8
7509,-145.33966147340746,7.061121859018903,59374,-146.59606179012786,4.113086925586259,4
7510,538.0687320761925,8.195783733147996,59378,586.0312761189704,-1.722944617346204,30
7511,-67.84573774671837,0.5808452478111378,59402,-66.8889597803445,2.169628081691683,14
7512,192.63411959104096,17.399514763434592,59405,172.66355239880147,-2.7112682595768685,38
7513,-132.8775631443293,-1.3261626473974497,59419,-134.89656831690453,-0.030690791204986433,34
7514,-114.9811680565816,1.2382559692870407,59423,-118.09857507912784,0.7103841694799473,11
7515,-87.68237495361146,-1.7749440309435012,59430,-85.91178621041317,3.2728237667350073,24
7516,-28.46215848383021,12.706411153572612,59435,-29.714479793685786,-1.264748112657314,8
7517,-150.29618298492605,6.00196888111015,59440,-152.23629829764135,4.213482038439798,37
7518,-111.27998225469436,6.2782140223016585,59445,-114.33047638704419,5.73481138949136,19
7519,10.688373053003083,11.621179842383443,59450,18.937510567705566,1.034768221250525,27
7520,-96.93449766843447,-0.005754012318815024,59451,-96.6939343764425,2.7165835152131033,15
7521,62.30220849643098,3.6523203680417904,59459,47.997068783449585,1.2679199422360634,13
7522,111.22393308425984,6.197875371415066,59468,104.96211155305676,-0.5414592591613776,31
7523,165.32805360396594,6.363603978107042,59476,172.66355239880147,-2.7112682595768685,38
7524,-146.9745990591616,1.585818727492795,59480,-146.59606179012786,4.113086925586259,4
7525,32.24558182790284,2.838581744498426,59507,18.937510567705566,1.034768221250525,27
7526,-103.7339859397397,-1.4313866853220734,59513,-104.7190727296112,3.8815952186994593,7
7527,-21.534437497098022,-1.3381745175146333,59522,-29.714479793685786,-1.264748112657314,8
7528,-102.19009681738886,4.477620061850749,59526,-104.7190727296112,3.8815952186994593,7
7529,501.0338566425111,-6.9005554089411145,59531,417.6915390220547,-4.11857226961515,29
7530,100.88370110927248,-75.91876568535325,59535,110.19899446847099,-35.665903512662624,21
7531,-40.16425159164472,-22.94620302497581,59539,-29.714479793685786,-1.264748112657314,8
7532,-77.7845457546459,0.10327938965477644,59541,-77.6204452281073,-4.536559244831727,5
7533,-150.32756324426444,6.6877214923222335,59544,-152.23629829764135,4.213482038439798,37
7534,-115.18432682235279,5.170703710009849,59572,-114.33047638704419,5.73481138949136,19
7535,340.03605614736296,1.9788585528485119,59574,302.44973475302317,-5.405747081354008,25
7536,-45.94708649805066,3.703064105115354,59583,-49.93530245157272,-0.19848027172185767,2
7537,-130.05878886891622,2.6879894231802894,59594,-129.1025175244067,1.5488809909733745,1
7538,-86.8963859496101,1.3882808785521312,59605,-85.91178621041317,3.2728237667350073,24
7539,108.42840273484549,-11.520158431220803,59621,104.96211155305676,-0.5414592591613776,31
7540,-113.08054027602999,2.9357647324230958,59624,-114.33047638704419,5.73481138949136,19
7541,-124.87600951604328,-1.2500511173092363,59640,-123.94204162798616,-1.5144507595891967,3
7542,-99.37866273960054,9.17678028230836,59644,-96.6939343764425,2.7165835152131033,15
7543,-84.32060776983678,-7.597724548909847,59646,-77.6204452281073,-4.536559244831727,5
7544,-72.46830865492149,-4.16490841131764,59655,-77.6204452281073,-4.536559244831727,5
7545,-84.86455124704041,-0.29155475541364645,59658,-85.91178621041317,3.2728237667350073,24
7546,-37.222901343088374,-21.618962893323165,59682,-29.714479793685786,-1.264748112657314,8
7547,-115.82781358831916,-15.841696995206153,59689,-115.69510858146283,-11.595084171039186,39
7548,-142.08939200875872,1.597542555244916,59700,-141.0346653257256,-1.1036168920026446,0
7549,-52.05631269487388,-9.774487225865427,59738,-49.93530245157272,-0.19848027172185767,2
7550,-113.19294023803673,5.386232853776759,59741,-114.33047638704419,5.73481138949136,19
7551,114.94823973839684,-4.483981276314378,59746,104.96211155305676,-0.5414592591613776,31
7552,282.74102283298737,17.592187552341333,59752,302.44973475302317,-5.405747081354008,25
7553,95.45579708456292,18.125827041379985,59753,104.96211155305676,-0.5414592591613776,31
7554,350.5078107147699,-4.5898101008366075,59801,302.44973475302317,-5.405747081354008,25
7555,-141.11540703791036,3.2214462441977547,59815,-142.14616351708418,5.245197398204194,22
7556,407.59648597710185,10.704642524152481,59818,417.6915390220547,-4.11857226961515,29
7557,-31.344089095210133,10.592558888227298,59826,-29.714479793685786,-1.264748112657314,8
7558,380.96349663856995,4.265150724833015,59837,417.6915390220547,-4.11857226961515,29
7559,12.486177033639159,-1.2260287424488892,59850,18.937510567705566,1.034768221250525,27
7560,8.438918101547296,-0.7605103248652353,59852,18.937510567705566,1.034768221250525,27
7561,-99.10665802150385,4.75682373164078,59854,-96.6939343764425,2.7165835152131033,15
7562,-61.25130734818643,-7.69536867597787,59861,-66.8889597803445,2.169628081691683,14
7563,-60.048177380805434,4.66509011309366,59866,-66.8889597803445,2.169628081691683,14
7564,372.25209193741404,-0.15227397946610916,59880,417.6915390220547,-4.11857226961515,29
7565,-139.33980158635143,7.136941110099706,59894,-137.57400940459857,4.493303950559668,20
7566,114.91208151228813,-3.693909436512784,59902,104.96211155305676,-0.5414592591613776,31
7567,46.99461290434525,-7.67262393885599,59904,47.997068783449585,1.2679199422360634,13
7568,37.310545346527974,2.0151508097925324,59914,47.997068783449585,1.2679199422360634,13
7569,-56.17711281670511,6.527172637843497,59925,-49.93530245157272,-0.19848027172185767,2
7570,-88.14384206521635,5.779595220907593,59943,-85.91178621041317,3.2728237667350073,24
7571,-153.22772025930965,4.46462848993603,59945,-152.23629829764135,4.213482038439798,37
7572,-106.08337136472366,-11.624306223647237,59957,-115.69510858146283,-11.595084171039186,39
7573,-81.02088610608749,3.706601640151849,59960,-85.91178621041317,3.2728237667350073,24
7574,-142.9685854565246,1.5064064362821508,59972,-141.0346653257256,-1.1036168920026446,0
7575,1129.7623912038398,47.275319148724016,60001,1342.5649032771717,32.04824045393157,32
7576,-126.68420507676379,-4.960125967490224,60002,-130.75996572568545,-6.6137591708523855,18
7577,41.1187010646975,5.777390588448072,60008,47.997068783449585,1.2679199422360634,13
7578,492.3015786220576,3.342703826283533,60016,417.6915390220547,-4.11857226961515,29
7579,-127.3590943270655,7.772331455406181,60020,-123.80894152337959,5.566802721935252,23
7580,-72.9389559731657,1.5105390079619787,60028,-66.8889597803445,2.169628081691683,14
7581,-64.28111102611804,8.152327411471388,60038,-66.8889597803445,2.169628081691683,14
7582,-143.96473770258083,0.8879846457516077,60044,-141.0346653257256,-1.1036168920026446,0
7583,-77.76920260430869,-1.2438514152406943,60050,-77.6204452281073,-4.536559244831727,5
7584,-67.3980799587833,-5.097444178511484,60059,-66.8889597803445,2.169628081691683,14
7585,-71.17699372485214,-8.992528730721256,60061,-77.6204452281073,-4.536559244831727,5
7586,199.27565845642604,-6.135273824294361,60062,172.66355239880147,-2.7112682595768685,38
7587,48.11531438399386,5.448418594619578,60065,47.997068783449585,1.2679199422360634,13
7588,-133.7974003543379,-3.614681082992017,60069,-134.89656831690453,-0.030690791204986433,34
7589,244.50074503523132,-22.4755110861987,60082,227.03647807555316,-5.020718083634986,26
7590,-119.04486929344459,3.0785901927221655,60098,-118.09857507912784,0.7103841694799473,11
7591,-132.1336873556159,4.288035099263942,60106,-132.1080396739421,5.887059356646324,17
7592,-14.204090790071492,8.825898630249485,60112,-6.878718007946434,-1.0926682779646681,10
7593,-88.81801576482553,0.14774278001905614,60113,-85.91178621041317,3.2728237667350073,24
7594,100.12209822221885,6.69671646765222,60117,104.96211155305676,-0.5414592591613776,31
7595,75.51888028705218,-14.063451350758886,60126,70.166569844569,-14.692630117552799,9
7596,-137.31451581177285,6.641129738004824,60131,-137.57400940459857,4.493303950559668,20
7597,-131.7397403808446,-2.281811304735764,60147,-134.89656831690453,-0.030690791204986433,34
7598,-27.77000831312125,-27.78837453777367,60150,-29.714479793685786,-1.264748112657314,8
7599,-114.98980739975457,1.4224729128933442,60157,-118.09857507912784,0.7103841694799473,11
7600,-3.728025837560061,0.11992264204455205,60170,-6.878718007946434,-1.0926682779646681,10
7601,101.45785956831399,2.438249711244398,60174,104.96211155305676,-0.5414592591613776,31
7602,-142.91493593749897,-1.7211914139500175,60178,-141.0346653257256,-1.1036168920026446,0
7603,196.692970065533,1.962107424001586,60184,172.66355239880147,-2.7112682595768685,38
7604,22.488076803626633,-0.5713580550291899,60190,18.937510567705566,1.034768221250525,27
7605,-137.15997634544738,3.233433144179005,60196,-137.57400940459857,4.493303950559668,20
7606,-117.89690953815585,0.875115907247871,60200,-118.09857507912784,0.7103841694799473,11
7607,870.2060971476152,3.2347881742293105,60208,861.6475783799328,6.515082937232454,35
7608,13.694247404864333,10.50058682057982,60221,18.937510567705566,1.034768221250525,27
7609,69.03555296067351,-7.684526114057722,60235,70.166569844569,-14.692630117552799,9
7610,693.1407945208468,27.032206936531963,60245,586.0312761189704,-1.722944617346204,30
7611,-124.90528536386522,-1.6363633203281303,60246,-123.94204162798616,-1.5144507595891967,3
7612,-94.20502024136047,6.507686705028893,60266,-96.6939343764425,2.7165835152131033,15
7613,-27.20558694072174,8.14831303728188,60269,-29.714479793685786,-1.264748112657314,8
7614,-112.38296630667922,8.551405898819283,60277,-114.33047638704419,5.73481138949136,19
7615,-43.83354071692321,2.2765350337051222,60308,-49.93530245157272,-0.19848027172185767,2
7616,534.6255216531778,0.04586177290144054,60324,586.0312761189704,-1.722944617346204,30
7617,-79.10627668088507,5.08855903001808,60337,-85.91178621041317,3.2728237667350073,24
7618,8.280048319594641,0.6431568837269078,60338,18.937510567705566,1.034768221250525,27
7619,-45.33750737898297,-5.545130994218306,60344,-49.93530245157272,-0.19848027172185767,2
7620,1110.0610527812105,-0.7025416060238193,60351,1342.5649032771717,32.04824045393157,32
7621,309.75725329058866,5.022947153331738,60358,302.44973475302317,-5.405747081354008,25
7622,-21.343275604766973,10.219881691351448,60364,-29.714479793685786,-1.264748112657314,8
7623,-18.86429672291158,2.860023582355138,60365,-29.714479793685786,-1.264748112657314,8
7624,-125.31817558817794,7.402039331679552,60366,-123.80894152337959,5.566802721935252,23
7625,-77.96748157402835,2.571707296320061,60374,-77.6204452281073,-4.536559244831727,5
7626,-115.93552845566448,1.2568698064796104,60387,-118.09857507912784,0.7103841694799473,11
7627,-138.3559582757952,7.527047403878313,60392,-137.57400940459857,4.493303950559668,20
7628,-0.34674173987494056,-4.070384921465806,60405,-6.878718007946434,-1.0926682779646681,10
7629,-142.96951055252248,-1.0121521363190695,60427,-141.0346653257256,-1.1036168920026446,0
7630,-3.168085674761787,8.250219344007357,60440,-6.878718007946434,-1.0926682779646681,10
7631,-112.41363638951458,9.200391367502606,60448,-114.33047638704419,5.73481138949136,19
7632,-70.97642728098363,3.913496529989978,60452,-66.8889597803445,2.169628081691683,14
7633,-78.38573459045585,-6.0628686458225465,60462,-77.6204452281073,-4.536559244831727,5
7634,99.16756718819124,7.223970253283246,60473,104.96211155305676,-0.5414592591613776,31
7635,19.323862941222995,0.40086261025705994,60479,18.937510567705566,1.034768221250525,27
7636,-90.08320161358063,3.886385448587722,60480,-85.91178621041317,3.2728237667350073,24
7637,-122.91033001759952,-0.43719553257041716,60497,-123.94204162798616,-1.5144507595891967,3
7638,-130.30919555273647,6.620406404955084,60500,-132.1080396739421,5.887059356646324,17
7639,-127.9822469014532,0.016354793722695368,60506,-129.1025175244067,1.5488809909733745,1
7640,-22.586825974809496,-0.7251344791777806,60514,-29.714479793685786,-1.264748112657314,8
7641,0.8187054600123398,-20.860607807484197,60517,-6.878718007946434,-1.0926682779646681,10
7642,-97.10387179901967,4.740207916198447,60523,-96.6939343764425,2.7165835152131033,15
7643,63.62505376471498,-1.3517708758221647,60528,70.166569844569,-14.692630117552799,9
7644,-14.59470315936287,-0.41662594585329155,60534,-6.878718007946434,-1.0926682779646681,10
7645,275.6082722126295,6.175508466594162,60536,302.44973475302317,-5.405747081354008,25
7646,-87.07627364920823,4.282585667850292,60539,-85.91178621041317,3.2728237667350073,24
7647,249.4144982766845,-21.010729183770874,60543,227.03647807555316,-5.020718083634986,26
7648,152.73699478286267,13.450582176117107,60547,135.4076551174278,-1.697351881935795,33
7649,-31.083589186453395,6.418724790848839,60549,-29.714479793685786,-1.264748112657314,8
7650,494.2141011660461,-24.15603085465315,60563,417.6915390220547,-4.11857226961515,29
7651,-137.35443851925288,7.482565824790665,60576,-137.57400940459857,4.493303950559668,20
7652,38.88773352750916,-5.979495038454039,60590,47.997068783449585,1.2679199422360634,13
7653,-135.78427515615647,-1.3754864487226652,60596,-134.89656831690453,-0.030690791204986433,34
7654,-121.79501001791917,-0.917421016984278,60602,-123.94204162798616,-1.5144507595891967,3
7655,-92.77005444404428,-1.9776782649833196,60625,-96.6939343764425,2.7165835152131033,15
7656,442.37889796706446,-13.913548420077877,60628,417.6915390220547,-4.11857226961515,29
7657,-119.11747962395431,3.6207773019859446,60646,-118.09857507912784,0.7103841694799473,11
7658,-44.933015173709485,3.408662632598143,60653,-49.93530245157272,-0.19848027172185767,2
7659,-65.96394629837411,3.2070798437385695,60683,-66.8889597803445,2.169628081691683,14
7660,31.91109581117006,8.098487030582552,60685,18.937510567705566,1.034768221250525,27
7661,-116.11123662078604,3.063086595913794,60686,-118.09857507912784,0.7103841694799473,11
7662,-64.83108488407173,1.3489504165246673,60704,-66.8889597803445,2.169628081691683,14
7663,243.26041203379017,-4.570034620671937,60706,227.03647807555316,-5.020718083634986,26
7664,408.17538922139306,2.1468405411218607,60741,417.6915390220547,-4.11857226961515,29
7665,-67.11624063549432,6.034165236270024,60752,-66.8889597803445,2.169628081691683,14
7666,376.45946883150725,11.639643347886679,60769,417.6915390220547,-4.11857226961515,29
7667,-136.03546379501526,1.0279634698167623,60814,-134.89656831690453,-0.030690791204986433,34
7668,-116.40616999574965,8.980343196887636,60819,-114.33047638704419,5.73481138949136,19
7669,-10.18590406435095,8.51977623770331,60820,-6.878718007946434,-1.0926682779646681,10
7670,-116.0638586362446,2.533634981736085,60841,-118.09857507912784,0.7103841694799473,11
7671,29.848471650502255,-5.780147836026607,60857,18.937510567705566,1.034768221250525,27
7672,-106.09560909987886,3.876427916834388,60871,-104.7190727296112,3.8815952186994593,7
7673,-25.300469595978385,10.24582740894632,60874,-29.714479793685786,-1.264748112657314,8
7674,88.56199838857852,0.45948421272547024,60881,78.01149217232324,3.6022338347977136,6
7675,-73.57316577336401,-3.932589470763345,60887,-77.6204452281073,-4.536559244831727,5
7676,-136.36035849272815,7.639784177509917,60890,-137.57400940459857,4.493303950559668,20
7677,127.6637242037486,-43.24255434810518,60891,110.19899446847099,-35.665903512662624,21
7678,-144.96065980817244,-0.7587799837182023,60902,-148.09620948762597,-1.1157003398540595,36
7679,88.12473873958007,6.954473967540862,60911,78.01149217232324,3.6022338347977136,6
7680,-12.096669031364474,7.027250384485188,60919,-6.878718007946434,-1.0926682779646681,10
7681,-142.0927211476378,3.216058669835749,60921,-142.14616351708418,5.245197398204194,22
7682,10.039884938796945,4.409437825003794,60928,18.937510567705566,1.034768221250525,27
7683,-146.0974587767683,3.253729095837771,60931,-146.59606179012786,4.113086925586259,4
7684,-86.06470818872731,4.073963956174397,60937,-85.91178621041317,3.2728237667350073,24
7685,738.0690161789641,29.362814044836178,60939,861.6475783799328,6.515082937232454,35
7686,-125.95645814049936,-14.225514698944998,60942,-130.75996572568545,-6.6137591708523855,18
7687,-142.26184489632698,5.385608923596226,60946,-142.14616351708418,5.245197398204194,22
7688,116.95046782597603,-4.503775260535406,60947,104.96211155305676,-0.5414592591613776,31
7689,-133.57549458476313,-5.413445061026777,60952,-130.75996572568545,-6.6137591708523855,18
7690,224.80843309816902,1.454599617524339,60956,227.03647807555316,-5.020718083634986,26
7691,-99.0870643405855,2.792670700866304,60959,-96.6939343764425,2.7165835152131033,15
7692,-98.84497495377775,-0.4496998927325734,60964,-96.6939343764425,2.7165835152131033,15
7693,-137.21350551260684,4.413222417455545,60968,-137.57400940459857,4.493303950559668,20
7694,-90.70401583066325,-2.3729843173451703,60978,-85.91178621041317,3.2728237667350073,24
7695,-60.459813590627725,-18.87815989800769,60982,-49.93530245157272,-0.19848027172185767,2
7696,-128.99286318976905,1.2537731205134213,60993,-129.1025175244067,1.5488809909733745,1
7697,612.3936200106295,20.64740900311052,60995,586.0312761189704,-1.722944617346204,30
7698,152.58948482885765,-12.782212408664577,61010,135.4076551174278,-1.697351881935795,33
7699,-141.95573854086228,-0.8020359041304445,61016,-141.0346653257256,-1.1036168920026446,0
7700,105.38766387667906,2.4920593535603532,61033,104.96211155305676,-0.5414592591613776,31
7701,-142.3434200467177,7.179221465368053,61037,-142.14616351708418,5.245197398204194,22
7702,-117.30153273723502,6.695120785082818,61040,-114.33047638704419,5.73481138949136,19
7703,2.3998947894173375,-14.735606397256861,61046,-6.878718007946434,-1.0926682779646681,10
7704,931.9329609812576,37.647929216345936,61049,861.6475783799328,6.515082937232454,35
7705,-115.92482874702705,-0.5121256298010055,61053,-118.09857507912784,0.7103841694799473,11
7706,-124.15837521925302,4.445407877391265,61063,-123.80894152337959,5.566802721935252,23
7707,-123.37218053289818,8.10136924666262,61064,-123.80894152337959,5.566802721935252,23
7708,64.15054173556193,5.992534128250288,61068,78.01149217232324,3.6022338347977136,6
7709,-98.05212359636991,4.089980691515066,61083,-96.6939343764425,2.7165835152131033,15
7710,114.59314762577004,0.1984732458106539,61087,104.96211155305676,-0.5414592591613776,31
7711,-84.09638389554509,2.7315286514812445,61094,-85.91178621041317,3.2728237667350073,24
7712,-54.72120757194925,-0.8719686911029372,61107,-49.93530245157272,-0.19848027172185767,2
7713,-38.16987846784925,6.132037305906558,61111,-29.714479793685786,-1.264748112657314,8
7714,-88.19835943163186,5.940753650580709,61113,-85.91178621041317,3.2728237667350073,24
7715,-120.94775691093835,0.9074370922072935,61125,-118.09857507912784,0.7103841694799473,11
7716,-151.15742996989206,2.9339156204266703,61131,-152.23629829764135,4.213482038439798,37
7717,-126.07990166320978,-13.062568701931708,61135,-130.75996572568545,-6.6137591708523855,18
7718,314.61283042923066,7.236615351950588,61140,302.44973475302317,-5.405747081354008,25
7719,-136.35712031995018,7.552097590124776,61141,-137.57400940459857,4.493303950559668,20
7720,-116.92531446002656,1.4972946501133801,61143,-118.09857507912784,0.7103841694799473,11
7721,-60.245366019417105,6.394083421911305,61144,-66.8889597803445,2.169628081691683,14
7722,130.17023178745202,7.685117749776716,61145,135.4076551174278,-1.697351881935795,33
7723,-54.98780864806179,3.416137402480905,61156,-49.93530245157272,-0.19848027172185767,2
7724,-14.681402603684903,0.9725658017885235,61158,-6.878718007946434,-1.0926682779646681,10
7725,-129.148280632852,3.6332597103875317,61173,-129.1025175244067,1.5488809909733745,1
7726,-113.04407306062463,2.6495326061262103,61177,-114.33047638704419,5.73481138949136,19
7727,-92.08920326169168,2.960048043035875,61182,-96.6939343764425,2.7165835152131033,15
7728,-106.90254027431794,0.1546727426430374,61199,-109.71624596876933,-1.0040630408538558,16
7729,126.18070316525282,-7.334876331367869,61216,135.4076551174278,-1.697351881935795,33
7730,129.45444110459306,3.484249027444157,61227,135.4076551174278,-1.697351881935795,33
7731,-128.37607559612968,8.129676236299497,61232,-132.1080396739421,5.887059356646324,17
7732,-69.11644345274615,4.958413954361827,61235,-66.8889597803445,2.169628081691683,14
7733,-28.16523994503958,7.76548000705083,61244,-29.714479793685786,-1.264748112657314,8
7734,-66.09211863729928,5.526598200784641,61256,-66.8889597803445,2.169628081691683,14
7735,-145.23833063549,4.81747791526864,61273,-146.59606179012786,4.113086925586259,4
7736,-36.1253965142871,-9.004694264060461,61276,-29.714479793685786,-1.264748112657314,8
7737,-80.03902282632193,3.609767499105667,61277,-85.91178621041317,3.2728237667350073,24
7738,-114.26512573234773,6.939463626790684,61302,-114.33047638704419,5.73481138949136,19
7739,-70.07765167752609,5.148156373933061,61314,-66.8889597803445,2.169628081691683,14
7740,-31.321015475664588,-5.170307410333146,61315,-29.714479793685786,-1.264748112657314,8
7741,72.87530777621302,-19.857391475655604,61324,70.166569844569,-14.692630117552799,9
7742,-151.89288242047178,-1.84778235691637,61326,-148.09620948762597,-1.1157003398540595,36
7743,-113.00650168430943,0.8008816781624556,61330,-109.71624596876933,-1.0040630408538558,16
7744,-94.38924232534275,9.483960273139038,61333,-96.6939343764425,2.7165835152131033,15
7745,-33.593348203478236,-1.2846408244913974,61334,-29.714479793685786,-1.264748112657314,8
7746,-60.30359663200342,8.706860965718136,61337,-66.8889597803445,2.169628081691683,14
7747,-72.85367092157067,1.2145325334349215,61338,-66.8889597803445,2.169628081691683,14
7748,-117.936140412116,-0.83185931610943,61346,-118.09857507912784,0.7103841694799473,11
7749,-22.671347089088783,-0.41303395167041507,61359,-29.714479793685786,-1.264748112657314,8
7750,-71.97014191274765,-12.506644560170788,61364,-77.6204452281073,-4.536559244831727,5
7751,-109.36103175973112,8.113779329845755,61381,-114.33047638704419,5.73481138949136,19
7752,-135.3169112078796,6.706761861087839,61398,-137.57400940459857,4.493303950559668,20
7753,37.99186521842876,-7.757700003973328,61409,47.997068783449585,1.2679199422360634,13
7754,-105.94542126206917,2.137626801748603,61410,-104.7190727296112,3.8815952186994593,7
7755,-127.24711862879865,6.352547147798246,61427,-123.80894152337959,5.566802721935252,23
7756,-130.78854723931576,-2.224691502315801,61432,-129.1025175244067,1.5488809909733745,1
7757,397.11059431893244,2.85721680570761,61434,417.6915390220547,-4.11857226961515,29
7758,-107.92035862257562,1.5536914385945262,61435,-109.71624596876933,-1.0040630408538558,16
7759,104.18151068413759,6.482258380372932,61444,104.96211155305676,-0.5414592591613776,31
7760,-149.13727268744574,2.5230196168271726,61447,-146.59606179012786,4.113086925586259,4
7761,-132.2395286677678,5.04367892227904,61463,-132.1080396739421,5.887059356646324,17
7762,-143.18622970441936,3.7011283946539693,61467,-142.14616351708418,5.245197398204194,22
7763,-122.06603078062356,1.957546816983844,61475,-123.94204162798616,-1.5144507595891967,3
7764,-15.132820861811332,-22.182388533525593,61481,-6.878718007946434,-1.0926682779646681,10
7765,105.27487356357507,4.9746565800518,61483,104.96211155305676,-0.5414592591613776,31
7766,-107.70128124618924,-2.2171192259472354,61487,-109.71624596876933,-1.0040630408538558,16
7767,-135.1660675971006,3.413611003346307,61488,-137.57400940459857,4.493303950559668,20
7768,-25.04928457181875,5.265600172434122,61499,-29.714479793685786,-1.264748112657314,8
7769,251.16364013485176,-2.8102354417073023,61501,227.03647807555316,-5.020718083634986,26
7770,442.42799682314956,-0.250129750822307,61520,417.6915390220547,-4.11857226961515,29
7771,-107.65960325483721,-3.1259716777363415,61521,-109.71624596876933,-1.0040630408538558,16
7772,-57.165634617058394,6.246937132661544,61547,-49.93530245157272,-0.19848027172185767,2
7773,-52.20132059294209,7.627629727310919,61548,-49.93530245157272,-0.19848027172185767,2
7774,-143.19311887182837,4.898588661515692,61554,-142.14616351708418,5.245197398204194,22
7775,-83.20494541868626,7.200827636990541,61555,-85.91178621041317,3.2728237667350073,24
7776,-151.32341231138096,6.587801951201735,61565,-152.23629829764135,4.213482038439798,37
7777,-109.22440161446391,-9.088883085244499,61568,-115.69510858146283,-11.595084171039186,39
7778,29.102601113317796,5.9349054944482145,61596,18.937510567705566,1.034768221250525,27
7779,-143.25050792939132,5.642214245330311,61612,-142.14616351708418,5.245197398204194,22
7780,23.48687371624201,-0.5488030498921849,61627,18.937510567705566,1.034768221250525,27
7781,-110.95793574383625,0.7811072289093534,61644,-109.71624596876933,-1.0040630408538558,16
7782,-146.27028265063313,6.019210531019065,61645,-146.59606179012786,4.113086925586259,4
7783,202.39579614267817,-8.198745641348898,61652,227.03647807555316,-5.020718083634986,26
7784,-119.15578704706222,3.441138701432272,61663,-118.09857507912784,0.7103841694799473,11
7785,-102.84889018758176,0.08904778237292828,61671,-104.7190727296112,3.8815952186994593,7
7786,63.67922480254802,-16.747432752493125,61684,70.166569844569,-14.692630117552799,9
7787,40.68462976629587,12.210943105356082,61693,47.997068783449585,1.2679199422360634,13
7788,320.40725462401485,-3.901813469990393,61699,302.44973475302317,-5.405747081354008,25
7789,-63.74989414399382,0.12079025207211885,61701,-66.8889597803445,2.169628081691683,14
7790,10.468456458085601,-0.331428136424852,61708,18.937510567705566,1.034768221250525,27
7791,-118.31105640793699,7.385452395791412,61715,-114.33047638704419,5.73481138949136,19
7792,-130.52789309166934,-5.362276506581805,61720,-130.75996572568545,-6.6137591708523855,18
7793,48.00050895065553,6.94619141568131,61750,47.997068783449585,1.2679199422360634,13
7794,-36.750808362881635,0.0688627040371132,61752,-29.714479793685786,-1.264748112657314,8
7795,126.56517186556889,1.5505911710418412,61756,135.4076551174278,-1.697351881935795,33
7796,21.932610884534014,-21.976425853542395,61770,28.39696760572947,-22.91072472808294,12
7797,255.5018643452452,-64.95415867822946,61771,227.03647807555316,-5.020718083634986,26
7798,191.51918619129995,4.6648688462237455,61775,172.66355239880147,-2.7112682595768685,38
7799,-142.23390842910857,5.287461653431465,61781,-142.14616351708418,5.245197398204194,22
7800,-56.897366943476634,1.4135732134602017,61782,-49.93530245157272,-0.19848027172185767,2
7801,-144.11197449910816,2.043415870835066,61784,-146.59606179012786,4.113086925586259,4
7802,-55.965569098349846,3.419549351729785,61786,-49.93530245157272,-0.19848027172185767,2
7803,213.13057480780597,-18.47671041544175,61795,227.03647807555316,-5.020718083634986,26
7804,-64.35947998902992,9.87304527202148,61806,-66.8889597803445,2.169628081691683,14
7805,394.69399306921264,23.589547774301668,61810,417.6915390220547,-4.11857226961515,29
7806,-125.223030352635,5.305858670414184,61821,-123.80894152337959,5.566802721935252,23
7807,-93.19703802540941,-9.41899736993991,61839,-95.36861679384212,-10.95784818293233,28
7808,-108.10661601365639,3.0783196570285254,61853,-104.7190727296112,3.8815952186994593,7
7809,-73.05642233288671,4.6128027875492155,61856,-66.8889597803445,2.169628081691683,14
7810,-118.18815955268725,5.720691220716696,61865,-114.33047638704419,5.73481138949136,19
7811,-123.01442154880534,1.82253162146267,61872,-123.94204162798616,-1.5144507595891967,3
7812,708.7104325070012,-9.513640612874134,61879,586.0312761189704,-1.722944617346204,30
7813,-14.875198168174865,-11.570216142605751,61884,-6.878718007946434,-1.0926682779646681,10
7814,-106.86169642575834,-0.7352933958324417,61887,-109.71624596876933,-1.0040630408538558,16
7815,534.28381691298,4.960878795706876,61895,586.0312761189704,-1.722944617346204,30
7816,-81.84650055234894,0.8836581429532299,61901,-85.91178621041317,3.2728237667350073,24
7817,56.27711320806112,3.5760918225873315,61907,47.997068783449585,1.2679199422360634,13
7818,-106.3656483402753,-6.993480210661626,61910,-109.71624596876933,-1.0040630408538558,16
7819,-136.27968128207712,6.387575660096206,61923,-137.57400940459857,4.493303950559668,20
7820,97.37111838516125,3.7581973916800795,61932,104.96211155305676,-0.5414592591613776,31
7821,40.67806232107853,-2.899201782726402,61935,47.997068783449585,1.2679199422360634,13
7822,20.728415909338796,-4.335813928581561,61942,18.937510567705566,1.034768221250525,27
7823,47.57168324251616,-16.19626994061087,61948,47.997068783449585,1.2679199422360634,13
7824,-108.8109313156448,-1.3696464635300005,61957,-109.71624596876933,-1.0040630408538558,16
7825,-112.1304561402116,3.5233601844348583,61967,-114.33047638704419,5.73481138949136,19
7826,111.45696296270053,2.6153111633875556,61979,104.96211155305676,-0.5414592591613776,31
7827,-51.54206777411457,-2.2010278541823918,61982,-49.93530245157272,-0.19848027172185767,2
7828,-38.58035293049518,-1.6585618847296022,61985,-29.714479793685786,-1.264748112657314,8
7829,-45.2795263536662,8.960801526975295,62016,-49.93530245157272,-0.19848027172185767,2
7830,-44.825013693476464,-13.681722353447608,62020,-49.93530245157272,-0.19848027172185767,2
7831,-141.00205952370334,-0.2889670171985444,62029,-141.0346653257256,-1.1036168920026446,0
7832,21.673001102136528,-3.6103492218026565,62032,18.937510567705566,1.034768221250525,27
7833,-10.886211071585512,3.4584434651666296,62035,-6.878718007946434,-1.0926682779646681,10
7834,1.9292952606588685,-8.02611365718212,62040,-6.878718007946434,-1.0926682779646681,10
7835,92.71254094463667,-30.696256648569143,62045,110.19899446847099,-35.665903512662624,21
7836,-17.379651911732417,-4.661027038313765,62048,-6.878718007946434,-1.0926682779646681,10
7837,148.34215951600063,5.759214171709184,62060,135.4076551174278,-1.697351881935795,33
7838,255.6633274810731,4.642361568801098,62067,227.03647807555316,-5.020718083634986,26
7839,209.34686297102536,-7.02245566008547,62069,227.03647807555316,-5.020718083634986,26
7840,-128.37776934450397,8.161492080757775,62088,-132.1080396739421,5.887059356646324,17
7841,-144.24061460434004,4.911816140545713,62093,-142.14616351708418,5.245197398204194,22
7842,-154.98868543407394,-0.8131928624595562,62098,-152.23629829764135,4.213482038439798,37
7843,-114.40961243708041,9.088337104918407,62114,-114.33047638704419,5.73481138949136,19
7844,-120.39652465089893,8.712505399091832,62120,-123.80894152337959,5.566802721935252,23
7845,48.30534619205932,2.841699920358838,62124,47.997068783449585,1.2679199422360634,13
7846,-154.0876834475641,1.8748664654658278,62128,-152.23629829764135,4.213482038439798,37
7847,439.8099278996408,-34.532305108823685,62133,417.6915390220547,-4.11857226961515,29
7848,-131.1196118613238,2.965534055514714,62135,-129.1025175244067,1.5488809909733745,1
7849,46.453875363361384,-43.08724190906021,62144,28.39696760572947,-22.91072472808294,12
7850,66.12148366783978,-8.591181751959468,62146,70.166569844569,-14.692630117552799,9
7851,-107.11879724062159,4.381480146666298,62147,-104.7190727296112,3.8815952186994593,7
7852,-152.89309431228276,-2.8793348253564326,62149,-148.09620948762597,-1.1157003398540595,36
7853,-92.08825960293001,3.4442576642785703,62159,-96.6939343764425,2.7165835152131033,15
7854,-66.3192216872846,8.425390527487318,62164,-66.8889597803445,2.169628081691683,14
7855,-93.95069343890411,0.9216881606115661,62172,-96.6939343764425,2.7165835152131033,15
7856,-65.8550425463575,2.3689028717447926,62174,-66.8889597803445,2.169628081691683,14
7857,-141.07657239477288,2.3647060041105172,62178,-142.14616351708418,5.245197398204194,22
7858,33.473821945178436,-14.81371770660582,62187,28.39696760572947,-22.91072472808294,12
7859,-147.99785033475519,0.014144381247473164,62189,-148.09620948762597,-1.1157003398540595,36
7860,-98.2691984885611,6.278261679698505,62196,-96.6939343764425,2.7165835152131033,15
7861,-117.14344624609707,3.2120699549986553,62200,-118.09857507912784,0.7103841694799473,11
7862,196.5896576852213,18.949830633997735,62218,172.66355239880147,-2.7112682595768685,38
7863,-94.01057696711425,1.2038752016045755,62226,-96.6939343764425,2.7165835152131033,15
7864,117.66988860317504,0.12330018160538182,62233,104.96211155305676,-0.5414592591613776,31
7865,-125.86320709667984,-2.0658475525174755,62236,-123.94204162798616,-1.5144507595891967,3
7866,-49.575266417913404,-1.9368611194596212,62238,-49.93530245157272,-0.19848027172185767,2
7867,-147.99335326161793,-0.591020863937155,62241,-148.09620948762597,-1.1157003398540595,36
7868,215.1318045215258,10.97328473913299,62242,227.03647807555316,-5.020718083634986,26
7869,153.97953629474063,-18.224176895871413,62244,172.66355239880147,-2.7112682595768685,38
7870,271.512471081612,-21.766824079521395,62249,302.44973475302317,-5.405747081354008,25
7871,228.65570419885034,18.55595781696683,62250,227.03647807555316,-5.020718083634986,26
7872,-147.02562720921185,0.11548438805512633,62258,-148.09620948762597,-1.1157003398540595,36
7873,-117.60369887606821,-4.002553422148229,62264,-118.09857507912784,0.7103841694799473,11
7874,-47.029330545289795,4.974661081715705,62265,-49.93530245157272,-0.19848027172185767,2
7875,-95.02367503656912,1.9965447902732658,62271,-96.6939343764425,2.7165835152131033,15
7876,-138.10907969910426,2.1027203585113456,62288,-137.57400940459857,4.493303950559668,20
7877,-100.20260725114484,5.824706424465099,62293,-96.6939343764425,2.7165835152131033,15
7878,-97.15404453712715,4.2922991502861425,62306,-96.6939343764425,2.7165835152131033,15
7879,-94.26633884768326,6.8218534200329,62309,-96.6939343764425,2.7165835152131033,15
7880,-67.11182430637427,5.425275304287711,62319,-66.8889597803445,2.169628081691683,14
7881,92.84337176673253,-4.097458418303774,62320,104.96211155305676,-0.5414592591613776,31
7882,-116.17209196652712,4.892004053947005,62323,-114.33047638704419,5.73481138949136,19
7883,118.69346530906068,-0.3931848502757036,62325,104.96211155305676,-0.5414592591613776,31
7884,1.8113426478387369,-20.688854587806475,62326,-6.878718007946434,-1.0926682779646681,10
7885,464.0461957453463,-51.46388156560779,62340,417.6915390220547,-4.11857226961515,29
7886,58.44161128367276,1.0486263040911723,62346,47.997068783449585,1.2679199422360634,13
7887,-54.356509572795844,9.970790094594404,62348,-49.93530245157272,-0.19848027172185767,2
7888,-107.09149763694691,3.773451563827513,62359,-104.7190727296112,3.8815952186994593,7
7889,-141.21687950344932,4.418023501787713,62363,-142.14616351708418,5.245197398204194,22
7890,-80.06599740632356,3.6877716293802285,62364,-85.91178621041317,3.2728237667350073,24
7891,-122.31346475693327,6.848046332115556,62384,-123.80894152337959,5.566802721935252,23
7892,-124.30636557797735,7.176915783187207,62385,-123.80894152337959,5.566802721935252,23
7893,-80.10447639136812,5.039351506289995,62389,-85.91178621041317,3.2728237667350073,24
7894,173.2037728214555,-20.762612366079544,62399,172.66355239880147,-2.7112682595768685,38
7895,-115.04174627842427,3.597022679485053,62401,-114.33047638704419,5.73481138949136,19
7896,154.72406173644745,-28.877124199691835,62408,172.66355239880147,-2.7112682595768685,38
7897,-59.21645786017264,-7.396457404169844,62419,-49.93530245157272,-0.19848027172185767,2
7898,-145.02072598232067,1.5888513746545205,62437,-146.59606179012786,4.113086925586259,4
7899,-130.2316087422323,5.9659997325708325,62438,-132.1080396739421,5.887059356646324,17
7900,126.08262621156679,-6.733211789617435,62439,135.4076551174278,-1.697351881935795,33
7901,-106.01146140074727,2.035325754045026,62442,-104.7190727296112,3.8815952186994593,7
7902,529.5212894300681,30.667271427581415,62451,586.0312761189704,-1.722944617346204,30
7903,-128.8357363219895,-2.7118944995476837,62477,-129.1025175244067,1.5488809909733745,1
7904,-86.42507112173682,9.909054980367015,62493,-85.91178621041317,3.2728237667350073,24
7905,-115.95550123797925,1.6802114343729684,62494,-118.09857507912784,0.7103841694799473,11
7906,-4.740117657662009,1.3889088870786572,62496,-6.878718007946434,-1.0926682779646681,10
7907,-141.0790369356538,2.4123489227772184,62502,-142.14616351708418,5.245197398204194,22
7908,-14.178508034904487,-6.96800109202424,62503,-6.878718007946434,-1.0926682779646681,10
7909,-145.28703642635006,5.881058847947398,62520,-146.59606179012786,4.113086925586259,4
7910,-89.022186324127,3.079911416755563,62522,-85.91178621041317,3.2728237667350073,24
7911,269.6589118412086,4.454112957574347,62532,302.44973475302317,-5.405747081354008,25
7912,-72.05720741998508,5.167250577600876,62554,-66.8889597803445,2.169628081691683,14
7913,-117.25446172905605,5.644830487489502,62559,-114.33047638704419,5.73481138949136,19
7914,-48.565544986514325,-2.1293561071843286,62577,-49.93530245157272,-0.19848027172185767,2
7915,-92.02918943431627,3.1882236398245487,62581,-96.6939343764425,2.7165835152131033,15
7916,-120.9305104557021,-1.0235388930071776,62584,-123.94204162798616,-1.5144507595891967,3
7917,-131.3050823254844,6.513353853568555,62585,-132.1080396739421,5.887059356646324,17
7918,63.93279670963806,7.678233651238626,62597,78.01149217232324,3.6022338347977136,6
7919,-100.77852248610003,-0.3852203139125611,62598,-96.6939343764425,2.7165835152131033,15
7920,-125.29197146116344,6.839742394358274,62633,-123.80894152337959,5.566802721935252,23
7921,-78.99509362315686,3.172235079230413,62641,-85.91178621041317,3.2728237667350073,24
7922,183.9637274587222,-16.854543503448458,62647,172.66355239880147,-2.7112682595768685,38
7923,-148.13057167345593,2.401744889772539,62651,-146.59606179012786,4.113086925586259,4
7924,-96.08410289857089,3.8084696462029735,62652,-96.6939343764425,2.7165835152131033,15
7925,-73.60080075564527,-3.330556273727743,62661,-77.6204452281073,-4.536559244831727,5
7926,500.50237027509456,29.55661727647543,62665,417.6915390220547,-4.11857226961515,29
7927,-27.924089477186197,3.496993431637603,62666,-29.714479793685786,-1.264748112657314,8
7928,22.86543762821786,-6.79674139409841,62674,18.937510567705566,1.034768221250525,27
7929,104.73638033675327,12.637882204969257,62677,104.96211155305676,-0.5414592591613776,31
7930,280.5447218647768,7.138685378059924,62681,302.44973475302317,-5.405747081354008,25
7931,-93.94558882925374,2.3600291360918173,62694,-96.6939343764425,2.7165835152131033,15
7932,-50.83536927128479,1.6815910310809308,62697,-49.93530245157272,-0.19848027172185767,2
7933,-19.752915010851233,0.39205925153265303,62706,-29.714479793685786,-1.264748112657314,8
7934,-120.39649951910974,8.704772219706411,62708,-123.80894152337959,5.566802721935252,23
7935,-123.22966243699602,-11.260720511191604,62711,-115.69510858146283,-11.595084171039186,39
7936,72.15690559876849,-9.263748655743681,62722,70.166569844569,-14.692630117552799,9
7937,107.79482415061305,-2.2718595080751856,62725,104.96211155305676,-0.5414592591613776,31
7938,-87.84509934488919,0.7628775555297114,62727,-85.91178621041317,3.2728237667350073,24
7939,-77.69542329067349,-17.07434798817842,62729,-77.6204452281073,-4.536559244831727,5
7940,135.2501799129398,-8.705811922835561,62736,135.4076551174278,-1.697351881935795,33
7941,-143.34259099769798,7.147969840949532,62752,-142.14616351708418,5.245197398204194,22
7942,-39.689429977540605,0.2144617271346732,62761,-29.714479793685786,-1.264748112657314,8
7943,-110.15287993704806,4.560731184834501,62767,-114.33047638704419,5.73481138949136,19
7944,-103.13836531376226,3.872827759807621,62768,-104.7190727296112,3.8815952186994593,7
7945,-87.2376003710011,6.792557574076226,62769,-85.91178621041317,3.2728237667350073,24
7946,-88.13385903859304,5.031719783595509,62780,-85.91178621041317,3.2728237667350073,24
7947,-62.807916315817316,1.3837257359454886,62786,-66.8889597803445,2.169628081691683,14
7948,-140.06716124391824,2.178597970264427,62798,-137.57400940459857,4.493303950559668,20
7949,199.54292236465201,-24.67103128908056,62812,227.03647807555316,-5.020718083634986,26
7950,-109.72650395742752,-3.7526354145660266,62819,-109.71624596876933,-1.0040630408538558,16
7951,-135.36251529018566,7.7217276070675815,62821,-132.1080396739421,5.887059356646324,17
7952,-114.39804072819267,-7.427023796214531,62825,-115.69510858146283,-11.595084171039186,39
7953,126.44373298127229,3.6833766802673726,62841,135.4076551174278,-1.697351881935795,33
7954,14.956727241076884,-22.61274985346542,62846,28.39696760572947,-22.91072472808294,12
7955,-0.8412791670505883,2.6509578758453176,62929,-6.878718007946434,-1.0926682779646681,10
7956,-104.02800179925534,-12.79894441248031,62932,-95.36861679384212,-10.95784818293233,28
7957,-22.107503555274118,7.103335298065239,62935,-29.714479793685786,-1.264748112657314,8
7958,37.02559597043543,-8.52681729500528,62942,47.997068783449585,1.2679199422360634,13
7959,-81.79809975476141,0.8553233556659149,62995,-85.91178621041317,3.2728237667350073,24
7960,-26.43451808510218,12.148606634299862,63002,-29.714479793685786,-1.264748112657314,8
7961,-42.88394021603239,1.8556812719549511,63012,-49.93530245157272,-0.19848027172185767,2
7962,484.7280107260213,-31.984565682936896,63014,417.6915390220547,-4.11857226961515,29
7963,60.087326914552285,-8.450973130153791,63019,70.166569844569,-14.692630117552799,9
7964,-141.14216981394043,3.288029595361547,63036,-142.14616351708418,5.245197398204194,22
7965,-136.9546474329156,-0.23525940177095156,63037,-134.89656831690453,-0.030690791204986433,34
7966,-139.9240470582498,-0.4321248425849596,63046,-141.0346653257256,-1.1036168920026446,0
7967,108.73465873553094,-16.691524025240174,63050,104.96211155305676,-0.5414592591613776,31
7968,-131.1155313947598,3.3886198935203904,63052,-132.1080396739421,5.887059356646324,17
7969,273.5221260202786,7.009271046750002,63054,302.44973475302317,-5.405747081354008,25
7970,-40.99591641264824,2.80286034010797,63059,-49.93530245157272,-0.19848027172185767,2
7971,102.9473880298534,-4.678229715044495,63078,104.96211155305676,-0.5414592591613776,31
7972,-98.37843253160513,9.176351563940388,63087,-96.6939343764425,2.7165835152131033,15
7973,-136.13861648587098,3.7963799500885855,63091,-137.57400940459857,4.493303950559668,20
7974,-84.33496251645502,-7.26908543613618,63094,-77.6204452281073,-4.536559244831727,5
7975,-48.64931062486919,-0.8261617301063878,63098,-49.93530245157272,-0.19848027172185767,2
7976,-84.80016308976577,-0.1714673915808107,63133,-85.91178621041317,3.2728237667350073,24
7977,-123.45254560772467,-7.418686601026558,63138,-123.94204162798616,-1.5144507595891967,3
7978,-97.82984860674591,-0.2699871797988836,63141,-96.6939343764425,2.7165835152131033,15
7979,-110.86174998702144,-0.2845101766492186,63150,-109.71624596876933,-1.0040630408538558,16
7980,-134.07452057600852,1.4158962468863905,63158,-134.89656831690453,-0.030690791204986433,34
7981,-18.43486096667448,12.80262927760588,63176,-29.714479793685786,-1.264748112657314,8
7982,-105.68421630224445,-2.5374673831692,63182,-109.71624596876933,-1.0040630408538558,16
7983,-141.24228503684944,4.97515910056511,63194,-142.14616351708418,5.245197398204194,22
7984,-95.82782602115438,-0.26382091232118954,63195,-96.6939343764425,2.7165835152131033,15
7985,-141.13850729127256,3.2144099362322036,63207,-142.14616351708418,5.245197398204194,22
7986,-142.96814445295942,0.47745852308937514,63209,-141.0346653257256,-1.1036168920026446,0
7987,69.49044106848348,-14.05595560566721,63210,70.166569844569,-14.692630117552799,9
7988,524.3071507246882,4.277708772755681,63212,586.0312761189704,-1.722944617346204,30
7989,-128.22390780743243,5.275443261718075,63213,-129.1025175244067,1.5488809909733745,1
7990,-52.99464111310838,2.583162945478029,63222,-49.93530245157272,-0.19848027172185767,2
7991,-152.32068989706232,6.4939011019423205,63241,-152.23629829764135,4.213482038439798,37
7992,-150.324604803475,6.624231028060462,63252,-152.23629829764135,4.213482038439798,37
7993,-49.20211666222687,7.704366711766894,63258,-49.93530245157272,-0.19848027172185767,2
7994,144.91076030187156,-2.6480059661691877,63261,135.4076551174278,-1.697351881935795,33
7995,-57.36835739826637,-5.068955935243208,63263,-49.93530245157272,-0.19848027172185767,2
7996,-139.16366983684745,3.2754482271526753,63265,-137.57400940459857,4.493303950559668,20
7997,394.1581250876131,-12.442667035807217,63271,417.6915390220547,-4.11857226961515,29
7998,-112.32345742592126,7.759872665705898,63283,-114.33047638704419,5.73481138949136,19
7999,-139.75750111755482,-3.577607843870757,63290,-141.0346653257256,-1.1036168920026446,0
8000,153.03007853468557,-4.097814508267189,63294,135.4076551174278,-1.697351881935795,33
8001,-105.08795334772094,2.7152855599347303,63304,-104.7190727296112,3.8815952186994593,7
8002,1072.8521828426633,29.62882565783675,63305,861.6475783799328,6.515082937232454,35
8003,238.96320175786485,-0.16955298628185164,63309,227.03647807555316,-5.020718083634986,26
8004,-145.03891829910296,1.4761698063767057,63317,-146.59606179012786,4.113086925586259,4
8005,-129.30109898961712,6.9520164699246045,63321,-132.1080396739421,5.887059356646324,17
8006,2.919041804257387,6.939353351267876,63323,-6.878718007946434,-1.0926682779646681,10
8007,-142.11622311879708,2.7088471081948833,63327,-142.14616351708418,5.245197398204194,22
8008,33.766767012534366,-4.445189720729794,63351,47.997068783449585,1.2679199422360634,13
8009,225.62682634713295,3.8970722297831863,63355,227.03647807555316,-5.020718083634986,26
8010,-137.21290466636253,4.419416677036122,63358,-137.57400940459857,4.493303950559668,20
8011,-150.3165875897173,6.4486309934786785,63361,-152.23629829764135,4.213482038439798,37
8012,-93.37604408649092,9.220664305357856,63381,-96.6939343764425,2.7165835152131033,15
8013,-132.13893765201064,4.400094711895882,63389,-132.1080396739421,5.887059356646324,17
8014,-96.00315652711406,2.5483627049530733,63399,-96.6939343764425,2.7165835152131033,15
8015,-130.99644302287498,0.25924371157239423,63402,-129.1025175244067,1.5488809909733745,1
8016,-115.04217864740137,2.054028319456723,63406,-118.09857507912784,0.7103841694799473,11
8017,-105.71668832698761,-16.578941063506626,63415,-115.69510858146283,-11.595084171039186,39
8018,-63.167844679283846,6.19427985624747,63416,-66.8889597803445,2.169628081691683,14
8019,-116.55845776124892,-4.96818724683251,63425,-118.09857507912784,0.7103841694799473,11
8020,-70.65339708028375,-3.1446939972928223,63429,-66.8889597803445,2.169628081691683,14
8021,-106.04215646442915,1.691532519124847,63437,-104.7190727296112,3.8815952186994593,7
8022,-109.5971547598311,-5.053344278067771,63441,-109.71624596876933,-1.0040630408538558,16
8023,-107.8995443643571,-0.4389601432191478,63450,-109.71624596876933,-1.0040630408538558,16
8024,-112.09605534973583,2.7664248276400287,63464,-114.33047638704419,5.73481138949136,19
8025,-122.35576103919301,7.773301552441036,63467,-123.80894152337959,5.566802721935252,23
8026,-90.91855376519815,0.7819099900845743,63494,-85.91178621041317,3.2728237667350073,24
8027,49.00704617934791,-7.399983587891591,63496,47.997068783449585,1.2679199422360634,13
8028,-25.516474048038592,-2.317212931722484,63510,-29.714479793685786,-1.264748112657314,8
8029,-125.1142448887899,2.941954126556761,63515,-123.80894152337959,5.566802721935252,23
8030,-118.8323557341482,-1.5945407591215432,63516,-118.09857507912784,0.7103841694799473,11
8031,-42.828544146909444,0.6344299312582131,63517,-49.93530245157272,-0.19848027172185767,2
8032,-134.05526772735837,1.5045430050948148,63529,-134.89656831690453,-0.030690791204986433,34
8033,-114.62657829737641,-3.9641677965081414,63534,-109.71624596876933,-1.0040630408538558,16
8034,-151.1418274656148,3.123819296111721,63535,-152.23629829764135,4.213482038439798,37
8035,-122.38873886205118,8.506435285628928,63541,-123.80894152337959,5.566802721935252,23
8036,-138.29958029912476,6.287997212877376,63542,-137.57400940459857,4.493303950559668,20
8037,-38.961258887345075,4.652527763139671,63561,-29.714479793685786,-1.264748112657314,8
8038,-75.30665383200203,8.502708027776308,63565,-66.8889597803445,2.169628081691683,14
8039,142.09922946772434,8.93014058895109,63599,135.4076551174278,-1.697351881935795,33
8040,-105.93801746428933,-0.5999964725752448,63613,-109.71624596876933,-1.0040630408538558,16
8041,-44.9621360490599,4.041063314007491,63614,-49.93530245157272,-0.19848027172185767,2
8042,-67.1300578962646,5.303041644134596,63619,-66.8889597803445,2.169628081691683,14
8043,-72.1397354705963,-9.318420338313947,63621,-77.6204452281073,-4.536559244831727,5
8044,-117.04884344173604,2.16996089567745,63629,-118.09857507912784,0.7103841694799473,11
8045,562.1280921470967,22.535774038380353,63633,586.0312761189704,-1.722944617346204,30
8046,-139.34897937935833,7.3329955759459695,63639,-137.57400940459857,4.493303950559668,20
8047,-110.99880122198523,0.6674474249984156,63645,-109.71624596876933,-1.0040630408538558,16
8048,-135.1496771875584,3.5393641303334875,63646,-137.57400940459857,4.493303950559668,20
8049,374.6735512252091,-6.254383933204566,63654,417.6915390220547,-4.11857226961515,29
8050,122.3993040558865,-10.658511062762239,63659,135.4076551174278,-1.697351881935795,33
8051,-127.09997666519571,2.090529699831385,63663,-129.1025175244067,1.5488809909733745,1
8052,-56.06593366252456,5.118216329946316,63665,-49.93530245157272,-0.19848027172185767,2
8053,-132.2859858560113,6.604692548814663,63666,-132.1080396739421,5.887059356646324,17
8054,-102.98447515180332,1.487374370673318,63723,-104.7190727296112,3.8815952186994593,7
8055,-88.94248877359287,2.3704094558964184,63729,-85.91178621041317,3.2728237667350073,24
8056,-57.29940769148968,8.674853192967378,63740,-49.93530245157272,-0.19848027172185767,2
8057,-133.8604316259015,-0.2045480440906643,63742,-134.89656831690453,-0.030690791204986433,34
8058,-110.96913774374472,1.0391761612513433,63753,-109.71624596876933,-1.0040630408538558,16
8059,-105.01455298615937,2.1507572304875615,63756,-104.7190727296112,3.8815952186994593,7
8060,454.1225431759947,4.583060874738494,63765,417.6915390220547,-4.11857226961515,29
8061,-23.071739424687692,6.804296893542208,63766,-29.714479793685786,-1.264748112657314,8
8062,-51.21965852069315,7.019250917212529,63769,-49.93530245157272,-0.19848027172185767,2
8063,-151.04679506910483,1.0498857603906238,63778,-152.23629829764135,4.213482038439798,37
8064,-93.1288009802625,4.826474731960557,63780,-96.6939343764425,2.7165835152131033,15
8065,-66.72220864486422,-0.561151724623344,63781,-66.8889597803445,2.169628081691683,14
8066,-140.14818569854225,2.940985666080333,63791,-137.57400940459857,4.493303950559668,20
8067,830.2770750524944,15.218575391653534,63799,861.6475783799328,6.515082937232454,35
8068,138.7940065132862,-1.2185650588786316,63812,135.4076551174278,-1.697351881935795,33
8069,-125.6037026502933,-6.19025932321772,63825,-123.94204162798616,-1.5144507595891967,3
8070,-49.438713317325345,-4.933447860808673,63828,-49.93530245157272,-0.19848027172185767,2
8071,-103.08471694612642,3.713197830743558,63841,-104.7190727296112,3.8815952186994593,7
8072,-153.85675445798304,-3.6857414591669606,63845,-148.09620948762597,-1.1157003398540595,36
8073,6.119900463520231,4.1291755055689,63847,18.937510567705566,1.034768221250525,27
8074,-56.82375708687687,0.3040699064364846,63853,-49.93530245157272,-0.19848027172185767,2
8075,-146.8667783741295,-1.819121886762556,63865,-148.09620948762597,-1.1157003398540595,36
8076,14.165121448164836,3.28796485606744,63877,18.937510567705566,1.034768221250525,27
8077,310.6009446526297,6.408841246469753,63894,302.44973475302317,-5.405747081354008,25
8078,-27.052878980180537,5.8227211930197535,63911,-29.714479793685786,-1.264748112657314,8
8079,-120.12666685592521,-10.906870022679492,63922,-115.69510858146283,-11.595084171039186,39
8080,-146.8497596109594,-1.6798566827393557,63926,-148.09620948762597,-1.1157003398540595,36
8081,-126.35784184691308,7.74104646465463,63927,-123.80894152337959,5.566802721935252,23
8082,-132.30927978219265,6.595538832543181,63933,-132.1080396739421,5.887059356646324,17
8083,-139.9871798450357,0.9449066041744419,63937,-141.0346653257256,-1.1036168920026446,0
8084,278.10326897353787,-1.0296177784651974,63952,302.44973475302317,-5.405747081354008,25
8085,-53.26629163019137,8.525295786993468,63964,-49.93530245157272,-0.19848027172185767,2
8086,-107.08170531628454,4.600637319874714,63969,-104.7190727296112,3.8815952186994593,7
8087,-115.10733619717381,2.960003756272489,63984,-114.33047638704419,5.73481138949136,19
8088,468.7827091340048,9.721381692494116,63989,417.6915390220547,-4.11857226961515,29
8089,-23.58464468051967,-2.3206111842161095,64005,-29.714479793685786,-1.264748112657314,8
8090,-97.78185442947222,-1.2977480690451644,64007,-96.6939343764425,2.7165835152131033,15
8091,-62.62926100282,-2.529362976015777,64015,-66.8889597803445,2.169628081691683,14
8092,-127.03586284135346,2.746408227777134,64029,-129.1025175244067,1.5488809909733745,1
8093,-118.24159069897178,6.370373658321452,64032,-114.33047638704419,5.73481138949136,19
8094,-117.22144059846832,5.42498523320546,64040,-114.33047638704419,5.73481138949136,19
8095,-78.99720298631715,2.1885722767691966,64046,-77.6204452281073,-4.536559244831727,5
8096,5.674036147248354,-4.4253868177880875,64058,-6.878718007946434,-1.0926682779646681,10
8097,144.46332673636812,3.5500661041771586,64074,135.4076551174278,-1.697351881935795,33
8098,137.20071014427222,-21.815298440159335,64082,135.4076551174278,-1.697351881935795,33
8099,72.58228219688677,-0.7715425385501319,64089,78.01149217232324,3.6022338347977136,6
8100,-118.04883615837522,2.1587314815320857,64091,-118.09857507912784,0.7103841694799473,11
8101,7.958395627938824,-8.033850305360877,64094,18.937510567705566,1.034768221250525,27
8102,-75.05479906685115,2.991578325913434,64097,-77.6204452281073,-4.536559244831727,5
8103,152.31312441508805,5.945151962073358,64101,135.4076551174278,-1.697351881935795,33
8104,128.30012964065594,21.05306428524114,64102,135.4076551174278,-1.697351881935795,33
8105,-100.05146328764766,1.9866411505938908,64119,-96.6939343764425,2.7165835152131033,15
8106,-123.61279208217171,-4.410839028895965,64124,-123.94204162798616,-1.5144507595891967,3
8107,73.64757964181919,-1.1603996287214866,64130,78.01149217232324,3.6022338347977136,6
8108,-32.507111494340286,-2.123741775053186,64141,-29.714479793685786,-1.264748112657314,8
8109,-59.902946528516964,1.9793830933091514,64153,-66.8889597803445,2.169628081691683,14
8110,-121.03763953850174,3.399488360874182,64159,-123.80894152337959,5.566802721935252,23
8111,-136.4993876175479,-5.583283397426219,64167,-134.89656831690453,-0.030690791204986433,34
8112,60.154568279007584,5.319213728731658,64184,47.997068783449585,1.2679199422360634,13
8113,-67.45337212015328,11.347216978152964,64187,-66.8889597803445,2.169628081691683,14
8114,424.60313900325883,-3.3706340063983227,64197,417.6915390220547,-4.11857226961515,29
8115,128.84343713284562,12.765822385313077,64203,135.4076551174278,-1.697351881935795,33
8116,63.709057616409225,12.573060813323043,64208,78.01149217232324,3.6022338347977136,6
8117,142.97434489028996,-18.281849930214154,64243,135.4076551174278,-1.697351881935795,33
8118,-134.86943849268283,-15.236323340378766,64259,-130.75996572568545,-6.6137591708523855,18
8119,-78.04038383404506,4.183232365851561,64269,-85.91178621041317,3.2728237667350073,24
8120,-75.8365016036765,0.7711999662855155,64276,-77.6204452281073,-4.536559244831727,5
8121,221.95842429531194,-0.8626302794182326,64286,227.03647807555316,-5.020718083634986,26
8122,-93.22733194091442,6.479374929751654,64296,-96.6939343764425,2.7165835152131033,15
8123,121.0459140897635,9.221028778976315,64298,135.4076551174278,-1.697351881935795,33
8124,-63.01250344048798,4.338210537206478,64306,-66.8889597803445,2.169628081691683,14
8125,-67.10157539281886,-10.05514581009042,64308,-77.6204452281073,-4.536559244831727,5
8126,-44.53520108534652,-2.222367024026372,64309,-49.93530245157272,-0.19848027172185767,2
8127,33.98335916377089,7.085833582199525,64315,47.997068783449585,1.2679199422360634,13
8128,807.2468419024709,-28.175914173849186,64320,861.6475783799328,6.515082937232454,35
8129,440.4238995210591,-0.199142402165156,64336,417.6915390220547,-4.11857226961515,29
8130,-108.99388303710509,1.6134424990851801,64339,-109.71624596876933,-1.0040630408538558,16
8131,20.384143657295937,0.6417979613186316,64340,18.937510567705566,1.034768221250525,27
8132,-100.17087610751588,4.616592793956831,64348,-96.6939343764425,2.7165835152131033,15
8133,-25.88447967253875,2.6587251636544247,64354,-29.714479793685786,-1.264748112657314,8
8134,-78.08237589792756,5.0889726031599825,64359,-85.91178621041317,3.2728237667350073,24
8135,-94.07894576613168,3.7182772098986807,64364,-96.6939343764425,2.7165835152131033,15
8136,80.50077239774282,0.6341972776800565,64367,78.01149217232324,3.6022338347977136,6
8137,111.1143852866177,-7.180497474949985,64371,104.96211155305676,-0.5414592591613776,31
8138,-106.61073833313418,-4.193712853514915,64380,-109.71624596876933,-1.0040630408538558,16
8139,-63.79842980165573,-0.366921807760121,64391,-66.8889597803445,2.169628081691683,14
8140,-153.10956584327994,1.8634223658385445,64393,-152.23629829764135,4.213482038439798,37
8141,167.25012627289325,7.595976340454764,64407,172.66355239880147,-2.7112682595768685,38
8142,121.84511754770669,12.604957621749554,64409,135.4076551174278,-1.697351881935795,33
8143,129.8060614940695,-1.6231275140594252,64410,135.4076551174278,-1.697351881935795,33
8144,-46.38093865752567,-5.12071839935635,64416,-49.93530245157272,-0.19848027172185767,2
8145,-79.68900064215401,-2.0121812272682003,64419,-77.6204452281073,-4.536559244831727,5
8146,-89.83028377418829,-0.11570720316541866,64436,-85.91178621041317,3.2728237667350073,24
8147,-135.83364152320667,-1.8531319835438254,64452,-134.89656831690453,-0.030690791204986433,34
8148,103.86527252912265,11.87315227890174,64472,104.96211155305676,-0.5414592591613776,31
8149,554.775058234841,-1.3535539985595562,64475,586.0312761189704,-1.722944617346204,30
8150,-140.23092681236884,5.267850077150926,64487,-142.14616351708418,5.245197398204194,22
8151,25.929670131482833,7.10073982161218,64504,18.937510567705566,1.034768221250525,27
8152,595.5164391363197,18.182001633933027,64522,586.0312761189704,-1.722944617346204,30
8153,-110.0375200967152,1.0111838000488136,64540,-109.71624596876933,-1.0040630408538558,16
8154,269.2553720111871,-18.220025099121223,64546,302.44973475302317,-5.405747081354008,25
8155,-5.2372790474742725,-6.546429277477622,64547,-6.878718007946434,-1.0926682779646681,10
8156,-118.75725585959015,-2.2016383414963756,64591,-118.09857507912784,0.7103841694799473,11
8157,-112.10707402877318,4.050120217313397,64605,-114.33047638704419,5.73481138949136,19
8158,-135.3599682048988,7.6501988257975375,64607,-132.1080396739421,5.887059356646324,17
8159,26.137459837137413,4.588108213912025,64625,18.937510567705566,1.034768221250525,27
8160,-57.87950940801294,2.5276760073976265,64635,-49.93530245157272,-0.19848027172185767,2
8161,-145.99146371613966,-0.5830577177190112,64642,-148.09620948762597,-1.1157003398540595,36
8162,-98.79188627110105,-0.07009318392684806,64643,-96.6939343764425,2.7165835152131033,15
8163,-92.89515119459789,-0.2775574063577054,64653,-96.6939343764425,2.7165835152131033,15
8164,151.69356298177442,0.6742215933144162,64657,135.4076551174278,-1.697351881935795,33
8165,-93.05826940382208,2.262838294787839,64671,-96.6939343764425,2.7165835152131033,15
8166,-146.97121979916452,-1.0693637083768883,64675,-148.09620948762597,-1.1157003398540595,36
8167,-13.242313839079877,8.173536718431736,64686,-6.878718007946434,-1.0926682779646681,10
8168,-150.24277399360736,5.341440822337316,64693,-152.23629829764135,4.213482038439798,37
8169,-88.23335117003178,6.678304543217805,64700,-85.91178621041317,3.2728237667350073,24
8170,-102.30223981290798,7.46473802367779,64712,-104.7190727296112,3.8815952186994593,7
8171,26.42284270268816,-0.6320802972187342,64720,18.937510567705566,1.034768221250525,27
8172,-101.9872404684208,1.5752530558212512,64729,-104.7190727296112,3.8815952186994593,7
8173,-139.1402802114414,3.2896298784498006,64730,-137.57400940459857,4.493303950559668,20
8174,-71.6514755592703,-2.691568929107084,64743,-77.6204452281073,-4.536559244831727,5
8175,-66.61166527993721,-2.9667631913441292,64751,-66.8889597803445,2.169628081691683,14
8176,-100.59132410653294,-2.955591763835896,64763,-96.6939343764425,2.7165835152131033,15
8177,81.08096259710673,7.278367321233941,64765,78.01149217232324,3.6022338347977136,6
8178,-4.562963100865613,-1.4546818191353683,64773,-6.878718007946434,-1.0926682779646681,10
8179,-152.2420078098076,5.285850652086553,64774,-152.23629829764135,4.213482038439798,37
8180,-118.0794582547037,3.856830328369991,64795,-118.09857507912784,0.7103841694799473,11
8181,-101.60586735592807,-2.6580052877727263,64798,-104.7190727296112,3.8815952186994593,7
8182,-95.54871375352926,-4.337633985196729,64805,-95.36861679384212,-10.95784818293233,28
8183,-85.17360423690938,6.47003269182238,64809,-85.91178621041317,3.2728237667350073,24
8184,227.8485400820211,-13.596312285150127,64812,227.03647807555316,-5.020718083634986,26
8185,-84.71885155140023,-0.9167440345753235,64814,-85.91178621041317,3.2728237667350073,24
8186,-64.18449401708783,6.521306295043576,64818,-66.8889597803445,2.169628081691683,14
8187,-34.98289626944097,4.152888331339051,64832,-29.714479793685786,-1.264748112657314,8
8188,-150.19740758992245,4.356787760121745,64845,-152.23629829764135,4.213482038439798,37
8189,155.0453929804505,10.329293588526571,64850,172.66355239880147,-2.7112682595768685,38
8190,39.52260186907384,-0.5352000943683749,64867,47.997068783449585,1.2679199422360634,13
8191,109.18882386443123,-23.0545923390187,64868,110.19899446847099,-35.665903512662624,21
8192,-152.2778333957241,5.564333750013841,64874,-152.23629829764135,4.213482038439798,37
8193,50.036751722611896,7.2060904048227625,64891,47.997068783449585,1.2679199422360634,13
8194,-104.88274452722375,-0.23030916817873592,64899,-104.7190727296112,3.8815952186994593,7
8195,-139.90279324404798,-1.4162158582327153,64902,-141.0346653257256,-1.1036168920026446,0
8196,-119.32894439890742,7.745797538383702,64910,-123.80894152337959,5.566802721935252,23
8197,-125.56433965159788,-3.977330796472015,64912,-123.94204162798616,-1.5144507595891967,3
8198,-118.83320606589206,-1.0612132992259362,64916,-118.09857507912784,0.7103841694799473,11
8199,-136.36382352505532,-9.056155150971286,64944,-130.75996572568545,-6.6137591708523855,18
8200,39.17181738774126,4.578886299097303,64964,47.997068783449585,1.2679199422360634,13
8201,142.49606219972458,3.3231222165297085,64967,135.4076551174278,-1.697351881935795,33
8202,-5.61599291049233,-0.8111638161347768,64972,-6.878718007946434,-1.0926682779646681,10
8203,-28.724505599496673,0.15271146190066984,64993,-29.714479793685786,-1.264748112657314,8
8204,282.03871707307394,-0.06246513832775611,64994,302.44973475302317,-5.405747081354008,25
8205,206.8632452499201,-14.786123588341015,65009,227.03647807555316,-5.020718083634986,26
8206,995.430569935814,18.731113802749093,65010,861.6475783799328,6.515082937232454,35
8207,-132.84142674633136,-2.66316663109017,65011,-134.89656831690453,-0.030690791204986433,34
8208,78.21437643136628,4.303563705527092,65013,78.01149217232324,3.6022338347977136,6
8209,-148.2111484481164,4.676472981272693,65019,-146.59606179012786,4.113086925586259,4
8210,529.886526364853,-46.866724619092075,65039,586.0312761189704,-1.722944617346204,30
8211,64.69594564191105,-2.364989659642092,65044,70.166569844569,-14.692630117552799,9
8212,-129.37628751971417,8.114748644755549,65073,-132.1080396739421,5.887059356646324,17
8213,-83.93594825938442,2.8142910158396104,65075,-85.91178621041317,3.2728237667350073,24
8214,68.85321294647422,8.968508915884318,65077,78.01149217232324,3.6022338347977136,6
8215,-133.29739756427415,6.831464120287735,65090,-132.1080396739421,5.887059356646324,17
8216,558.0266831216923,9.447289115962368,65095,586.0312761189704,-1.722944617346204,30
8217,-131.8798782138932,-0.2517816745339332,65097,-134.89656831690453,-0.030690791204986433,34
8218,-72.95276534116914,2.866575839587633,65117,-66.8889597803445,2.169628081691683,14
8219,2.1806283888469338,3.760959888118115,65119,-6.878718007946434,-1.0926682779646681,10
8220,49.21029993977306,3.39048675605235,65122,47.997068783449585,1.2679199422360634,13
8221,21.525557257154894,-1.4175778950598004,65124,18.937510567705566,1.034768221250525,27
8222,-131.8448222508193,-2.5510926638262803,65134,-134.89656831690453,-0.030690791204986433,34
8223,-131.61831518541868,-5.454324659955132,65135,-130.75996572568545,-6.6137591708523855,18
8224,-102.14248839648955,4.477459990944622,65136,-104.7190727296112,3.8815952186994593,7
8225,219.01205113684856,-2.0770432932355707,65157,227.03647807555316,-5.020718083634986,26
8226,68.83013145939684,-4.207056814216857,65161,70.166569844569,-14.692630117552799,9
8227,-27.163839786635034,7.731291663356877,65163,-29.714479793685786,-1.264748112657314,8
8228,-12.593737356061423,-0.41204257853857856,65164,-6.878718007946434,-1.0926682779646681,10
8229,-127.41237193839588,-7.327283681050531,65167,-130.75996572568545,-6.6137591708523855,18
8230,-5.068507505656913,6.01857222479567,65183,-6.878718007946434,-1.0926682779646681,10
8231,-28.304897904139512,-5.454392683284503,65190,-29.714479793685786,-1.264748112657314,8
8232,73.67037990856191,-2.1621004991472716,65199,78.01149217232324,3.6022338347977136,6
8233,-15.668807138891959,-0.3532620857650038,65208,-6.878718007946434,-1.0926682779646681,10
8234,-108.05409401220533,2.950836907272927,65219,-104.7190727296112,3.8815952186994593,7
8235,-14.559681007249067,-2.2081717098918916,65222,-6.878718007946434,-1.0926682779646681,10
8236,-65.0164585088168,3.3673708009122243,65224,-66.8889597803445,2.169628081691683,14
8237,-33.04987272516616,5.659852656155897,65229,-29.714479793685786,-1.264748112657314,8
8238,83.75303203757662,11.412925754057897,65235,78.01149217232324,3.6022338347977136,6
8239,-119.03669640265652,1.8581085790400416,65260,-118.09857507912784,0.7103841694799473,11
8240,-46.96756373415813,3.1134960541478502,65264,-49.93530245157272,-0.19848027172185767,2
8241,874.663180171221,11.0958672345455,65287,861.6475783799328,6.515082937232454,35
8242,-136.27104588435043,5.6806157340512735,65288,-137.57400940459857,4.493303950559668,20
8243,298.9899437719954,-27.657571620672698,65289,302.44973475302317,-5.405747081354008,25
8244,-50.36481780485555,-6.05431930275161,65291,-49.93530245157272,-0.19848027172185767,2
8245,62.40735779865968,-12.865052661933628,65293,70.166569844569,-14.692630117552799,9
8246,-121.9291938273432,-0.5285233264029553,65299,-123.94204162798616,-1.5144507595891967,3
8247,61.23902080994011,4.0030428665241855,65318,47.997068783449585,1.2679199422360634,13
8248,-91.47632253417216,-4.8154421159629575,65324,-95.36861679384212,-10.95784818293233,28
8249,-128.71221096052133,-2.8463441312319113,65331,-130.75996572568545,-6.6137591708523855,18
8250,-101.12454040184936,4.617330036204972,65333,-104.7190727296112,3.8815952186994593,7
8251,1206.1431489977278,30.114305387744572,65350,1342.5649032771717,32.04824045393157,32
8252,-82.8949062123504,1.9368492098741974,65352,-85.91178621041317,3.2728237667350073,24
8253,186.84220669285688,-0.441998837800428,65360,172.66355239880147,-2.7112682595768685,38
8254,-69.92824972802524,2.3686991778930584,65375,-66.8889597803445,2.169628081691683,14
8255,-89.18625955756026,5.145888929742126,65380,-85.91178621041317,3.2728237667350073,24
8256,-127.94417173638398,-1.3563827103652841,65381,-129.1025175244067,1.5488809909733745,1
8257,-101.30171344160523,7.473530009608434,65382,-104.7190727296112,3.8815952186994593,7
8258,7.1005261703166305,3.54261846915517,65395,18.937510567705566,1.034768221250525,27
8259,405.09711198842786,17.99818532791152,65402,417.6915390220547,-4.11857226961515,29
8260,82.64067246810805,12.844012307265613,65403,78.01149217232324,3.6022338347977136,6
8261,-52.28760981985129,9.529401495275057,65421,-49.93530245157272,-0.19848027172185767,2
8262,-86.13146695624938,4.485681931757599,65422,-85.91178621041317,3.2728237667350073,24
8263,146.00124444250787,-4.610818748598008,65425,135.4076551174278,-1.697351881935795,33
8264,83.91758052956995,9.875755420614976,65454,78.01149217232324,3.6022338347977136,6
8265,747.9528028882129,31.556025960118006,65461,861.6475783799328,6.515082937232454,35
8266,33.75548133299209,-4.185787682264194,65467,47.997068783449585,1.2679199422360634,13
8267,552.9436287354848,-18.264313564188736,65470,586.0312761189704,-1.722944617346204,30
8268,23.842523115962948,-6.790603961828653,65474,18.937510567705566,1.034768221250525,27
8269,-142.34311458057337,7.168925822605538,65485,-142.14616351708418,5.245197398204194,22
8270,29.04020959482496,-8.461889270506916,65487,18.937510567705566,1.034768221250525,27
8271,75.43773537991392,-13.31093012995345,65489,70.166569844569,-14.692630117552799,9
8272,3.765661316315142,10.323846643161959,65496,-6.878718007946434,-1.0926682779646681,10
8273,174.32677100751766,6.530421003897548,65505,172.66355239880147,-2.7112682595768685,38
8274,-64.38074802261639,-5.952608783034001,65508,-66.8889597803445,2.169628081691683,14
8275,-61.351030480436386,-6.54036440690652,65516,-66.8889597803445,2.169628081691683,14
8276,-82.40003822315462,-5.828539188088437,65521,-77.6204452281073,-4.536559244831727,5
8277,-88.13332464162684,5.520892974384698,65529,-85.91178621041317,3.2728237667350073,24
8278,-92.67068441067364,-3.1259516808202457,65535,-96.6939343764425,2.7165835152131033,15
8279,398.17175134038564,2.055227263109441,65538,417.6915390220547,-4.11857226961515,29
8280,-128.0934315741206,3.9785222213845146,65541,-129.1025175244067,1.5488809909733745,1
8281,631.5729802532887,18.576877171699813,65543,586.0312761189704,-1.722944617346204,30
8282,39.935318268676845,-6.4933548578521085,65548,47.997068783449585,1.2679199422360634,13
8283,-93.18880073332987,5.116116175886355,65565,-96.6939343764425,2.7165835152131033,15
8284,-92.20225410592175,4.908322402161606,65587,-96.6939343764425,2.7165835152131033,15
8285,-78.98048863884944,2.8488120167287905,65600,-85.91178621041317,3.2728237667350073,24
8286,-120.87249327482189,0.2905454611257033,65601,-118.09857507912784,0.7103841694799473,11
8287,-116.00927547201657,1.8150833446492511,65602,-118.09857507912784,0.7103841694799473,11
8288,745.6513112194083,21.34735679402399,65603,861.6475783799328,6.515082937232454,35
8289,-52.13027502550362,4.548066005743417,65628,-49.93530245157272,-0.19848027172185767,2
8290,-25.920442004390175,-11.278236524064459,65629,-29.714479793685786,-1.264748112657314,8
8291,-132.99945779460433,1.8427477909265855,65646,-134.89656831690453,-0.030690791204986433,34
8292,-102.05085547288617,3.483613342076661,65655,-104.7190727296112,3.8815952186994593,7
8293,161.2814034257872,6.793325183123914,65669,172.66355239880147,-2.7112682595768685,38
8294,-149.07877576697842,2.277403825826302,65688,-146.59606179012786,4.113086925586259,4
8295,-141.92062035347706,-1.061246417356751,65691,-141.0346653257256,-1.1036168920026446,0
8296,-141.06930023062398,2.7333574034010155,65695,-142.14616351708418,5.245197398204194,22
8297,-119.08990168121538,3.546260439391447,65707,-118.09857507912784,0.7103841694799473,11
8298,282.25132660621136,-3.174558385869389,65709,302.44973475302317,-5.405747081354008,25
8299,-15.088019456535674,7.313784014174854,65710,-6.878718007946434,-1.0926682779646681,10
8300,41.944274065194264,7.048901641878361,65714,47.997068783449585,1.2679199422360634,13
8301,-98.25958225974045,6.057568612522053,65719,-96.6939343764425,2.7165835152131033,15
8302,-113.1370260018897,4.687067118810856,65720,-114.33047638704419,5.73481138949136,19
8303,-27.155492411767987,7.549305368753768,65727,-29.714479793685786,-1.264748112657314,8
8304,67.7649014635748,11.386208061892127,65736,78.01149217232324,3.6022338347977136,6
8305,-140.9405844395766,-1.6364289142369302,65748,-141.0346653257256,-1.1036168920026446,0
8306,-109.81964776801694,-2.2259937733604525,65756,-109.71624596876933,-1.0040630408538558,16
8307,-135.62644759401664,-5.856380981561414,65758,-130.75996572568545,-6.6137591708523855,18
8308,496.5305134039551,-14.266871093035382,65765,417.6915390220547,-4.11857226961515,29
8309,225.72444527649975,2.7887083918490005,65767,227.03647807555316,-5.020718083634986,26
8310,-80.91962362835774,3.021201878686661,65768,-85.91178621041317,3.2728237667350073,24
8311,30.5968603272523,-2.3190268521266133,65771,18.937510567705566,1.034768221250525,27
8312,-146.88721743920988,-0.8640365723246332,65772,-148.09620948762597,-1.1157003398540595,36
8313,-14.428987236371404,12.227233378501314,65774,-6.878718007946434,-1.0926682779646681,10
8314,-92.18931460167552,5.149530999406291,65776,-96.6939343764425,2.7165835152131033,15
8315,949.800130185581,26.144139453955457,65781,861.6475783799328,6.515082937232454,35
8316,462.3324431886185,-12.55871684481734,65785,417.6915390220547,-4.11857226961515,29
8317,-78.0601086103944,2.53743461311148,65796,-77.6204452281073,-4.536559244831727,5
8318,-41.479525228773404,-2.8671763086505395,65799,-49.93530245157272,-0.19848027172185767,2
8319,-34.74864052957631,1.5971840384568887,65806,-29.714479793685786,-1.264748112657314,8
8320,-102.13890410068817,4.900371325481254,65810,-104.7190727296112,3.8815952186994593,7
8321,-92.02328488993571,2.5587157089466026,65826,-96.6939343764425,2.7165835152131033,15
8322,214.82046396429416,15.748822022867346,65828,227.03647807555316,-5.020718083634986,26
8323,165.79502713613357,-14.995480133838987,65838,172.66355239880147,-2.7112682595768685,38
8324,-24.281112732823985,-6.414730558884392,65850,-29.714479793685786,-1.264748112657314,8
8325,-101.26719954136375,7.207732601490481,65851,-104.7190727296112,3.8815952186994593,7
8326,228.1515951378543,-3.4442185458779964,65853,227.03647807555316,-5.020718083634986,26
8327,-45.92270600296026,2.149171068292686,65873,-49.93530245157272,-0.19848027172185767,2
8328,-44.07136026735787,4.91956552119667,65875,-49.93530245157272,-0.19848027172185767,2
8329,-67.18436661166582,6.470576077512682,65880,-66.8889597803445,2.169628081691683,14
8330,-126.17547886806456,4.790261846345239,65882,-123.80894152337959,5.566802721935252,23
8331,-33.38113250405989,10.849010709835657,65885,-29.714479793685786,-1.264748112657314,8
8332,53.685729357397186,-2.8473335621129,65887,47.997068783449585,1.2679199422360634,13
8333,-84.7390540430835,-30.45394466822383,65888,-95.36861679384212,-10.95784818293233,28
8334,-126.98841541484391,-0.3476978695512939,65889,-129.1025175244067,1.5488809909733745,1
8335,-136.00726929812686,1.9613418380275036,65905,-134.89656831690453,-0.030690791204986433,34
8336,229.73287917653897,2.167985610636527,65908,227.03647807555316,-5.020718083634986,26
8337,-109.96442568754615,0.4410709541269018,65919,-109.71624596876933,-1.0040630408538558,16
8338,-131.13779006476366,3.3624990751321713,65926,-132.1080396739421,5.887059356646324,17
8339,-12.017130780594888,-8.917900262233728,65943,-6.878718007946434,-1.0926682779646681,10
8340,-138.25274466134857,5.7553249349377325,65952,-137.57400940459857,4.493303950559668,20
8341,314.45280390862087,-5.019915331160642,65956,302.44973475302317,-5.405747081354008,25
8342,-99.32031137279768,7.384326117877209,65973,-96.6939343764425,2.7165835152131033,15
8343,-104.97240779153542,1.739178684848602,65982,-104.7190727296112,3.8815952186994593,7
8344,18.94757357550444,6.0738126955694,65986,18.937510567705566,1.034768221250525,27
8345,-123.27544994135648,6.530077757579829,66001,-123.80894152337959,5.566802721935252,23
8346,-57.22986854687127,7.158860112092514,66008,-49.93530245157272,-0.19848027172185767,2
8347,-114.34369401952493,8.158402653328032,66014,-114.33047638704419,5.73481138949136,19
8348,-8.93169368749906,3.9792524998382013,66015,-6.878718007946434,-1.0926682779646681,10
8349,-146.10546170547673,1.8917220017465433,66023,-146.59606179012786,4.113086925586259,4
8350,-134.12315521838457,2.980597144077242,66027,-134.89656831690453,-0.030690791204986433,34
8351,20.9229666610889,6.634272013944554,66029,18.937510567705566,1.034768221250525,27
8352,-49.33684637154918,9.611870202206802,66060,-49.93530245157272,-0.19848027172185767,2
8353,756.3427005248224,-16.922717916551175,66090,861.6475783799328,6.515082937232454,35
8354,-82.8652902414475,0.7704428168622033,66093,-85.91178621041317,3.2728237667350073,24
8355,-60.57944448905524,-3.067253358091455,66103,-66.8889597803445,2.169628081691683,14
8356,536.8576189289432,11.246048864716624,66105,586.0312761189704,-1.722944617346204,30
8357,-145.88839235528312,-0.8116204365977827,66119,-148.09620948762597,-1.1157003398540595,36
8358,-135.00515837829312,-0.12393833173896442,66121,-134.89656831690453,-0.030690791204986433,34
8359,-126.16811617093835,3.60654150431796,66128,-123.80894152337959,5.566802721935252,23
8360,-65.34108827711597,-7.345270505233138,66130,-66.8889597803445,2.169628081691683,14
8361,-122.14909535430937,3.759497726969424,66136,-123.80894152337959,5.566802721935252,23
8362,417.52661869202626,11.88997229125842,66137,417.6915390220547,-4.11857226961515,29
8363,-73.82850476658918,0.12134113557808053,66146,-77.6204452281073,-4.536559244831727,5
8364,-88.82591139672786,-15.422620989267628,66174,-95.36861679384212,-10.95784818293233,28
8365,-5.076672012287467,7.214911724437812,66175,-6.878718007946434,-1.0926682779646681,10
8366,118.93286976676366,-4.086960609741884,66192,104.96211155305676,-0.5414592591613776,31
8367,44.20378330751114,-10.757948841492558,66199,47.997068783449585,1.2679199422360634,13
8368,28.00605717011857,5.973967197465307,66207,18.937510567705566,1.034768221250525,27
8369,187.27950711466903,7.27254247708372,66220,172.66355239880147,-2.7112682595768685,38
8370,-125.92432017196883,-0.19061057230720457,66241,-123.94204162798616,-1.5144507595891967,3
8371,146.8092065698017,-1.420758471802394,66247,135.4076551174278,-1.697351881935795,33
8372,193.7285475603493,-13.066451076060934,66249,172.66355239880147,-2.7112682595768685,38
8373,269.3135720113409,-4.2545803670345625,66266,302.44973475302317,-5.405747081354008,25
8374,-32.10546432147397,5.361899538496668,66269,-29.714479793685786,-1.264748112657314,8
8375,-48.33695986004601,-6.619608289042853,66271,-49.93530245157272,-0.19848027172185767,2
8376,202.48085956303095,-37.98624959443021,66291,227.03647807555316,-5.020718083634986,26
8377,415.8679627311776,6.9473444459448075,66294,417.6915390220547,-4.11857226961515,29
8378,375.63095507233777,8.889856875615266,66297,417.6915390220547,-4.11857226961515,29
8379,786.1087003745264,16.117073971353555,66302,861.6475783799328,6.515082937232454,35
8380,-114.06835817454878,2.6420413664095532,66310,-114.33047638704419,5.73481138949136,19
8381,-130.30566211667343,7.053779131049295,66316,-132.1080396739421,5.887059356646324,17
8382,313.3908814371326,-4.185589786598167,66320,302.44973475302317,-5.405747081354008,25
8383,-80.70050233921684,-2.7972953856794707,66339,-77.6204452281073,-4.536559244831727,5
8384,95.50136225825402,-28.076420099683574,66342,110.19899446847099,-35.665903512662624,21
8385,46.30118446129345,-11.826447339990363,66362,47.997068783449585,1.2679199422360634,13
8386,-11.354853725044046,-4.0872245307448685,66376,-6.878718007946434,-1.0926682779646681,10
8387,-143.77011464442552,-2.857500092755576,66381,-141.0346653257256,-1.1036168920026446,0
8388,-115.25493493128138,-9.038919369153136,66386,-115.69510858146283,-11.595084171039186,39
8389,78.21146222096391,5.4032079452164465,66390,78.01149217232324,3.6022338347977136,6
8390,-120.35025380055853,-8.582607273916683,66398,-115.69510858146283,-11.595084171039186,39
8391,-144.05597212741782,1.3655013775576341,66415,-146.59606179012786,4.113086925586259,4
8392,359.58624555811764,9.09078598975573,66420,302.44973475302317,-5.405747081354008,25
8393,-123.12386239647822,3.19839514525037,66422,-123.80894152337959,5.566802721935252,23
8394,-128.27298457189227,5.880076551392624,66428,-132.1080396739421,5.887059356646324,17
8395,-145.2109900530452,4.203967367827461,66430,-146.59606179012786,4.113086925586259,4
8396,21.761645881431928,-5.050351779025959,66437,18.937510567705566,1.034768221250525,27
8397,-91.5157426190563,-4.46316514775357,66441,-95.36861679384212,-10.95784818293233,28
8398,33.100548450975246,-23.935659108170224,66449,28.39696760572947,-22.91072472808294,12
8399,-12.616282429719583,0.08516306305248704,66457,-6.878718007946434,-1.0926682779646681,10
8400,1259.8277034409055,22.182237131168232,66465,1342.5649032771717,32.04824045393157,32
8401,256.80759119624804,2.520534695398108,66488,227.03647807555316,-5.020718083634986,26
8402,-112.04709500572353,2.207899093911127,66489,-109.71624596876933,-1.0040630408538558,16
8403,110.42953971977788,2.684543507585808,66516,104.96211155305676,-0.5414592591613776,31
8404,66.44523267404492,1.0944655963441445,66526,78.01149217232324,3.6022338347977136,6
8405,-11.623559914409462,-14.995841417200385,66527,-6.878718007946434,-1.0926682779646681,10
8406,-98.0718238338293,3.509900060716663,66544,-96.6939343764425,2.7165835152131033,15
8407,213.16994417988724,-18.833829240756554,66550,227.03647807555316,-5.020718083634986,26
8408,-105.32144103418877,7.846014302062692,66590,-104.7190727296112,3.8815952186994593,7
8409,-43.912668192314115,3.4697618104158203,66606,-49.93530245157272,-0.19848027172185767,2
8410,-143.93585407879323,0.29370251656186164,66608,-141.0346653257256,-1.1036168920026446,0
8411,-133.806814458112,-2.383062233854145,66617,-134.89656831690453,-0.030690791204986433,34
8412,-27.76675432828808,1.5957606774024817,66625,-29.714479793685786,-1.264748112657314,8
8413,-104.86297789784385,0.3599113263325638,66628,-104.7190727296112,3.8815952186994593,7
8414,-121.32738213182566,7.684244622345593,66633,-123.80894152337959,5.566802721935252,23
8415,-124.14068706666195,3.567417013975731,66645,-123.80894152337959,5.566802721935252,23
8416,-106.29551286251376,-9.04142880685903,66648,-109.71624596876933,-1.0040630408538558,16
8417,-57.4308861392381,-5.245089975232262,66650,-49.93530245157272,-0.19848027172185767,2
8418,-137.8051431300343,-1.4651373806630406,66652,-134.89656831690453,-0.030690791204986433,34
8419,-132.88640883409843,-2.1617242598463893,66663,-134.89656831690453,-0.030690791204986433,34
8420,191.5569359306001,3.830556074797119,66665,172.66355239880147,-2.7112682595768685,38
8421,-109.42384449906464,9.497037203694477,66680,-114.33047638704419,5.73481138949136,19
8422,-104.8521525173787,-0.9036856992231115,66681,-104.7190727296112,3.8815952186994593,7
8423,209.2619040556674,-6.184112700090341,66689,227.03647807555316,-5.020718083634986,26
8424,-27.29663560103807,-5.103502537304081,66691,-29.714479793685786,-1.264748112657314,8
8425,-27.797322420920832,1.2323182844856322,66698,-29.714479793685786,-1.264748112657314,8
8426,-124.23123840070096,5.524633692412557,66702,-123.80894152337959,5.566802721935252,23
8427,-71.07460567757096,5.04822750466417,66708,-66.8889597803445,2.169628081691683,14
8428,-132.16544133833506,3.451180187138519,66716,-132.1080396739421,5.887059356646324,17
8429,-55.654376022492265,-0.8349301675467221,66720,-49.93530245157272,-0.19848027172185767,2
8430,-122.12388314918582,2.697419490758421,66751,-123.80894152337959,5.566802721935252,23
8431,-110.3197465102093,7.687406281396785,66755,-114.33047638704419,5.73481138949136,19
8432,49.147241836797534,4.269199529814314,66757,47.997068783449585,1.2679199422360634,13
8433,35.723582993704355,-3.4672003437999237,66775,47.997068783449585,1.2679199422360634,13
8434,79.97307802986666,9.103023685692785,66779,78.01149217232324,3.6022338347977136,6
8435,-54.2565662802162,8.814032090781762,66787,-49.93530245157272,-0.19848027172185767,2
8436,-9.077080176131894,-8.075385161105144,66788,-6.878718007946434,-1.0926682779646681,10
8437,-7.076117054350714,7.179720245348323,66789,-6.878718007946434,-1.0926682779646681,10
8438,-118.64006901057395,-3.225719288764545,66797,-118.09857507912784,0.7103841694799473,11
8439,-120.23554701695127,5.17953483164312,66802,-123.80894152337959,5.566802721935252,23
8440,-15.23725377968817,-7.231526792584198,66811,-6.878718007946434,-1.0926682779646681,10
8441,-35.75994252036904,-0.21893276238730824,66813,-29.714479793685786,-1.264748112657314,8
8442,-118.92081774692274,-14.368859331330645,66816,-115.69510858146283,-11.595084171039186,39
8443,-138.23695993738383,5.419606333582986,66820,-137.57400940459857,4.493303950559668,20
8444,169.87694684763298,-1.4828959928420098,66822,172.66355239880147,-2.7112682595768685,38
8445,-88.46801591012945,-4.935109018783207,66823,-85.91178621041317,3.2728237667350073,24
8446,191.51551259144242,3.713660106782189,66829,172.66355239880147,-2.7112682595768685,38
8447,-116.48341795634659,-5.593247204324907,66832,-115.69510858146283,-11.595084171039186,39
8448,-124.12632386457986,3.2319355393531537,66851,-123.80894152337959,5.566802721935252,23
8449,42.074300297085365,6.248779297664879,66854,47.997068783449585,1.2679199422360634,13
8450,-66.25477348024447,-8.226304963652979,66855,-66.8889597803445,2.169628081691683,14
8451,-83.05253812110826,3.8574702768054916,66861,-85.91178621041317,3.2728237667350073,24
8452,509.99537228737415,22.52049618332659,66888,586.0312761189704,-1.722944617346204,30
8453,101.00159277144536,9.862416343410958,66907,104.96211155305676,-0.5414592591613776,31
8454,441.3991499399093,14.574763269599236,66911,417.6915390220547,-4.11857226961515,29
8455,560.9598108714508,10.455570503864568,66913,586.0312761189704,-1.722944617346204,30
8456,-129.99527153249448,0.28181513597596525,66920,-129.1025175244067,1.5488809909733745,1
8457,-124.70485645436675,-3.439508613833854,66924,-123.94204162798616,-1.5144507595891967,3
8458,55.27214040022698,-25.784649085757707,66931,70.166569844569,-14.692630117552799,9
8459,-54.542069114071104,-32.21203426890704,66957,-49.93530245157272,-0.19848027172185767,2
8460,385.2163419871625,15.574470856444119,66963,417.6915390220547,-4.11857226961515,29
8461,-33.74416037266817,1.5077994774565864,66980,-29.714479793685786,-1.264748112657314,8
8462,67.50138050057068,-13.807761483466056,66983,70.166569844569,-14.692630117552799,9
8463,297.189218446631,-1.569087016078365,66988,302.44973475302317,-5.405747081354008,25
8464,-141.0199359128058,1.1323394627366858,67001,-141.0346653257256,-1.1036168920026446,0
8465,-113.30078907503977,6.735834738034914,67019,-114.33047638704419,5.73481138949136,19
8466,-35.19135313554504,7.6974205312874036,67026,-29.714479793685786,-1.264748112657314,8
8467,-53.978504683963145,3.739316085038142,67027,-49.93530245157272,-0.19848027172185767,2
8468,-146.10972262350552,3.0268297858478124,67028,-146.59606179012786,4.113086925586259,4
8469,-92.46492117090271,-6.1269240118389625,67029,-95.36861679384212,-10.95784818293233,28
8470,-105.16646601552594,4.948270702779491,67031,-104.7190727296112,3.8815952186994593,7
8471,-111.18007260732671,4.643855452407041,67032,-114.33047638704419,5.73481138949136,19
8472,-130.10344712069025,2.1332152024735205,67044,-129.1025175244067,1.5488809909733745,1
8473,-39.516545173949645,13.210051996577244,67045,-49.93530245157272,-0.19848027172185767,2
8474,-113.34668366175522,8.26700383269641,67082,-114.33047638704419,5.73481138949136,19
8475,-124.86880860524019,-1.908866329990373,67087,-123.94204162798616,-1.5144507595891967,3
8476,29.296107686557296,2.7129696078158534,67118,18.937510567705566,1.034768221250525,27
8477,88.51924488217985,0.35623704096039743,67123,78.01149217232324,3.6022338347977136,6
8478,-65.66296825649738,-1.3205117280767242,67133,-66.8889597803445,2.169628081691683,14
8479,-149.87367134111906,-1.194612081458435,67135,-148.09620948762597,-1.1157003398540595,36
8480,-92.27173703380232,6.448503599685422,67136,-96.6939343764425,2.7165835152131033,15
8481,-34.24818857374048,-6.277899335236012,67140,-29.714479793685786,-1.264748112657314,8
8482,494.36885211481507,2.427905767636856,67142,417.6915390220547,-4.11857226961515,29
8483,-133.97203590236353,-0.8235954478864362,67144,-134.89656831690453,-0.030690791204986433,34
8484,-97.47354491319032,-4.971664160582281,67149,-95.36861679384212,-10.95784818293233,28
8485,-100.18693285167792,5.469180368652747,67158,-96.6939343764425,2.7165835152131033,15
8486,-36.51364048802264,-2.5559239237265743,67160,-29.714479793685786,-1.264748112657314,8
8487,176.1582368073489,8.715998813313385,67161,172.66355239880147,-2.7112682595768685,38
8488,-104.29962992618363,7.876922665961725,67165,-104.7190727296112,3.8815952186994593,7
8489,-53.87510282757864,1.9984542946199695,67167,-49.93530245157272,-0.19848027172185767,2
8490,-96.96522403177751,-13.027823924106187,67169,-95.36861679384212,-10.95784818293233,28
8491,-153.2057265861336,3.9647957353611005,67175,-152.23629829764135,4.213482038439798,37
8492,-111.94897553395195,0.5812436900509806,67179,-109.71624596876933,-1.0040630408538558,16
8493,-149.26479817630135,5.331446388027942,67180,-146.59606179012786,4.113086925586259,4
8494,218.31635291897985,-6.714557647668019,67181,227.03647807555316,-5.020718083634986,26
8495,-19.98874658531662,-9.677062061483616,67184,-29.714479793685786,-1.264748112657314,8
8496,66.09020876802035,7.334423065023078,67188,78.01149217232324,3.6022338347977136,6
8497,-153.2110519028849,4.603751221053827,67200,-152.23629829764135,4.213482038439798,37
8498,-12.091287822859949,-8.838683708248569,67205,-6.878718007946434,-1.0926682779646681,10
8499,-148.06323341754685,1.4493069423018674,67218,-148.09620948762597,-1.1157003398540595,36
8500,-122.03486339094917,1.7700555343712123,67228,-123.94204162798616,-1.5144507595891967,3
8501,782.131492411937,15.544575682840351,67237,861.6475783799328,6.515082937232454,35
8502,105.88947027720943,-18.596020959560786,67247,110.19899446847099,-35.665903512662624,21
8503,-100.98257346215348,2.02175067339157,67252,-104.7190727296112,3.8815952186994593,7
8504,5.86802477574535,-6.619211267004945,67266,-6.878718007946434,-1.0926682779646681,10
8505,-110.23030819876229,5.235599079373383,67268,-114.33047638704419,5.73481138949136,19
8506,-116.24594517059744,6.00884047873391,67273,-114.33047638704419,5.73481138949136,19
8507,-57.7528070959425,0.7813192176599211,67279,-49.93530245157272,-0.19848027172185767,2
8508,-142.3444824293854,7.212154297049487,67285,-142.14616351708418,5.245197398204194,22
8509,-51.501158083065285,12.151659586587687,67295,-49.93530245157272,-0.19848027172185767,2
8510,179.60793853907774,3.030417183297613,67297,172.66355239880147,-2.7112682595768685,38
8511,228.82954108847503,1.06210795803213,67325,227.03647807555316,-5.020718083634986,26
8512,-21.672433624508646,-0.8880347967737366,67332,-29.714479793685786,-1.264748112657314,8
8513,53.24433242121655,2.719161072584796,67333,47.997068783449585,1.2679199422360634,13
8514,450.56039934211236,-16.207618697699992,67334,417.6915390220547,-4.11857226961515,29
8515,-145.33710497053065,6.976622211226914,67335,-146.59606179012786,4.113086925586259,4
8516,48.217089538840106,3.7382966457142204,67345,47.997068783449585,1.2679199422360634,13
8517,-116.89117578791816,-1.2928138906199114,67352,-118.09857507912784,0.7103841694799473,11
8518,-81.92203905274864,-13.2123233305393,67356,-77.6204452281073,-4.536559244831727,5
8519,-135.10557404706512,2.0948071771204324,67361,-134.89656831690453,-0.030690791204986433,34
8520,-8.881843136978539,3.9206005768677574,67363,-6.878718007946434,-1.0926682779646681,10
8521,-104.95534501623113,1.337064141375398,67364,-104.7190727296112,3.8815952186994593,7
8522,66.04852272585859,7.244520181112045,67369,78.01149217232324,3.6022338347977136,6
8523,-64.98089620540132,3.605470000196796,67376,-66.8889597803445,2.169628081691683,14
8524,-138.96872646714115,0.5666955109573131,67377,-141.0346653257256,-1.1036168920026446,0
8525,178.11277916055766,-4.97182616302147,67384,172.66355239880147,-2.7112682595768685,38
8526,-133.26075103530974,6.011694732045691,67397,-132.1080396739421,5.887059356646324,17
8527,-22.93862152300797,4.424212791037502,67399,-29.714479793685786,-1.264748112657314,8
8528,-142.16903586621007,3.349803545222843,67404,-142.14616351708418,5.245197398204194,22
8529,184.56070965679018,-11.099028334599,67414,172.66355239880147,-2.7112682595768685,38
8530,-17.393515540123552,10.873055715706695,67415,-6.878718007946434,-1.0926682779646681,10
8531,-133.07364744431823,2.447470597426011,67428,-134.89656831690453,-0.030690791204986433,34
8532,93.89544079573855,-4.70774416479319,67441,104.96211155305676,-0.5414592591613776,31
8533,-16.007073483083637,-10.239109618979338,67443,-6.878718007946434,-1.0926682779646681,10
8534,338.2140680301057,-0.9120420128553197,67445,302.44973475302317,-5.405747081354008,25
8535,-70.04334273909987,4.363312234707702,67447,-66.8889597803445,2.169628081691683,14
8536,-142.91687922553027,-0.1183895260768402,67456,-141.0346653257256,-1.1036168920026446,0
8537,-77.7828440120051,-0.9423741785588622,67467,-77.6204452281073,-4.536559244831727,5
8538,-116.33975370846699,8.056470553872199,67478,-114.33047638704419,5.73481138949136,19
8539,1007.7714193551234,-14.388757660334605,67481,861.6475783799328,6.515082937232454,35
8540,48.77267467137112,-19.04577366391255,67498,47.997068783449585,1.2679199422360634,13
8541,-63.20242473725368,-8.298725610840592,67499,-66.8889597803445,2.169628081691683,14
8542,-11.880627284359491,4.370112452209973,67500,-6.878718007946434,-1.0926682779646681,10
8543,152.71113757671822,15.568925353455777,67511,135.4076551174278,-1.697351881935795,33
8544,-148.26050138040043,5.749246502556448,67536,-146.59606179012786,4.113086925586259,4
8545,-143.83418419563404,-2.4650854344283024,67539,-141.0346653257256,-1.1036168920026446,0
8546,90.86267737226413,-3.532721271759004,67542,104.96211155305676,-0.5414592591613776,31
8547,205.28867507293288,-6.322555485103452,67545,227.03647807555316,-5.020718083634986,26
8548,580.2999125130409,6.407720584574741,67551,586.0312761189704,-1.722944617346204,30
8549,-110.15878259625902,4.687137662821563,67560,-114.33047638704419,5.73481138949136,19
8550,-127.22165172573838,4.765519481910284,67574,-123.80894152337959,5.566802721935252,23
8551,-110.02701076574803,0.7686781639114587,67581,-109.71624596876933,-1.0040630408538558,16
8552,-106.96463706236919,0.989134895352402,67586,-109.71624596876933,-1.0040630408538558,16
8553,-114.0610879765304,1.9555707843565784,67600,-114.33047638704419,5.73481138949136,19
8554,-129.23442052126646,5.001298473681668,67624,-132.1080396739421,5.887059356646324,17
8555,317.36541871673256,-3.5492217623450832,67626,302.44973475302317,-5.405747081354008,25
8556,-69.6037036471254,-2.6764383169453847,67631,-66.8889597803445,2.169628081691683,14
8557,343.58600076256215,-5.897974479407118,67632,302.44973475302317,-5.405747081354008,25
8558,68.90718106473963,-5.896398096208379,67633,70.166569844569,-14.692630117552799,9
8559,24.862324439142462,-20.89642251234567,67635,28.39696760572947,-22.91072472808294,12
8560,-137.91136562284441,-2.2165885096892866,67641,-141.0346653257256,-1.1036168920026446,0
8561,60.67906126595886,-2.5756674034601903,67642,47.997068783449585,1.2679199422360634,13
8562,-123.25786290433075,-10.146441454169143,67659,-115.69510858146283,-11.595084171039186,39
8563,-154.174122477922,3.2615976110972453,67670,-152.23629829764135,4.213482038439798,37
8564,31.41093127118968,0.7446044765548424,67688,18.937510567705566,1.034768221250525,27
8565,-118.11496188956427,4.107496539797769,67706,-118.09857507912784,0.7103841694799473,11
8566,-139.96216848191565,0.9073169490135059,67713,-141.0346653257256,-1.1036168920026446,0
8567,-96.99773110906831,2.4148950994196063,67717,-96.6939343764425,2.7165835152131033,15
8568,252.1022408590697,-30.90911206850767,67723,227.03647807555316,-5.020718083634986,26
8569,-119.90315565328845,-0.052740131308159015,67726,-118.09857507912784,0.7103841694799473,11
8570,-133.22883578355265,4.81133299698458,67729,-132.1080396739421,5.887059356646324,17
8571,35.75052688432453,-4.047657278735968,67744,47.997068783449585,1.2679199422360634,13
8572,-142.95369794737826,-0.859862693787824,67745,-141.0346653257256,-1.1036168920026446,0
8573,-150.00097515579515,-0.46314947370946735,67747,-148.09620948762597,-1.1157003398540595,36
8574,-140.18606095265636,4.782352765595892,67763,-142.14616351708418,5.245197398204194,22
8575,-70.29432324347776,7.8260797564017635,67775,-66.8889597803445,2.169628081691683,14
8576,-149.03307694150993,1.254173823376241,67784,-148.09620948762597,-1.1157003398540595,36
8577,-137.09093615230876,3.769255812451961,67804,-137.57400940459857,4.493303950559668,20
8578,30.83430618566243,-5.975256166743678,67805,18.937510567705566,1.034768221250525,27
8579,331.25275930692584,-1.3553405982209679,67807,302.44973475302317,-5.405747081354008,25
8580,-86.77243144981942,-0.31297561505783883,67817,-85.91178621041317,3.2728237667350073,24
8581,-133.08489448295947,3.1832677550383095,67836,-132.1080396739421,5.887059356646324,17
8582,19.608821406749417,-3.2715087617504315,67837,18.937510567705566,1.034768221250525,27
8583,-39.96442430758998,3.147751222007718,67847,-49.93530245157272,-0.19848027172185767,2
8584,-56.89252066906858,-12.924066011765774,67849,-49.93530245157272,-0.19848027172185767,2
8585,-103.9509908876993,2.297425330417208,67851,-104.7190727296112,3.8815952186994593,7
8586,-107.56180738018698,-5.790319016280607,67859,-109.71624596876933,-1.0040630408538558,16
8587,-18.987691917958927,4.508653204118278,67874,-29.714479793685786,-1.264748112657314,8
8588,-103.7896111470801,-0.733839993081323,67879,-104.7190727296112,3.8815952186994593,7
8589,-120.1045637232761,3.3292948939295806,67892,-118.09857507912784,0.7103841694799473,11
8590,125.20292655823059,6.872920069757524,67901,135.4076551174278,-1.697351881935795,33
8591,214.50926267055596,4.7432046695152765,67903,227.03647807555316,-5.020718083634986,26
8592,383.13825946812335,-12.710829092595803,67912,417.6915390220547,-4.11857226961515,29
8593,-115.0748155964968,3.2769691223658555,67923,-114.33047638704419,5.73481138949136,19
8594,-34.81378315463841,1.482300478529732,67924,-29.714479793685786,-1.264748112657314,8
8595,-97.72362279114715,-2.06016617195217,67939,-96.6939343764425,2.7165835152131033,15
8596,103.87702510286385,11.10278030790866,67947,104.96211155305676,-0.5414592591613776,31
8597,-30.69286665685044,0.9487872522475972,67960,-29.714479793685786,-1.264748112657314,8
8598,-138.79164602677838,-3.324754619177704,67992,-141.0346653257256,-1.1036168920026446,0
8599,-117.40325356602521,8.894378233906098,68013,-114.33047638704419,5.73481138949136,19
8600,101.15687618711138,7.500028386337659,68019,104.96211155305676,-0.5414592591613776,31
8601,-99.7930956732792,-1.1007565763161828,68027,-96.6939343764425,2.7165835152131033,15
8602,229.62380263071773,19.794116560967055,68030,227.03647807555316,-5.020718083634986,26
8603,-151.9865444765159,-0.28114148005239825,68033,-148.09620948762597,-1.1157003398540595,36
8604,92.05745472960119,-6.757498602123014,68034,104.96211155305676,-0.5414592591613776,31
8605,-66.8566325162822,-13.357282539834888,68036,-77.6204452281073,-4.536559244831727,5
8606,133.20767233442464,-8.336151877243335,68077,135.4076551174278,-1.697351881935795,33
8607,-117.16445603362438,3.6810100846791936,68079,-118.09857507912784,0.7103841694799473,11
8608,259.4043084481046,-20.626559362075486,68093,227.03647807555316,-5.020718083634986,26
8609,-111.24221715920461,5.995079434196885,68096,-114.33047638704419,5.73481138949136,19
8610,-20.188552782722248,-6.843209814731241,68104,-29.714479793685786,-1.264748112657314,8
8611,774.2661511739027,13.479338928500319,68105,861.6475783799328,6.515082937232454,35
8612,-103.36973426822587,8.931522341346891,68116,-104.7190727296112,3.8815952186994593,7
8613,-80.48504461789915,-5.462441835302509,68120,-77.6204452281073,-4.536559244831727,5
8614,-133.63319279572906,-4.154841825616567,68130,-130.75996572568545,-6.6137591708523855,18
8615,941.9232587688656,-18.825932352848977,68138,861.6475783799328,6.515082937232454,35
8616,-107.59332393122655,-4.053394518884739,68170,-109.71624596876933,-1.0040630408538558,16
8617,-23.51808147650773,-3.279596762980838,68189,-29.714479793685786,-1.264748112657314,8
8618,-143.88794121315374,-2.3278424364417596,68194,-141.0346653257256,-1.1036168920026446,0
8619,-102.90465360349583,-0.7492377851803529,68208,-104.7190727296112,3.8815952186994593,7
8620,393.25774977653356,0.591988476427626,68223,417.6915390220547,-4.11857226961515,29
8621,-86.17718287981984,5.513871120391184,68230,-85.91178621041317,3.2728237667350073,24
8622,-95.70659230327598,-1.8942508715243387,68234,-96.6939343764425,2.7165835152131033,15
8623,103.53230787690657,-13.372605833308038,68248,104.96211155305676,-0.5414592591613776,31
8624,-27.332177750026627,-5.367034217983925,68250,-29.714479793685786,-1.264748112657314,8
8625,399.1613203179076,-26.647254794102672,68256,417.6915390220547,-4.11857226961515,29
8626,-130.95817402574318,-1.088320216729853,68259,-129.1025175244067,1.5488809909733745,1
8627,-146.18296824360922,4.62154132666186,68265,-146.59606179012786,4.113086925586259,4
8628,-82.26673844854048,7.527276129718975,68267,-85.91178621041317,3.2728237667350073,24
8629,142.555892608878,2.527149992129369,68275,135.4076551174278,-1.697351881935795,33
8630,-115.01594985543623,-13.258591475900971,68279,-115.69510858146283,-11.595084171039186,39
8631,36.80089512769412,10.097592752864987,68303,47.997068783449585,1.2679199422360634,13
8632,925.8543225072569,24.54272879219513,68309,861.6475783799328,6.515082937232454,35
8633,-104.14719248798178,5.053222667687272,68312,-104.7190727296112,3.8815952186994593,7
8634,-84.84169500903285,0.22516250543015756,68319,-85.91178621041317,3.2728237667350073,24
8635,-116.84074168850415,-0.8427572418218804,68335,-118.09857507912784,0.7103841694799473,11
8636,-140.9195965186414,-1.5747604105961832,68338,-141.0346653257256,-1.1036168920026446,0
8637,-67.91407205518894,1.0595394327671879,68339,-66.8889597803445,2.169628081691683,14
8638,-143.4901958053724,-8.453192686017585,68345,-141.0346653257256,-1.1036168920026446,0
8639,-102.59435807916094,-4.96771675235888,68353,-109.71624596876933,-1.0040630408538558,16
8640,-124.74153674331895,-4.188589130327117,68356,-123.94204162798616,-1.5144507595891967,3
8641,-119.04823995199091,1.606547052459353,68366,-118.09857507912784,0.7103841694799473,11
8642,249.07926566888918,12.70982552329577,68368,227.03647807555316,-5.020718083634986,26
8643,-116.22513773478323,6.038864167860337,68373,-114.33047638704419,5.73481138949136,19
8644,742.7975684870477,19.119771445562147,68387,861.6475783799328,6.515082937232454,35
8645,778.9758919157481,32.08398700806497,68390,861.6475783799328,6.515082937232454,35
8646,175.2101666304233,-35.07320737617642,68391,172.66355239880147,-2.7112682595768685,38
8647,-85.11888384643471,3.2085262633374243,68394,-85.91178621041317,3.2728237667350073,24
8648,413.4037263478713,-0.7179087425888989,68397,417.6915390220547,-4.11857226961515,29
8649,-40.504073320065686,-2.840676055592432,68399,-49.93530245157272,-0.19848027172185767,2
8650,254.7837214480791,3.004195374453219,68413,227.03647807555316,-5.020718083634986,26
8651,-59.01396509624827,3.4144246520257955,68416,-66.8889597803445,2.169628081691683,14
8652,-127.15186674876892,4.254196407247817,68426,-129.1025175244067,1.5488809909733745,1
8653,-88.05975920821962,4.429362378436884,68430,-85.91178621041317,3.2728237667350073,24
8654,-36.86005800405489,1.4237323425251625,68440,-29.714479793685786,-1.264748112657314,8
8655,-115.20030368189359,6.036275618595992,68455,-114.33047638704419,5.73481138949136,19
8656,-151.13696979394896,2.5143403829652478,68466,-152.23629829764135,4.213482038439798,37
8657,214.75364195333415,1.450731778905015,68470,227.03647807555316,-5.020718083634986,26
8658,23.509646399806964,-1.0346424760155415,68483,18.937510567705566,1.034768221250525,27
8659,-116.12181136269464,3.7792560117474165,68487,-114.33047638704419,5.73481138949136,19
8660,-74.83922711320977,1.3538504287264446,68489,-77.6204452281073,-4.536559244831727,5
8661,-153.31641032850294,6.381904613192849,68490,-152.23629829764135,4.213482038439798,37
8662,-88.1932295029343,5.819371186205871,68491,-85.91178621041317,3.2728237667350073,24
8663,-115.33984097886392,8.049678311208696,68497,-114.33047638704419,5.73481138949136,19
8664,139.33223748283862,5.309126714619884,68498,135.4076551174278,-1.697351881935795,33
8665,104.95587963371406,-33.7604881383257,68508,110.19899446847099,-35.665903512662624,21
8666,-113.4106404622305,9.137901550441983,68523,-114.33047638704419,5.73481138949136,19
8667,-104.91492727318925,0.46912813630405986,68524,-104.7190727296112,3.8815952186994593,7
8668,-120.32351749383359,7.612968431765787,68540,-123.80894152337959,5.566802721935252,23
8669,140.37218411038447,4.458650316143265,68577,135.4076551174278,-1.697351881935795,33
8670,-6.3944486463161505,-4.6638398207868,68582,-6.878718007946434,-1.0926682779646681,10
8671,-142.23655209880144,5.327356726717781,68586,-142.14616351708418,5.245197398204194,22
8672,53.77948307291567,-3.8836777946745005,68588,47.997068783449585,1.2679199422360634,13
8673,-149.32537570273226,6.637406828567814,68602,-146.59606179012786,4.113086925586259,4
8674,506.9364717353112,-48.33744125526444,68610,586.0312761189704,-1.722944617346204,30
8675,-133.1835324423495,4.328030463343138,68616,-132.1080396739421,5.887059356646324,17
8676,-127.20898358004729,4.485838930191094,68622,-129.1025175244067,1.5488809909733745,1
8677,-115.14459936498508,4.310604656527915,68627,-114.33047638704419,5.73481138949136,19
8678,-43.902341764939074,2.738518216802671,68638,-49.93530245157272,-0.19848027172185767,2
8679,5.873844189184706,9.014393242938867,68640,18.937510567705566,1.034768221250525,27
8680,-56.15282846520352,5.97886217755023,68643,-49.93530245157272,-0.19848027172185767,2
8681,-8.37562194316826,11.675810707239238,68646,-6.878718007946434,-1.0926682779646681,10
8682,-111.19821183132984,5.53675875588586,68652,-114.33047638704419,5.73481138949136,19
8683,0.6508248630261618,11.750029348030688,68672,-6.878718007946434,-1.0926682779646681,10
8684,-92.29295185444269,7.921383879032701,68680,-96.6939343764425,2.7165835152131033,15
8685,-127.02150961043179,0.3960924353679402,68687,-129.1025175244067,1.5488809909733745,1
8686,-147.33425152448734,6.8954043855884155,68693,-146.59606179012786,4.113086925586259,4
8687,-136.97900100452188,-0.7260618381421335,68701,-134.89656831690453,-0.030690791204986433,34
8688,-101.3305024676836,7.573149305465491,68745,-104.7190727296112,3.8815952186994593,7
8689,86.1038205108804,6.870148153951193,68746,78.01149217232324,3.6022338347977136,6
8690,-133.96746454223725,1.1224173128501707,68748,-134.89656831690453,-0.030690791204986433,34
8691,-140.34900515152762,7.331258720655945,68757,-142.14616351708418,5.245197398204194,22
8692,-48.649345114952546,-0.8102613232256279,68758,-49.93530245157272,-0.19848027172185767,2
8693,-33.537440620338415,-2.5197340489684668,68759,-29.714479793685786,-1.264748112657314,8
8694,329.57010323685427,-6.2926460164402025,68761,302.44973475302317,-5.405747081354008,25
8695,-81.23034789292832,6.729304223056579,68777,-85.91178621041317,3.2728237667350073,24
8696,-0.3409666548164673,-3.6738479411971063,68795,-6.878718007946434,-1.0926682779646681,10
8697,-109.20693080088823,5.752259266772132,68797,-104.7190727296112,3.8815952186994593,7
8698,-118.79550480034459,-2.3806342453319256,68821,-118.09857507912784,0.7103841694799473,11
8699,-99.06826939005816,1.8586925877319018,68823,-96.6939343764425,2.7165835152131033,15
8700,-44.263802171510164,-7.130258017350422,68827,-49.93530245157272,-0.19848027172185767,2
8701,-114.99026764347147,2.4608489008918615,68837,-114.33047638704419,5.73481138949136,19
8702,-138.15338414970324,4.107472631872369,68840,-137.57400940459857,4.493303950559668,20
8703,-40.90642868991157,-11.845256654523615,68870,-49.93530245157272,-0.19848027172185767,2
8704,-108.7467468792709,-1.235703369327704,68896,-109.71624596876933,-1.0040630408538558,16
8705,-128.09975615626843,3.1058909707830185,68907,-129.1025175244067,1.5488809909733745,1
8706,109.77104958621305,-2.239035602332288,68908,104.96211155305676,-0.5414592591613776,31
8707,-144.09948805972354,2.299383757293865,68914,-146.59606179012786,4.113086925586259,4
8708,-75.07656527916382,3.9808219914636767,68919,-66.8889597803445,2.169628081691683,14
8709,-38.13897532303469,5.971391677539601,68940,-29.714479793685786,-1.264748112657314,8
8710,-113.89065025085272,-0.22635991652026863,68949,-109.71624596876933,-1.0040630408538558,16
8711,-99.91800272679318,1.634033043459932,68957,-96.6939343764425,2.7165835152131033,15
8712,-142.02854183187674,1.8170377064837864,68966,-141.0346653257256,-1.1036168920026446,0
8713,-121.37789133903192,8.275711548152492,68974,-123.80894152337959,5.566802721935252,23
8714,-43.315205298047815,9.766020177847292,68976,-49.93530245157272,-0.19848027172185767,2
8715,-78.32967956220891,8.970740878012917,68983,-85.91178621041317,3.2728237667350073,24
8716,-119.18654000027699,-10.612507026035072,68994,-115.69510858146283,-11.595084171039186,39
8717,39.40950263010429,0.9190275864451275,69002,47.997068783449585,1.2679199422360634,13
8718,-65.02327269776302,-11.7332900769739,69030,-66.8889597803445,2.169628081691683,14
8719,25.54129304747207,14.573826167495655,69031,18.937510567705566,1.034768221250525,27
8720,-89.39118931805977,9.635837117722417,69039,-85.91178621041317,3.2728237667350073,24
8721,-122.94902528948175,0.40714374502463624,69042,-123.94204162798616,-1.5144507595891967,3
8722,-106.23045835642392,5.282859184000567,69054,-104.7190727296112,3.8815952186994593,7
8723,374.80463983996015,6.6232247770488515,69057,417.6915390220547,-4.11857226961515,29
8724,39.19921987327712,-11.271558702815042,69070,47.997068783449585,1.2679199422360634,13
8725,-120.0980629611081,3.2027829063312994,69073,-118.09857507912784,0.7103841694799473,11
8726,466.9133071494954,-6.370479970043104,69091,417.6915390220547,-4.11857226961515,29
8727,46.882602141053134,-20.47911154562394,69095,28.39696760572947,-22.91072472808294,12
8728,-27.835834476532103,2.0954018071278977,69106,-29.714479793685786,-1.264748112657314,8
8729,-106.32670427664846,7.412775913342586,69122,-104.7190727296112,3.8815952186994593,7
8730,-21.31517817429399,-5.111678951318679,69147,-29.714479793685786,-1.264748112657314,8
8731,156.8554660198732,13.494833933266078,69156,172.66355239880147,-2.7112682595768685,38
8732,-98.73856650137873,-2.27128381961695,69162,-96.6939343764425,2.7165835152131033,15
8733,156.57700842181305,2.3023446478524665,69165,172.66355239880147,-2.7112682595768685,38
8734,-144.94751210633987,-1.0370280777533176,69166,-148.09620948762597,-1.1157003398540595,36
8735,85.32668897719272,-25.447824564610162,69171,70.166569844569,-14.692630117552799,9
8736,-129.91033375974368,0.45769863212222694,69178,-129.1025175244067,1.5488809909733745,1
8737,-101.28259375426184,7.046009948054884,69185,-104.7190727296112,3.8815952186994593,7
8738,-114.09429992075049,2.690036342612497,69201,-114.33047638704419,5.73481138949136,19
8739,-126.07551802226784,2.0981234483318993,69209,-129.1025175244067,1.5488809909733745,1
8740,292.91039746418744,16.621907810292317,69211,302.44973475302317,-5.405747081354008,25
8741,-136.36008947303017,7.635151465377139,69216,-137.57400940459857,4.493303950559668,20
8742,-3.7377665689442683,-12.85103160845346,69222,-6.878718007946434,-1.0926682779646681,10
8743,322.7041959964035,-8.318313151035074,69232,302.44973475302317,-5.405747081354008,25
8744,-146.27151944369749,6.051772322363964,69235,-146.59606179012786,4.113086925586259,4
8745,-58.2417592384606,6.338541741012054,69242,-66.8889597803445,2.169628081691683,14
8746,-113.36770038073739,-7.561475209323836,69266,-115.69510858146283,-11.595084171039186,39
8747,-110.74239643679901,-1.872184069658693,69274,-109.71624596876933,-1.0040630408538558,16
8748,-139.03478097296826,0.45652607898408826,69282,-141.0346653257256,-1.1036168920026446,0
8749,-88.95600079318507,0.08738757773064834,69295,-85.91178621041317,3.2728237667350073,24
8750,149.03023395319522,10.559275368709786,69300,135.4076551174278,-1.697351881935795,33
8751,122.39069350567,3.2417725546971825,69302,135.4076551174278,-1.697351881935795,33
8752,-30.081481714145056,6.394806014053428,69304,-29.714479793685786,-1.264748112657314,8
8753,-22.454336682627904,-4.130502455516885,69306,-29.714479793685786,-1.264748112657314,8
8754,-96.05411230527508,3.6558074507934757,69313,-96.6939343764425,2.7165835152131033,15
8755,-15.963474783940764,4.044331889089905,69314,-6.878718007946434,-1.0926682779646681,10
8756,181.57654232576485,-25.708208279343047,69339,172.66355239880147,-2.7112682595768685,38
8757,-140.31232537295426,6.528007222499553,69344,-142.14616351708418,5.245197398204194,22
8758,94.43195360289926,2.8909954374781424,69354,104.96211155305676,-0.5414592591613776,31
8759,300.5566920208433,-6.997328489971177,69361,302.44973475302317,-5.405747081354008,25
8760,-125.18547942133196,5.53361459431145,69363,-123.80894152337959,5.566802721935252,23
8761,-100.14277976346172,4.517702042594698,69364,-96.6939343764425,2.7165835152131033,15
8762,-88.12554332983721,5.35815241241696,69369,-85.91178621041317,3.2728237667350073,24
8763,-139.25755346591052,5.346884680443856,69371,-137.57400940459857,4.493303950559668,20
8764,-124.34725560078068,7.554010448106125,69390,-123.80894152337959,5.566802721935252,23
8765,-124.23250090917084,5.565781460188844,69403,-123.80894152337959,5.566802721935252,23
8766,-41.52139727528196,-2.9830946103767233,69410,-49.93530245157272,-0.19848027172185767,2
8767,31.903143051983573,7.787127265460011,69423,18.937510567705566,1.034768221250525,27
8768,-145.9919658170358,0.4510152928806032,69431,-148.09620948762597,-1.1157003398540595,36
8769,-110.27519869543298,6.212630113824206,69432,-114.33047638704419,5.73481138949136,19
8770,-47.79906956825181,0.934233526788605,69454,-49.93530245157272,-0.19848027172185767,2
8771,-117.08253846254723,2.399625667606843,69462,-118.09857507912784,0.7103841694799473,11
8772,-89.6563512242674,-3.4004314605229835,69465,-85.91178621041317,3.2728237667350073,24
8773,-93.12607886984664,4.775701910767741,69466,-96.6939343764425,2.7165835152131033,15
8774,-0.797924154636441,2.7167573664075433,69472,-6.878718007946434,-1.0926682779646681,10
8775,-76.17152712602145,6.06333088846059,69473,-66.8889597803445,2.169628081691683,14
8776,831.8253227236982,-6.878534961745089,69483,861.6475783799328,6.515082937232454,35
8777,98.2034721043843,5.386883328581528,69490,104.96211155305676,-0.5414592591613776,31
8778,-114.0413842057846,3.0922345656513195,69491,-114.33047638704419,5.73481138949136,19
8779,53.98105817059266,-7.251357294190296,69497,47.997068783449585,1.2679199422360634,13
8780,203.55028192432255,3.160049788720163,69499,227.03647807555316,-5.020718083634986,26
8781,145.15699952881477,-6.507069975963456,69505,135.4076551174278,-1.697351881935795,33
8782,-128.17605770077827,4.757816227059194,69509,-129.1025175244067,1.5488809909733745,1
8783,-141.97010533235093,-1.0201354031663596,69516,-141.0346653257256,-1.1036168920026446,0
8784,-97.02955339703222,1.5609565025260537,69519,-96.6939343764425,2.7165835152131033,15
8785,46.19385479427704,4.738590575284275,69520,47.997068783449585,1.2679199422360634,13
8786,-146.88306390643342,-1.9723548723394724,69524,-148.09620948762597,-1.1157003398540595,36
8787,-137.43931107007703,-6.919266179854729,69526,-130.75996572568545,-6.6137591708523855,18
8788,-75.67098948891459,-16.553221005418727,69538,-77.6204452281073,-4.536559244831727,5
8789,330.48388420142913,-4.91476819022977,69542,302.44973475302317,-5.405747081354008,25
8790,-118.98136376711042,2.1995639841357106,69543,-118.09857507912784,0.7103841694799473,11
8791,-138.05185901629366,2.397646305166923,69544,-137.57400940459857,4.493303950559668,20
8792,115.98700125260834,-5.328915374946332,69546,104.96211155305676,-0.5414592591613776,31
8793,-122.17795333840363,3.8879908425034384,69560,-123.80894152337959,5.566802721935252,23
8794,-65.93481356811384,-41.59932036387423,69562,-77.6204452281073,-4.536559244831727,5
8795,-138.06798427703072,1.714144582607339,69564,-137.57400940459857,4.493303950559668,20
8796,75.57168463696739,0.03625480601717391,69580,78.01149217232324,3.6022338347977136,6
8797,-111.03685530835834,3.0394878354269927,69588,-109.71624596876933,-1.0040630408538558,16
8798,-116.91456034968154,-0.2669768186171722,69598,-118.09857507912784,0.7103841694799473,11
8799,-112.13063993422998,3.0131127613640047,69608,-114.33047638704419,5.73481138949136,19
8800,-119.09237698301044,3.0864805739820116,69613,-118.09857507912784,0.7103841694799473,11
8801,-87.37595689858706,8.783032514921748,69614,-85.91178621041317,3.2728237667350073,24
8802,-131.16556647927783,3.9871549798625763,69628,-132.1080396739421,5.887059356646324,17
8803,88.37257110911938,3.0656991777552003,69633,78.01149217232324,3.6022338347977136,6
8804,-79.19523508426539,6.009339926236245,69648,-85.91178621041317,3.2728237667350073,24
8805,-19.901595702359135,3.6593334212115174,69654,-29.714479793685786,-1.264748112657314,8
8806,343.4126453949537,-17.850252429953873,69675,302.44973475302317,-5.405747081354008,25
8807,-81.5619023279922,-4.827824116699118,69680,-77.6204452281073,-4.536559244831727,5
8808,-84.78432149103924,-0.00799690696900561,69681,-85.91178621041317,3.2728237667350073,24
8809,-86.30338182368443,8.268027983399888,69722,-85.91178621041317,3.2728237667350073,24
8810,-99.09614957535082,5.051812184663914,69724,-96.6939343764425,2.7165835152131033,15
8811,-24.19622283070273,8.497317167330989,69728,-29.714479793685786,-1.264748112657314,8
8812,-107.24884329734549,5.689820980675624,69736,-104.7190727296112,3.8815952186994593,7
8813,-102.43952287184095,9.94849360409291,69739,-104.7190727296112,3.8815952186994593,7
8814,277.98088141932027,0.6150435346313541,69740,302.44973475302317,-5.405747081354008,25
8815,65.18187043372434,4.272295434172851,69742,78.01149217232324,3.6022338347977136,6
8816,138.94606053573077,-4.031831211854489,69749,135.4076551174278,-1.697351881935795,33
8817,242.38517654572516,-6.789268298063923,69750,227.03647807555316,-5.020718083634986,26
8818,-112.90289919863562,-0.9610039684921432,69755,-109.71624596876933,-1.0040630408538558,16
8819,516.6232241116836,14.007922541044842,69766,586.0312761189704,-1.722944617346204,30
8820,-9.95567908655555,3.97334986898191,69775,-6.878718007946434,-1.0926682779646681,10
8821,140.32235066562436,5.553596427481948,69780,135.4076551174278,-1.697351881935795,33
8822,-50.185094964404584,5.7597620240732015,69791,-49.93530245157272,-0.19848027172185767,2
8823,-106.85666776911833,-1.3780975571804328,69795,-109.71624596876933,-1.0040630408538558,16
8824,-113.34665696522727,8.255114887527991,69801,-114.33047638704419,5.73481138949136,19
8825,-103.327463690814,7.999272738392192,69829,-104.7190727296112,3.8815952186994593,7
8826,-129.74037764521572,-2.2438485554647767,69833,-129.1025175244067,1.5488809909733745,1
8827,228.48966643711532,5.423604475010172,69859,227.03647807555316,-5.020718083634986,26
8828,15.712714185866869,-4.075620181724915,69861,18.937510567705566,1.034768221250525,27
8829,-38.007137372697215,3.612585753683051,69865,-29.714479793685786,-1.264748112657314,8
8830,1031.1980540044458,37.6166193531618,69872,861.6475783799328,6.515082937232454,35
8831,-114.99287940466849,2.0102251144613494,69883,-118.09857507912784,0.7103841694799473,11
8832,-60.921325350524015,2.368046485353369,69899,-66.8889597803445,2.169628081691683,14
8833,-129.24865605313514,5.84122950503114,69900,-132.1080396739421,5.887059356646324,17
8834,-27.39582903319535,-3.947044888792072,69902,-29.714479793685786,-1.264748112657314,8
8835,-105.22030710821385,6.096037572485745,69906,-104.7190727296112,3.8815952186994593,7
8836,15.325165771905917,0.8184225018573554,69912,18.937510567705566,1.034768221250525,27
8837,-138.29044906106355,6.103129917003214,69913,-137.57400940459857,4.493303950559668,20
8838,-137.09320695394504,2.774378678574805,69918,-137.57400940459857,4.493303950559668,20
8839,9.163213469842782,3.2288432570397427,69920,18.937510567705566,1.034768221250525,27
8840,115.94930946730848,9.685541808974364,69932,104.96211155305676,-0.5414592591613776,31
8841,665.0709172418419,-1.8769301747133318,69936,586.0312761189704,-1.722944617346204,30
8842,744.5328504611148,37.62290174326609,69957,861.6475783799328,6.515082937232454,35
8843,-126.03685153877478,0.741779899470452,69959,-123.94204162798616,-1.5144507595891967,3
8844,389.8523785371444,-22.606330417177617,69960,417.6915390220547,-4.11857226961515,29
8845,284.7841698857158,-10.711727186633224,69966,302.44973475302317,-5.405747081354008,25
8846,-123.98953606114921,0.22738351962238235,69967,-123.94204162798616,-1.5144507595891967,3
8847,12.910868637060023,7.291240786498132,69972,18.937510567705566,1.034768221250525,27
8848,-85.17658241660097,6.003357829557423,69989,-85.91178621041317,3.2728237667350073,24
8849,-107.03579493883538,1.0388701364298176,69990,-109.71624596876933,-1.0040630408538558,16
8850,282.6696912057754,5.460792923173475,69993,302.44973475302317,-5.405747081354008,25
8851,-123.3209234083079,7.500995847915536,70002,-123.80894152337959,5.566802721935252,23
8852,732.659555220163,-22.20581955286727,70014,861.6475783799328,6.515082937232454,35
8853,-83.79156096659324,-1.3668392710849468,70019,-85.91178621041317,3.2728237667350073,24
8854,-108.30089333256821,7.333226718525623,70049,-104.7190727296112,3.8815952186994593,7
8855,-108.94499082974154,0.03372206514039832,70051,-109.71624596876933,-1.0040630408538558,16
8856,-108.93186785923935,0.263201583815134,70062,-109.71624596876933,-1.0040630408538558,16
8857,-104.95519854139727,1.354631004426088,70064,-104.7190727296112,3.8815952186994593,7
8858,-96.87017861894172,0.12408554084629349,70068,-96.6939343764425,2.7165835152131033,15
8859,-100.9234766640089,0.7223305057576989,70072,-96.6939343764425,2.7165835152131033,15
8860,-143.3243801707409,6.735564755106871,70073,-142.14616351708418,5.245197398204194,22
8861,-126.25855015489094,6.1043425037261,70082,-123.80894152337959,5.566802721935252,23
8862,-136.18666659076996,3.8231440905101097,70094,-137.57400940459857,4.493303950559668,20
8863,-84.67217871744397,-1.9555522693379792,70127,-85.91178621041317,3.2728237667350073,24
8864,-67.43565048949509,-4.290064459198955,70135,-66.8889597803445,2.169628081691683,14
8865,-107.20042656924382,5.145050038684924,70137,-104.7190727296112,3.8815952186994593,7
8866,141.34247819926432,5.107334730112896,70177,135.4076551174278,-1.697351881935795,33
8867,-56.09658542413374,-24.186285859066277,70180,-49.93530245157272,-0.19848027172185767,2
8868,52.56401230369183,-1.2120056177621708,70186,47.997068783449585,1.2679199422360634,13
8869,-58.20979152124307,7.200163217671197,70190,-66.8889597803445,2.169628081691683,14
8870,-115.44468868553572,-6.429313501660402,70198,-115.69510858146283,-11.595084171039186,39
8871,20.70398705753914,-3.8136700424256342,70199,18.937510567705566,1.034768221250525,27
8872,339.89767739694383,4.001819435066129,70212,302.44973475302317,-5.405747081354008,25
8873,12.760261158787547,-5.169265202934658,70220,18.937510567705566,1.034768221250525,27
8874,4.471521449663806,-1.566638710611019,70224,-6.878718007946434,-1.0926682779646681,10
8875,-114.50967816225828,-6.007009656408832,70237,-115.69510858146283,-11.595084171039186,39
8876,-136.2911809745125,6.634534152370364,70239,-137.57400940459857,4.493303950559668,20
8877,-97.96498357984527,2.182114191476788,70242,-96.6939343764425,2.7165835152131033,15
8878,-100.34180676402988,-7.908613685675237,70243,-95.36861679384212,-10.95784818293233,28
8879,-102.11563549979773,3.359416600184214,70251,-104.7190727296112,3.8815952186994593,7
8880,-82.97935017692068,3.2682622031883475,70260,-85.91178621041317,3.2728237667350073,24
8881,-26.497539516559165,-31.677799988957847,70267,-29.714479793685786,-1.264748112657314,8
8882,-120.08841083137429,2.473250887784669,70269,-118.09857507912784,0.7103841694799473,11
8883,-5.806676259211877,-12.409987977817826,70283,-6.878718007946434,-1.0926682779646681,10
8884,-79.60866575479861,-2.241062636730509,70288,-77.6204452281073,-4.536559244831727,5
8885,200.1333570869065,-18.759540230759093,70294,227.03647807555316,-5.020718083634986,26
8886,-62.97547383095821,3.017878842012308,70299,-66.8889597803445,2.169628081691683,14
8887,-125.38368234462507,8.342367588914732,70314,-123.80894152337959,5.566802721935252,23
8888,-138.16270738906366,3.2890704361478424,70338,-137.57400940459857,4.493303950559668,20
8889,-110.26711721008823,7.050567855709075,70348,-114.33047638704419,5.73481138949136,19
8890,-140.34963274767398,7.341390436885825,70358,-142.14616351708418,5.245197398204194,22
8891,-140.10345707482293,2.9953758173142657,70362,-137.57400940459857,4.493303950559668,20
8892,-5.150023034109059,7.2824721332849744,70372,-6.878718007946434,-1.0926682779646681,10
8893,-92.57165780536408,-3.2693143461813685,70382,-96.6939343764425,2.7165835152131033,15
8894,-80.04546632815361,3.7436867511384824,70388,-85.91178621041317,3.2728237667350073,24
8895,-62.07849045869873,4.784729791271368,70389,-66.8889597803445,2.169628081691683,14
8896,-5.856531430957737,2.383240249166616,70397,-6.878718007946434,-1.0926682779646681,10
8897,-129.65957015861085,-4.006158187995165,70399,-130.75996572568545,-6.6137591708523855,18
8898,-124.829975070269,-1.7378233035366273,70402,-123.94204162798616,-1.5144507595891967,3
8899,-132.7854315390439,-1.8225119997781973,70414,-134.89656831690453,-0.030690791204986433,34
8900,-119.67537587460993,-2.9876779689968402,70421,-118.09857507912784,0.7103841694799473,11
8901,-35.86700339622138,3.1433881875419827,70422,-29.714479793685786,-1.264748112657314,8
8902,-71.23747519856248,-8.703339648739147,70434,-77.6204452281073,-4.536559244831727,5
8903,-22.71423964022929,-0.5002926731782338,70437,-29.714479793685786,-1.264748112657314,8
8904,-71.6432205608277,-2.3644747716320587,70442,-77.6204452281073,-4.536559244831727,5
8905,-129.3758465503722,8.10160178716147,70459,-132.1080396739421,5.887059356646324,17
8906,-136.3324291384974,7.032461475803079,70460,-137.57400940459857,4.493303950559668,20
8907,-120.77068301221831,-0.9097143812452197,70482,-118.09857507912784,0.7103841694799473,11
8908,107.91313480992962,-4.859441768212225,70484,104.96211155305676,-0.5414592591613776,31
8909,-123.16781187116042,4.148838341412264,70490,-123.80894152337959,5.566802721935252,23
8910,-81.42076710160634,10.4186264885945,70497,-85.91178621041317,3.2728237667350073,24
8911,441.35285810634707,-28.08942136699969,70505,417.6915390220547,-4.11857226961515,29
8912,-124.26639560573385,6.300558637126662,70507,-123.80894152337959,5.566802721935252,23
8913,53.039796000431274,6.681391376316215,70510,47.997068783449585,1.2679199422360634,13
8914,-57.099486660715804,4.276717843254879,70512,-49.93530245157272,-0.19848027172185767,2
8915,-136.97486382859879,-0.8029706974032584,70518,-134.89656831690453,-0.030690791204986433,34
8916,19.41514121282628,0.45962676923544626,70519,18.937510567705566,1.034768221250525,27
8917,216.46473856315635,-8.443372510895719,70524,227.03647807555316,-5.020718083634986,26
8918,-103.99459590978732,2.2269791364340126,70527,-104.7190727296112,3.8815952186994593,7
8919,-126.13983637853987,3.995542804298163,70546,-123.80894152337959,5.566802721935252,23
8920,-128.71842065221142,-3.73143354738175,70550,-130.75996572568545,-6.6137591708523855,18
8921,-122.23300196758589,5.612070512712539,70555,-123.80894152337959,5.566802721935252,23
8922,-50.46499045309166,-4.887740741645497,70570,-49.93530245157272,-0.19848027172185767,2
8923,-123.15846688632553,4.460560624938007,70571,-123.80894152337959,5.566802721935252,23
8924,-90.0485029816822,3.1389403128375477,70583,-85.91178621041317,3.2728237667350073,24
8925,-93.3935873528821,9.099897372037509,70590,-96.6939343764425,2.7165835152131033,15
8926,-98.85705096272288,0.8394746415078207,70592,-96.6939343764425,2.7165835152131033,15
8927,-17.478378339383692,-3.5362848054306713,70595,-6.878718007946434,-1.0926682779646681,10
8928,-116.18051301053514,4.054250304369753,70596,-114.33047638704419,5.73481138949136,19
8929,-73.01345589354077,2.1309953760468843,70602,-66.8889597803445,2.169628081691683,14
8930,-147.33182494366787,6.816009943613597,70604,-146.59606179012786,4.113086925586259,4
8931,1.751266112712172,-5.152700845105377,70607,-6.878718007946434,-1.0926682779646681,10
8932,-92.12012325284874,5.1961419842021055,70608,-96.6939343764425,2.7165835152131033,15
8933,-60.624559021597136,-3.10299173435316,70621,-66.8889597803445,2.169628081691683,14
8934,236.72857813525314,-26.055656724199945,70625,227.03647807555316,-5.020718083634986,26
8935,-109.06750437749845,1.6695531049061214,70632,-109.71624596876933,-1.0040630408538558,16
8936,-114.26806562233331,7.0287286387839725,70633,-114.33047638704419,5.73481138949136,19
8937,168.2600420768905,6.865102586212919,70640,172.66355239880147,-2.7112682595768685,38
8938,-17.840252845039224,3.3686904447507104,70659,-6.878718007946434,-1.0926682779646681,10
8939,-72.74400810952947,-0.1713665117747712,70662,-66.8889597803445,2.169628081691683,14
8940,-69.22232748375531,-8.97433834257928,70687,-77.6204452281073,-4.536559244831727,5
8941,-54.05666198063829,4.429148060034151,70688,-49.93530245157272,-0.19848027172185767,2
8942,-138.27226725372165,6.195361312952104,70693,-137.57400940459857,4.493303950559668,20
8943,248.14181716935582,11.83166397198398,70710,227.03647807555316,-5.020718083634986,26
8944,29.66611327514715,-3.3318822106459476,70719,18.937510567705566,1.034768221250525,27
8945,-84.56993375859498,-3.6777284620919932,70725,-77.6204452281073,-4.536559244831727,5
8946,163.09252314627315,-4.78627465737203,70741,172.66355239880147,-2.7112682595768685,38
8947,-123.16748197567578,3.6483411647805455,70765,-123.80894152337959,5.566802721935252,23
8948,-90.94159145723627,2.3018110822937707,70766,-85.91178621041317,3.2728237667350073,24
8949,54.66031043561438,-2.7872659546912146,70768,47.997068783449585,1.2679199422360634,13
8950,-104.06580532378881,3.2677042501335576,70771,-104.7190727296112,3.8815952186994593,7
8951,-101.82239359382686,-15.21967970926929,70773,-95.36861679384212,-10.95784818293233,28
8952,-91.09456107176054,4.114337135747826,70775,-85.91178621041317,3.2728237667350073,24
8953,-20.27991590221039,-6.3828074446015375,70776,-29.714479793685786,-1.264748112657314,8
8954,-111.02004092471347,2.1598743044291187,70779,-109.71624596876933,-1.0040630408538558,16
8955,-58.2795563493544,-7.015241739527795,70788,-49.93530245157272,-0.19848027172185767,2
8956,297.6303521918795,6.5784459587903,70791,302.44973475302317,-5.405747081354008,25
8957,32.2348330236449,-11.651708603912153,70821,28.39696760572947,-22.91072472808294,12
8958,-113.08659605817914,3.585287931697284,70840,-114.33047638704419,5.73481138949136,19
8959,-124.89410573476611,-1.3563716741672416,70843,-123.94204162798616,-1.5144507595891967,3
8960,99.51359690061413,16.93706460088197,70846,104.96211155305676,-0.5414592591613776,31
8961,-27.18470861248798,7.679557419033015,70856,-29.714479793685786,-1.264748112657314,8
8962,-109.40770475825147,9.130710719881277,70865,-114.33047638704419,5.73481138949136,19
8963,-89.07283504951505,3.6748013439034937,70889,-85.91178621041317,3.2728237667350073,24
8964,-134.05638137810718,1.0308398036759017,70901,-134.89656831690453,-0.030690791204986433,34
8965,-2.7345202236801747,0.7817598797733157,70910,-6.878718007946434,-1.0926682779646681,10
8966,-8.300849783920707,-5.207481537008,70919,-6.878718007946434,-1.0926682779646681,10
8967,-2.9619905860569697,-9.977452290940825,70921,-6.878718007946434,-1.0926682779646681,10
8968,-115.31362354939942,6.977232880881019,70923,-114.33047638704419,5.73481138949136,19
8969,-60.31536342474588,-6.282129128482594,70927,-66.8889597803445,2.169628081691683,14
8970,107.54493594469311,0.6203860141443951,70937,104.96211155305676,-0.5414592591613776,31
8971,-58.181130768327556,-8.664905197123257,70944,-49.93530245157272,-0.19848027172185767,2
8972,-93.85886290576836,1.4668957098834956,70963,-96.6939343764425,2.7165835152131033,15
8973,-148.0512117813633,1.6838827528395628,70982,-148.09620948762597,-1.1157003398540595,36
8974,-133.94591889790019,1.1570162293427975,70987,-134.89656831690453,-0.030690791204986433,34
8975,-84.27324883875369,-7.099068977325025,70994,-77.6204452281073,-4.536559244831727,5
8976,133.62449490333574,16.63331280912877,71025,135.4076551174278,-1.697351881935795,33
8977,-68.37428747604358,-7.18671495749765,71029,-66.8889597803445,2.169628081691683,14
8978,-101.15538314868745,4.259711059291231,71061,-104.7190727296112,3.8815952186994593,7
8979,-84.3302721725714,8.892711479238828,71068,-85.91178621041317,3.2728237667350073,24
8980,60.962441923962764,-20.94150939982368,71077,70.166569844569,-14.692630117552799,9
8981,79.20391055029614,5.574017313120974,71078,78.01149217232324,3.6022338347977136,6
8982,280.3071171224581,-3.9202549093364216,71081,302.44973475302317,-5.405747081354008,25
8983,-117.13326662139069,-11.209388315778108,71087,-115.69510858146283,-11.595084171039186,39
8984,-131.38814738635773,-7.932571962416066,71121,-130.75996572568545,-6.6137591708523855,18
8985,-36.49963954384276,-3.8914808569449773,71128,-29.714479793685786,-1.264748112657314,8
8986,3.0442945831070056,-9.51207232347936,71137,-6.878718007946434,-1.0926682779646681,10
8987,356.83227825353896,20.43388415338034,71149,302.44973475302317,-5.405747081354008,25
8988,-118.9480430034514,1.4664197576056839,71166,-118.09857507912784,0.7103841694799473,11
8989,127.89627916687566,11.58272619304523,71174,135.4076551174278,-1.697351881935795,33
8990,449.0662076331299,-52.157422643041606,71189,417.6915390220547,-4.11857226961515,29
8991,-20.575053799579617,-0.9642610691952683,71191,-29.714479793685786,-1.264748112657314,8
8992,-15.763865642949414,1.7299867234193105,71206,-6.878718007946434,-1.0926682779646681,10
8993,-9.518497164924398,14.244764060010581,71212,-6.878718007946434,-1.0926682779646681,10
8994,-49.507257514280006,-3.9466768193058197,71219,-49.93530245157272,-0.19848027172185767,2
8995,-70.17178442215217,5.645505258429577,71223,-66.8889597803445,2.169628081691683,14
8996,-84.76204934605627,-15.223457979026643,71224,-95.36861679384212,-10.95784818293233,28
8997,479.64230795987163,-30.705082441422245,71232,417.6915390220547,-4.11857226961515,29
8998,942.461641986887,1.9243567026341613,71234,861.6475783799328,6.515082937232454,35
8999,130.37655255115035,3.67442724844902,71241,135.4076551174278,-1.697351881935795,33
9000,15.908868693995847,-7.34965810434307,71244,18.937510567705566,1.034768221250525,27
9001,844.3301296643946,0.595372348481854,71256,861.6475783799328,6.515082937232454,35
9002,-143.7871653334353,-3.4841293156471767,71270,-141.0346653257256,-1.1036168920026446,0
9003,690.3897395408609,8.844475704468893,71284,586.0312761189704,-1.722944617346204,30
9004,-105.6921472771415,-3.3975415283056427,71293,-109.71624596876933,-1.0040630408538558,16
9005,130.09087136653946,-6.861888124873133,71300,135.4076551174278,-1.697351881935795,33
9006,-59.14989962583154,4.850101117981525,71314,-66.8889597803445,2.169628081691683,14
9007,59.290693886997786,2.8176736595178955,71318,47.997068783449585,1.2679199422360634,13
9008,-136.35754046069326,7.5689360395611756,71343,-137.57400940459857,4.493303950559668,20
9009,-135.99110662282243,-0.4251200573685509,71350,-134.89656831690453,-0.030690791204986433,34
9010,-36.37224088196902,-4.613760695894978,71358,-29.714479793685786,-1.264748112657314,8
9011,-130.88532204888315,-15.872423579332338,71366,-130.75996572568545,-6.6137591708523855,18
9012,572.3570372824346,-9.195142584369489,71392,586.0312761189704,-1.722944617346204,30
9013,16.675394611177605,10.451501595258538,71396,18.937510567705566,1.034768221250525,27
9014,157.32207123861883,-37.31831191563058,71401,172.66355239880147,-2.7112682595768685,38
9015,12.002943982390786,4.748827049335151,71403,18.937510567705566,1.034768221250525,27
9016,-84.93113016925503,1.682968673859772,71412,-85.91178621041317,3.2728237667350073,24
9017,-148.23712437326967,5.273310162517404,71418,-146.59606179012786,4.113086925586259,4
9018,24.258890782046343,2.9263315936826317,71419,18.937510567705566,1.034768221250525,27
9019,-25.1783460949089,8.090059403968898,71428,-29.714479793685786,-1.264748112657314,8
9020,-135.21137374891177,4.891534044180111,71440,-137.57400940459857,4.493303950559668,20
9021,-65.13632534962133,5.986039862456253,71444,-66.8889597803445,2.169628081691683,14
9022,-75.57558073906068,-3.4125936232095344,71453,-77.6204452281073,-4.536559244831727,5
9023,-136.00322533419234,2.4014705323905683,71464,-137.57400940459857,4.493303950559668,20
9024,-87.22949827250403,6.636143727533475,71472,-85.91178621041317,3.2728237667350073,24
9025,-44.20821012078333,-7.8417917433389634,71487,-49.93530245157272,-0.19848027172185767,2
9026,-149.263479094313,5.307798039601969,71490,-146.59606179012786,4.113086925586259,4
9027,54.72614504177302,-4.235209302747192,71504,47.997068783449585,1.2679199422360634,13
9028,726.3826544994488,10.127078266722112,71505,861.6475783799328,6.515082937232454,35
9029,-107.01620441064262,2.130597721169768,71517,-104.7190727296112,3.8815952186994593,7
9030,207.66304975890216,-11.917816252312758,71520,227.03647807555316,-5.020718083634986,26
9031,-93.2196050421718,6.819113698307893,71539,-96.6939343764425,2.7165835152131033,15
9032,-113.78227289839224,-2.599692628768362,71542,-109.71624596876933,-1.0040630408538558,16
9033,-50.36416350473832,-5.566738124579936,71559,-49.93530245157272,-0.19848027172185767,2
9034,-132.30305267199924,6.9744435152365085,71563,-132.1080396739421,5.887059356646324,17
9035,38.170203550955335,4.608272836732326,71573,47.997068783449585,1.2679199422360634,13
9036,260.05001767246,-1.207705825561456,71577,227.03647807555316,-5.020718083634986,26
9037,-39.00893154329315,5.161590661473671,71608,-29.714479793685786,-1.264748112657314,8
9038,2.5371441763380216,-16.711917894190794,71611,-6.878718007946434,-1.0926682779646681,10
9039,153.82323854779466,-15.82637609219725,71617,172.66355239880147,-2.7112682595768685,38
9040,-143.15092762449072,3.468715820219109,71619,-142.14616351708418,5.245197398204194,22
9041,-27.05475670728732,-38.33004594839868,71626,-29.714479793685786,-1.264748112657314,8
9042,-125.40097819760146,-8.068567403598303,71632,-130.75996572568545,-6.6137591708523855,18
9043,-135.18544025696426,3.831673424288231,71639,-137.57400940459857,4.493303950559668,20
9044,-119.6328501381201,-3.919175156315878,71643,-118.09857507912784,0.7103841694799473,11
9045,-78.93269095867966,1.295451962342967,71652,-77.6204452281073,-4.536559244831727,5
9046,-153.04844832934452,1.0100934133607182,71658,-152.23629829764135,4.213482038439798,37
9047,-100.69284811202623,-2.7867621948364367,71665,-96.6939343764425,2.7165835152131033,15
9048,-8.230749534950318,-49.39369823155289,71670,28.39696760572947,-22.91072472808294,12
9049,8.670417804826638,-19.025112720794322,71683,28.39696760572947,-22.91072472808294,12
9050,-87.08258718545638,-10.803078557828835,71685,-95.36861679384212,-10.95784818293233,28
9051,-11.731458717684676,1.610547057969195,71696,-6.878718007946434,-1.0926682779646681,10
9052,-143.0753494654433,2.837691286519673,71703,-142.14616351708418,5.245197398204194,22
9053,-59.050660570634264,3.6850644482370605,71714,-66.8889597803445,2.169628081691683,14
9054,-107.42610737338933,9.591202846314054,71720,-104.7190727296112,3.8815952186994593,7
9055,21.342560761876978,-13.678316978032518,71730,28.39696760572947,-22.91072472808294,12
9056,-15.413042627721024,-4.404614440228274,71740,-6.878718007946434,-1.0926682779646681,10
9057,-60.24283541639382,-8.381429031181604,71743,-66.8889597803445,2.169628081691683,14
9058,-21.68691495885134,0.45104860872566793,71749,-29.714479793685786,-1.264748112657314,8
9059,-137.91844303552153,-0.024608864802599613,71752,-134.89656831690453,-0.030690791204986433,34
9060,68.05425181961631,-22.33132884314298,71755,70.166569844569,-14.692630117552799,9
9061,249.47990665820606,6.495891548816323,71769,227.03647807555316,-5.020718083634986,26
9062,42.51743753887768,-0.360573288436049,71770,47.997068783449585,1.2679199422360634,13
9063,-120.18374601398688,5.077117701729311,71775,-123.80894152337959,5.566802721935252,23
9064,-111.24502978564419,6.5719879512910655,71783,-114.33047638704419,5.73481138949136,19
9065,33.0179801434425,-8.42354518189384,71784,28.39696760572947,-22.91072472808294,12
9066,-114.61027968047159,-4.327541720519283,71791,-109.71624596876933,-1.0040630408538558,16
9067,-138.28864249746087,6.5583877856540305,71792,-137.57400940459857,4.493303950559668,20
9068,7.912391342669975,-7.5561397352608255,71795,18.937510567705566,1.034768221250525,27
9069,52.74144468669526,-3.572020834529443,71798,47.997068783449585,1.2679199422360634,13
9070,151.73806135446685,0.2341718541240044,71801,135.4076551174278,-1.697351881935795,33
9071,-121.72091926648467,-3.037499064392454,71808,-123.94204162798616,-1.5144507595891967,3
9072,-56.486303099726335,-5.041392439990479,71817,-49.93530245157272,-0.19848027172185767,2
9073,38.96481155751848,7.55436304844129,71818,47.997068783449585,1.2679199422360634,13
9074,-57.76301212264369,-0.02119852047114961,71819,-49.93530245157272,-0.19848027172185767,2
9075,584.2590884119261,-7.366688168553783,71824,586.0312761189704,-1.722944617346204,30
9076,20.44381094179018,-0.1465633251044478,71830,18.937510567705566,1.034768221250525,27
9077,45.94886663519263,-6.172564847967372,71837,47.997068783449585,1.2679199422360634,13
9078,-87.79673344283528,-1.3206883192170373,71852,-85.91178621041317,3.2728237667350073,24
9079,-129.12498053744784,2.6247560665265217,71854,-129.1025175244067,1.5488809909733745,1
9080,-73.04458186537362,4.357770383736531,71859,-66.8889597803445,2.169628081691683,14
9081,-142.94762163600515,0.014607775772213732,71861,-141.0346653257256,-1.1036168920026446,0
9082,-115.00874490331401,0.28990067538490855,71862,-118.09857507912784,0.7103841694799473,11
9083,-28.01105300115385,5.398120248296175,71863,-29.714479793685786,-1.264748112657314,8
9084,-45.008979838046436,4.553816257647054,71865,-49.93530245157272,-0.19848027172185767,2
9085,-115.32149391698675,7.146744549548435,71874,-114.33047638704419,5.73481138949136,19
9086,4.356645422057049,-0.5645630897388294,71888,-6.878718007946434,-1.0926682779646681,10
9087,264.5651895405019,6.42391853472607,71901,227.03647807555316,-5.020718083634986,26
9088,310.42610680443164,9.721816477076214,71915,302.44973475302317,-5.405747081354008,25
9089,-88.85405358771382,-0.6048224457628839,71931,-85.91178621041317,3.2728237667350073,24
9090,222.318400564108,8.028663571457686,71946,227.03647807555316,-5.020718083634986,26
9091,-98.08500478504911,2.7659472937560525,71949,-96.6939343764425,2.7165835152131033,15
9092,-136.1714188340976,4.015422848331903,71957,-137.57400940459857,4.493303950559668,20
9093,-58.68502276219558,-1.2123899224074095,71968,-49.93530245157272,-0.19848027172185767,2
9094,-105.0068558709452,1.9527931152936613,71979,-104.7190727296112,3.8815952186994593,7
9095,-141.92918150763427,-1.3995825948804617,71980,-141.0346653257256,-1.1036168920026446,0
9096,-107.30073734387376,7.334712192926729,72004,-104.7190727296112,3.8815952186994593,7
9097,-119.61375079223467,-5.357898728448909,72010,-123.94204162798616,-1.5144507595891967,3
9098,-15.15621747120039,8.26974287880925,72022,-6.878718007946434,-1.0926682779646681,10
9099,-152.1691664563553,3.1760037014581655,72024,-152.23629829764135,4.213482038439798,37
9100,-61.54492570149245,-2.8126088936156326,72025,-66.8889597803445,2.169628081691683,14
9101,-149.28079591708402,5.6766662408297694,72031,-146.59606179012786,4.113086925586259,4
9102,-144.09200614730582,2.6596816544026205,72033,-146.59606179012786,4.113086925586259,4
9103,-32.986415510938684,4.7725161538653245,72042,-29.714479793685786,-1.264748112657314,8
9104,-140.2805339717937,6.329024656706301,72045,-142.14616351708418,5.245197398204194,22
9105,-150.23392480337108,4.644439584189254,72051,-152.23629829764135,4.213482038439798,37
9106,-149.7854103531693,-3.1258048460132093,72070,-148.09620948762597,-1.1157003398540595,36
9107,-144.8472024034418,-2.714231015328189,72071,-148.09620948762597,-1.1157003398540595,36
9108,-76.97543313215066,2.26428422615245,72075,-77.6204452281073,-4.536559244831727,5
9109,-99.03069342530368,3.0978681457910304,72086,-96.6939343764425,2.7165835152131033,15
9110,-123.08408555269516,3.8776373935661073,72116,-123.80894152337959,5.566802721935252,23
9111,113.62924407906084,0.43715297408793097,72130,104.96211155305676,-0.5414592591613776,31
9112,-17.484502646164096,-2.86735154940488,72147,-6.878718007946434,-1.0926682779646681,10
9113,-110.65381653521094,-3.3027604611872245,72148,-109.71624596876933,-1.0040630408538558,16
9114,-124.19091744905188,5.160232353422923,72157,-123.80894152337959,5.566802721935252,23
9115,95.60737530544961,0.09562975995832187,72160,104.96211155305676,-0.5414592591613776,31
9116,-142.33305278042627,6.949587762609104,72169,-142.14616351708418,5.245197398204194,22
9117,-92.1147519103576,4.039431760876622,72176,-96.6939343764425,2.7165835152131033,15
9118,68.18552934128269,5.285381643655628,72177,78.01149217232324,3.6022338347977136,6
9119,-84.55163733757944,-4.073918258661877,72191,-77.6204452281073,-4.536559244831727,5
9120,-139.98479334982736,-0.1530539253548672,72199,-141.0346653257256,-1.1036168920026446,0
9121,-102.93359899999716,0.8993536201932231,72228,-104.7190727296112,3.8815952186994593,7
9122,-125.05247534130956,1.1092073049045443,72243,-123.94204162798616,-1.5144507595891967,3
9123,14.504930770492162,-1.596061100716512,72272,18.937510567705566,1.034768221250525,27
9124,-149.3285735115506,6.723242353341764,72288,-146.59606179012786,4.113086925586259,4
9125,287.815760235247,3.370949433005061,72290,302.44973475302317,-5.405747081354008,25
9126,-131.03320350073423,0.5666211100588558,72293,-129.1025175244067,1.5488809909733745,1
9127,-2.6980269481506536,1.0252633703405578,72298,-6.878718007946434,-1.0926682779646681,10
9128,63.75020920209266,-3.058047170410968,72316,70.166569844569,-14.692630117552799,9
9129,-43.80079760293515,0.5336920984674225,72320,-49.93530245157272,-0.19848027172185767,2
9130,-100.02044828201655,2.8524175916903225,72348,-96.6939343764425,2.7165835152131033,15
9131,-99.10150626035373,3.6142676662711626,72349,-96.6939343764425,2.7165835152131033,15
9132,-36.00993298235302,5.26882035944979,72362,-29.714479793685786,-1.264748112657314,8
9133,-71.66986175222428,-1.7925211590726253,72365,-66.8889597803445,2.169628081691683,14
9134,240.50918563824087,6.217919908174699,72370,227.03647807555316,-5.020718083634986,26
9135,-127.54547820199565,-5.448391812875527,72373,-130.75996572568545,-6.6137591708523855,18
9136,-45.71496356639121,-15.079884492413852,72375,-49.93530245157272,-0.19848027172185767,2
9137,-106.08510734031722,3.153606876650121,72376,-104.7190727296112,3.8815952186994593,7
9138,-8.880906293112615,3.3756291293973852,72378,-6.878718007946434,-1.0926682779646681,10
9139,1358.0102411021123,22.907757314061808,72380,1342.5649032771717,32.04824045393157,32
9140,-111.56063711415666,-4.334103491854203,72407,-109.71624596876933,-1.0040630408538558,16
9141,-63.019030766884015,-10.771146243198167,72408,-66.8889597803445,2.169628081691683,14
9142,357.4801851516205,-3.851056461757234,72410,302.44973475302317,-5.405747081354008,25
9143,-141.9331977647138,-0.7807628082534185,72428,-141.0346653257256,-1.1036168920026446,0
9144,-35.16116592255436,-7.7015181896271985,72429,-29.714479793685786,-1.264748112657314,8
9145,19.151272902765584,4.181041926813578,72444,18.937510567705566,1.034768221250525,27
9146,-139.1044113466736,2.486848047727592,72453,-137.57400940459857,4.493303950559668,20
9147,-92.80683419244428,-0.15971237404159405,72455,-96.6939343764425,2.7165835152131033,15
9148,-115.51886737063096,-5.834510301234522,72464,-115.69510858146283,-11.595084171039186,39
9149,-139.21751418058275,4.958851038582519,72469,-137.57400940459857,4.493303950559668,20
9150,-84.02407502603646,2.1803177343464437,72484,-85.91178621041317,3.2728237667350073,24
9151,-136.35713745493945,7.559954336611204,72489,-137.57400940459857,4.493303950559668,20
9152,-20.092943264462054,5.7993576028299145,72507,-29.714479793685786,-1.264748112657314,8
9153,-132.4294271194572,-7.050274505172676,72510,-130.75996572568545,-6.6137591708523855,18
9154,318.72742413655556,-8.90713325679961,72516,302.44973475302317,-5.405747081354008,25
9155,-135.1872577687063,3.8496759093440716,72522,-137.57400940459857,4.493303950559668,20
9156,-106.68689929876699,-3.5402246689447443,72529,-109.71624596876933,-1.0040630408538558,16
9157,-107.17190212592367,-10.220206012637918,72533,-115.69510858146283,-11.595084171039186,39
9158,8.291845261911753,0.9109248597976413,72538,18.937510567705566,1.034768221250525,27
9159,-12.091468095061767,5.890585283982483,72543,-6.878718007946434,-1.0926682779646681,10
9160,-89.84677564431426,-14.988206937721944,72546,-95.36861679384212,-10.95784818293233,28
9161,-118.0432155316404,2.0327895707238106,72553,-118.09857507912784,0.7103841694799473,11
9162,370.0504108467486,2.704415578059015,72554,417.6915390220547,-4.11857226961515,29
9163,-76.82196499329947,0.9491718892289298,72560,-77.6204452281073,-4.536559244831727,5
9164,-51.902501872852284,3.6513014157306416,72580,-49.93530245157272,-0.19848027172185767,2
9165,-82.7304830546884,-2.179371791445889,72596,-77.6204452281073,-4.536559244831727,5
9166,-84.63168707401212,-2.833094962410026,72597,-85.91178621041317,3.2728237667350073,24
9167,-115.10452959080114,2.9108030444178823,72605,-114.33047638704419,5.73481138949136,19
9168,-129.64961538384057,-4.22890463734297,72613,-130.75996572568545,-6.6137591708523855,18
9169,-50.742046227869004,0.6720673655888996,72614,-49.93530245157272,-0.19848027172185767,2
9170,-79.3823422514162,9.600733853673495,72619,-85.91178621041317,3.2728237667350073,24
9171,60.47526137510169,16.107925520811392,72630,47.997068783449585,1.2679199422360634,13
9172,-144.23756758691755,4.823746602389444,72634,-142.14616351708418,5.245197398204194,22
9173,-82.20556189267501,6.702016616538276,72646,-85.91178621041317,3.2728237667350073,24
9174,-111.09765403592355,2.8297466177409856,72655,-109.71624596876933,-1.0040630408538558,16
9175,32.244513470184714,3.3769366195695745,72656,18.937510567705566,1.034768221250525,27
9176,-143.25352345852713,5.702876955793826,72660,-142.14616351708418,5.245197398204194,22
9177,103.4242163170963,-12.036123547650199,72666,104.96211155305676,-0.5414592591613776,31
9178,-121.32684446526348,7.671171082043555,72672,-123.80894152337959,5.566802721935252,23
9179,-140.72237524691715,-3.836919038229183,72694,-141.0346653257256,-1.1036168920026446,0
9180,-128.08433930798293,3.2454355949096017,72698,-129.1025175244067,1.5488809909733745,1
9181,21.471976039079564,-0.24666308150395716,72702,18.937510567705566,1.034768221250525,27
9182,446.35605288374876,0.8746398831304807,72706,417.6915390220547,-4.11857226961515,29
9183,-133.95591972322555,0.36901359601077177,72724,-134.89656831690453,-0.030690791204986433,34
9184,66.1222170818877,6.628070649506147,72728,78.01149217232324,3.6022338347977136,6
9185,-101.1220785774472,4.542211538042465,72730,-104.7190727296112,3.8815952186994593,7
9186,-9.087946612975013,-7.823945264927929,72751,-6.878718007946434,-1.0926682779646681,10
9187,-82.3644317149479,9.14864035688924,72756,-85.91178621041317,3.2728237667350073,24
9188,-109.75348518933947,-2.1204150813143774,72780,-109.71624596876933,-1.0040630408538558,16
9189,-127.16985222913448,5.158473766010453,72783,-123.80894152337959,5.566802721935252,23
9190,-110.94373569512912,1.4907164493511231,72792,-109.71624596876933,-1.0040630408538558,16
9191,-83.00172418956252,2.7367932080339794,72798,-85.91178621041317,3.2728237667350073,24
9192,-137.17609498137793,4.097237885712527,72799,-137.57400940459857,4.493303950559668,20
9193,-135.80840132253303,-1.882395140800104,72801,-134.89656831690453,-0.030690791204986433,34
9194,-130.05092924503901,0.9643962196958915,72802,-129.1025175244067,1.5488809909733745,1
9195,472.14771574683846,4.854008115660263,72812,417.6915390220547,-4.11857226961515,29
9196,162.28437572532513,7.275590538431131,72818,172.66355239880147,-2.7112682595768685,38
9197,-99.31146104763823,7.181802158976305,72834,-96.6939343764425,2.7165835152131033,15
9198,-122.15040850133093,3.8148814422491064,72835,-123.80894152337959,5.566802721935252,23
9199,-87.83891226766774,0.09688384933461328,72836,-85.91178621041317,3.2728237667350073,24
9200,-129.23473356730454,-9.726717014335721,72838,-130.75996572568545,-6.6137591708523855,18
9201,25.52230621241294,-2.306969643493823,72840,18.937510567705566,1.034768221250525,27
9202,85.13189199340322,7.248546039120112,72849,78.01149217232324,3.6022338347977136,6
9203,-125.88967266038675,-1.4542883474461348,72860,-123.94204162798616,-1.5144507595891967,3
9204,-77.74793516001601,-1.2063278424491592,72866,-77.6204452281073,-4.536559244831727,5
9205,-65.00007383495965,-12.242322566991422,72873,-66.8889597803445,2.169628081691683,14
9206,-128.0190155014395,0.29327995658352124,72880,-129.1025175244067,1.5488809909733745,1
9207,-52.88188694369557,2.1481579205507697,72882,-49.93530245157272,-0.19848027172185767,2
9208,-62.21593757455641,7.795510816497781,72885,-66.8889597803445,2.169628081691683,14
9209,-107.18313690344881,4.26774920613327,72888,-104.7190727296112,3.8815952186994593,7
9210,257.5207641147645,-65.3353445399219,72889,227.03647807555316,-5.020718083634986,26
9211,-112.051868253919,1.2564771179246161,72892,-109.71624596876933,-1.0040630408538558,16
9212,-130.28736580091643,6.657609352134697,72894,-132.1080396739421,5.887059356646324,17
9213,-59.244628591901616,-7.809310891079397,72898,-49.93530245157272,-0.19848027172185767,2
9214,-98.73373652522618,-1.3596508244167382,72899,-96.6939343764425,2.7165835152131033,15
9215,-128.37598486702623,8.123204269997032,72900,-132.1080396739421,5.887059356646324,17
9216,-114.01228553088991,1.4095419671831435,72910,-118.09857507912784,0.7103841694799473,11
9217,-54.947446571809294,1.5045244252179144,72918,-49.93530245157272,-0.19848027172185767,2
9218,-40.1763298631757,7.292449884517063,72933,-49.93530245157272,-0.19848027172185767,2
9219,72.48375633913261,0.34025578980022986,72942,78.01149217232324,3.6022338347977136,6
9220,-63.09392502649541,5.601681313623104,72943,-66.8889597803445,2.169628081691683,14
9221,165.24747045413056,-7.125747681376795,72944,172.66355239880147,-2.7112682595768685,38
9222,-95.31033183739125,-8.511171465454497,72952,-95.36861679384212,-10.95784818293233,28
9223,107.67825001115249,-1.262340794209118,72966,104.96211155305676,-0.5414592591613776,31
9224,49.50038355888791,0.6194700532109882,72969,47.997068783449585,1.2679199422360634,13
9225,88.6820771373881,13.570613496798185,72970,78.01149217232324,3.6022338347977136,6
9226,-134.01601203567805,1.6811058486083232,72977,-134.89656831690453,-0.030690791204986433,34
9227,-40.86508282911738,1.4900776116507064,72984,-49.93530245157272,-0.19848027172185767,2
9228,-17.05101871834081,6.474188781333714,73002,-6.878718007946434,-1.0926682779646681,10
9229,-47.087984080176824,-9.493565458773142,73015,-49.93530245157272,-0.19848027172185767,2
9230,-119.80655058217414,-2.670748248750518,73017,-118.09857507912784,0.7103841694799473,11
9231,-147.1105126563958,1.991680557906541,73021,-146.59606179012786,4.113086925586259,4
9232,59.096507606877964,6.5654839469621695,73034,47.997068783449585,1.2679199422360634,13
9233,95.49319806332153,1.5707644041486863,73035,104.96211155305676,-0.5414592591613776,31
9234,-142.2521941770706,5.194398106437783,73037,-142.14616351708418,5.245197398204194,22
9235,-101.99487886604184,1.2258675269294215,73039,-104.7190727296112,3.8815952186994593,7
9236,-115.07975337670823,3.392485485081884,73041,-114.33047638704419,5.73481138949136,19
9237,-151.917332657832,-1.2994245137427938,73043,-148.09620948762597,-1.1157003398540595,36
9238,-119.21996380095246,-9.354555832633544,73046,-115.69510858146283,-11.595084171039186,39
9239,-23.900947847899893,4.089741027123202,73052,-29.714479793685786,-1.264748112657314,8
9240,-134.16619670881315,3.443785135643411,73054,-132.1080396739421,5.887059356646324,17
9241,-120.97404655271151,-0.5575189609034881,73068,-123.94204162798616,-1.5144507595891967,3
9242,-90.13273926350453,4.962721662606909,73082,-85.91178621041317,3.2728237667350073,24
9243,-121.69384260041788,-4.160087916947015,73094,-123.94204162798616,-1.5144507595891967,3
9244,49.586410125260755,-15.980507697460176,73099,47.997068783449585,1.2679199422360634,13
9245,-107.1239119939882,2.953161094959018,73102,-104.7190727296112,3.8815952186994593,7
9246,973.1053595098889,-6.017335560251197,73105,861.6475783799328,6.515082937232454,35
9247,3.389985510522627,-0.29166118403628605,73108,-6.878718007946434,-1.0926682779646681,10
9248,755.8688680117889,-10.138229834815984,73127,861.6475783799328,6.515082937232454,35
9249,46.31762125442166,2.0071364400360894,73131,47.997068783449585,1.2679199422360634,13
9250,-102.06310430501195,2.7290795202371996,73132,-104.7190727296112,3.8815952186994593,7
9251,359.2293060161031,-0.3831105034252111,73135,302.44973475302317,-5.405747081354008,25
9252,576.5295088389437,2.8514013923738206,73145,586.0312761189704,-1.722944617346204,30
9253,-31.771847653408017,0.09256953520605758,73148,-29.714479793685786,-1.264748112657314,8
9254,-86.47367223034348,-5.300606500140652,73155,-85.91178621041317,3.2728237667350073,24
9255,-54.13270773930004,6.5921446443470675,73164,-49.93530245157272,-0.19848027172185767,2
9256,104.0876473185305,-7.211684740337575,73165,104.96211155305676,-0.5414592591613776,31
9257,9.2763730584045,2.8109261273325505,73172,18.937510567705566,1.034768221250525,27
9258,-64.932604849581,2.047993910577387,73179,-66.8889597803445,2.169628081691683,14
9259,147.13311244754922,8.780215191475474,73184,135.4076551174278,-1.697351881935795,33
9260,-152.13046681062758,2.872440489425968,73195,-152.23629829764135,4.213482038439798,37
9261,-147.24320698949222,5.411440635541702,73199,-146.59606179012786,4.113086925586259,4
9262,-81.10801843991287,5.092182586001366,73203,-85.91178621041317,3.2728237667350073,24
9263,-135.79704326808923,-1.6205015037010326,73216,-134.89656831690453,-0.030690791204986433,34
9264,-128.11208964060665,2.3343207093352083,73251,-129.1025175244067,1.5488809909733745,1
9265,-138.0849423997097,2.085824060488995,73253,-137.57400940459857,4.493303950559668,20
9266,229.35312111838425,-21.038899223846023,73256,227.03647807555316,-5.020718083634986,26
9267,-90.19314371848483,6.807071919758818,73261,-85.91178621041317,3.2728237667350073,24
9268,-123.9836605300871,2.1673492378531445,73262,-123.80894152337959,5.566802721935252,23
9269,-151.88008343820923,-2.6487131548833567,73263,-148.09620948762597,-1.1157003398540595,36
9270,303.49758633719847,8.048425428212433,73276,302.44973475302317,-5.405747081354008,25
9271,-99.84269350494485,0.509168951530116,73281,-96.6939343764425,2.7165835152131033,15
9272,-72.10663410344348,5.2223335622105305,73289,-66.8889597803445,2.169628081691683,14
9273,-94.18831369469866,-10.660610943575907,73300,-95.36861679384212,-10.95784818293233,28
9274,-80.86657673781417,0.30658328058738477,73315,-77.6204452281073,-4.536559244831727,5
9275,-119.53655415916951,-5.519117330120966,73328,-123.94204162798616,-1.5144507595891967,3
9276,-72.10986936125265,4.759602696526545,73333,-66.8889597803445,2.169628081691683,14
9277,1048.726197728812,2.025305178717422,73342,861.6475783799328,6.515082937232454,35
9278,-116.08667360801691,2.519551272959455,73347,-118.09857507912784,0.7103841694799473,11
9279,-98.64553618337649,-2.772299483371685,73352,-96.6939343764425,2.7165835152131033,15
9280,-125.10040713015403,2.6393606231515645,73354,-123.80894152337959,5.566802721935252,23
9281,-128.15341742692613,3.23533751833136,73362,-129.1025175244067,1.5488809909733745,1
9282,-129.0901323894361,1.8328432071138467,73378,-129.1025175244067,1.5488809909733745,1
9283,125.80161617572016,13.639569081596568,73384,135.4076551174278,-1.697351881935795,33
9284,38.256456590177784,2.709923687569308,73388,47.997068783449585,1.2679199422360634,13
9285,273.60887695029436,-22.815408153299323,73402,302.44973475302317,-5.405747081354008,25
9286,41.433669150050655,15.658634623876422,73403,47.997068783449585,1.2679199422360634,13
9287,-57.15789266097398,6.063601111503194,73409,-49.93530245157272,-0.19848027172185767,2
9288,137.9309687969723,-17.94118668286216,73412,135.4076551174278,-1.697351881935795,33
9289,663.7534581242937,-25.938814466859053,73422,586.0312761189704,-1.722944617346204,30
9290,-47.871419855274006,2.526433671002609,73425,-49.93530245157272,-0.19848027172185767,2
9291,809.1003736111072,-11.756982487969028,73429,861.6475783799328,6.515082937232454,35
9292,-31.92775325199787,-11.73700230504521,73432,-29.714479793685786,-1.264748112657314,8
9293,-86.30104869704492,7.690937495054605,73442,-85.91178621041317,3.2728237667350073,24
9294,8.283426723043839,1.6219923475304359,73443,18.937510567705566,1.034768221250525,27
9295,-67.86272443201605,1.9916801397342896,73447,-66.8889597803445,2.169628081691683,14
9296,-117.92897145006675,0.5501047021675716,73462,-118.09857507912784,0.7103841694799473,11
9297,132.61868039525302,0.45582903560298954,73463,135.4076551174278,-1.697351881935795,33
9298,-112.24079639141627,6.456904063387727,73468,-114.33047638704419,5.73481138949136,19
9299,-116.85919282990974,0.08128145574168806,73473,-118.09857507912784,0.7103841694799473,11
9300,164.36325526985107,6.080994510445302,73491,172.66355239880147,-2.7112682595768685,38
9301,226.59047896979612,4.712100530435793,73496,227.03647807555316,-5.020718083634986,26
9302,512.9250408617872,9.381542217879387,73501,586.0312761189704,-1.722944617346204,30
9303,-106.54451673407203,-19.3300234864995,73510,-115.69510858146283,-11.595084171039186,39
9304,-142.53419980918355,-5.439497572602273,73513,-141.0346653257256,-1.1036168920026446,0
9305,-97.11354420552374,2.892044649676926,73538,-96.6939343764425,2.7165835152131033,15
9306,-95.94595902214095,0.7718686416112644,73548,-96.6939343764425,2.7165835152131033,15
9307,221.57273921322275,5.017391486247174,73553,227.03647807555316,-5.020718083634986,26
9308,-104.56011830601675,-5.751740343845936,73570,-109.71624596876933,-1.0040630408538558,16
9309,-97.8004058289467,-0.9076237132556804,73577,-96.6939343764425,2.7165835152131033,15
9310,-117.21323392260202,5.262512512297655,73580,-114.33047638704419,5.73481138949136,19
9311,608.6598788927693,2.0671969379852344,73581,586.0312761189704,-1.722944617346204,30
9312,-89.93565041140279,1.6770823794163403,73583,-85.91178621041317,3.2728237667350073,24
9313,-48.04048766278869,5.2012366859322565,73584,-49.93530245157272,-0.19848027172185767,2
9314,-128.89552060402278,-1.386516192568575,73592,-129.1025175244067,1.5488809909733745,1
9315,-91.49962046572576,-4.819382854544031,73594,-95.36861679384212,-10.95784818293233,28
9316,-39.15919098747177,6.402234854582132,73622,-29.714479793685786,-1.264748112657314,8
9317,-106.69501007573017,-2.857687717381544,73634,-109.71624596876933,-1.0040630408538558,16
9318,-98.00497545545362,2.568559322231402,73641,-96.6939343764425,2.7165835152131033,15
9319,-69.8130948423981,1.3859777670975544,73644,-66.8889597803445,2.169628081691683,14
9320,-54.14287451504287,-8.92734775367329,73646,-49.93530245157272,-0.19848027172185767,2
9321,-90.94992226825207,1.4518094601488374,73666,-85.91178621041317,3.2728237667350073,24
9322,494.9954572092349,-49.8352717241602,73676,417.6915390220547,-4.11857226961515,29
9323,454.4899665410083,-0.8994493053096753,73686,417.6915390220547,-4.11857226961515,29
9324,-97.07221132692122,4.051204233651317,73688,-96.6939343764425,2.7165835152131033,15
9325,-111.77155485745436,-2.7871069543339777,73711,-109.71624596876933,-1.0040630408538558,16
9326,-144.21736907620695,4.375525251179841,73720,-142.14616351708418,5.245197398204194,22
9327,-136.8651070517418,-2.714207442801763,73721,-134.89656831690453,-0.030690791204986433,34
9328,-91.84344279798427,0.660226619035654,73751,-96.6939343764425,2.7165835152131033,15
9329,-66.67069714748034,-1.169299652735216,73752,-66.8889597803445,2.169628081691683,14
9330,-143.11123802156118,3.6064098827184385,73758,-142.14616351708418,5.245197398204194,22
9331,-46.10696640699775,6.170242714015478,73773,-49.93530245157272,-0.19848027172185767,2
9332,-62.14130512249556,5.64262735403935,73799,-66.8889597803445,2.169628081691683,14
9333,-45.34673277129841,9.907579027228484,73813,-49.93530245157272,-0.19848027172185767,2
9334,-139.03473174458534,0.4670603078956714,73819,-141.0346653257256,-1.1036168920026446,0
9335,-72.0550738658833,4.61011268067063,73820,-66.8889597803445,2.169628081691683,14
9336,-8.808063321333467,2.301055406887885,73823,-6.878718007946434,-1.0926682779646681,10
9337,-44.318136456174344,-5.94189189699037,73828,-49.93530245157272,-0.19848027172185767,2
9338,-1.1057629821483586,7.423328193139365,73836,-6.878718007946434,-1.0926682779646681,10
9339,51.4676012702308,-14.380945706811517,73843,47.997068783449585,1.2679199422360634,13
9340,-134.0706855190002,3.379455051657799,73847,-132.1080396739421,5.887059356646324,17
9341,359.2711109375451,13.95113937665123,73848,302.44973475302317,-5.405747081354008,25
9342,-125.30740096296736,7.189107489272989,73851,-123.80894152337959,5.566802721935252,23
9343,-91.19798523959734,5.367968192070617,73859,-85.91178621041317,3.2728237667350073,24
9344,-103.99151334087071,1.644475964472838,73862,-104.7190727296112,3.8815952186994593,7
9345,317.37949227685726,-3.859008765465457,73878,302.44973475302317,-5.405747081354008,25
9346,-144.6626650253294,-4.711077210599279,73882,-148.09620948762597,-1.1157003398540595,36
9347,-100.79643135702295,-1.5501707059734773,73903,-96.6939343764425,2.7165835152131033,15
9348,-51.407154657200415,-5.148127554934186,73913,-49.93530245157272,-0.19848027172185767,2
9349,31.910353773122086,8.658280304940781,73918,18.937510567705566,1.034768221250525,27
9350,-100.09401588689374,3.9649652692450896,73931,-96.6939343764425,2.7165835152131033,15
9351,320.97948705886034,-12.330997610401715,73933,302.44973475302317,-5.405747081354008,25
9352,-111.02673265291685,1.2743941197162236,73938,-109.71624596876933,-1.0040630408538558,16
9353,27.3124310265136,2.3195094710678164,73960,18.937510567705566,1.034768221250525,27
9354,-142.9426658731072,-0.6024397267128916,73961,-141.0346653257256,-1.1036168920026446,0
9355,-104.64197425302143,-3.462832989198295,73965,-109.71624596876933,-1.0040630408538558,16
9356,554.5403290415828,16.462386692069916,73968,586.0312761189704,-1.722944617346204,30
9357,-82.17193485227949,5.9533815759854605,73978,-85.91178621041317,3.2728237667350073,24
9358,394.27033446196543,15.063979939119521,73981,417.6915390220547,-4.11857226961515,29
9359,-63.4309210676226,10.412385734215142,73985,-66.8889597803445,2.169628081691683,14
9360,-59.73619448755877,-0.13424465148448578,73990,-66.8889597803445,2.169628081691683,14
9361,-132.36425531704978,7.781032787175139,73991,-132.1080396739421,5.887059356646324,17
9362,-141.98446113411052,0.8479648732595887,73999,-141.0346653257256,-1.1036168920026446,0
9363,-41.88941785086782,-12.230414848764292,74002,-49.93530245157272,-0.19848027172185767,2
9364,-25.542850286344045,-2.2232632606276415,74022,-29.714479793685786,-1.264748112657314,8
9365,-96.8679451520194,1.1024590077069973,74030,-96.6939343764425,2.7165835152131033,15
9366,54.364479688134516,-12.571173763152776,74038,47.997068783449585,1.2679199422360634,13
9367,-58.09841683246327,3.7291280526214723,74048,-66.8889597803445,2.169628081691683,14
9368,384.0086985409253,3.8369143617444865,74085,417.6915390220547,-4.11857226961515,29
9369,97.54226791874355,1.0436542264061277,74093,104.96211155305676,-0.5414592591613776,31
9370,-68.35046944508852,-6.6667164849034375,74108,-66.8889597803445,2.169628081691683,14
9371,-63.99674062276624,2.9376950762618765,74110,-66.8889597803445,2.169628081691683,14
9372,-143.0125935560609,-0.10072502248951856,74115,-141.0346653257256,-1.1036168920026446,0
9373,-134.10535213443418,2.1020622311893957,74132,-134.89656831690453,-0.030690791204986433,34
9374,-11.17149188543368,8.174575213448975,74134,-6.878718007946434,-1.0926682779646681,10
9375,-128.31044789296396,7.196050203377652,74135,-132.1080396739421,5.887059356646324,17
9376,-97.96885205066435,1.2499932039190869,74144,-96.6939343764425,2.7165835152131033,15
9377,82.57294957134424,0.10811601566805581,74160,78.01149217232324,3.6022338347977136,6
9378,404.06477940058045,3.464081310522506,74170,417.6915390220547,-4.11857226961515,29
9379,-97.24463868272348,7.317721611173879,74173,-96.6939343764425,2.7165835152131033,15
9380,-149.3261615046178,6.67708484713132,74177,-146.59606179012786,4.113086925586259,4
9381,-146.26821616988678,5.9667280801577345,74178,-146.59606179012786,4.113086925586259,4
9382,-75.02086186402076,3.810401496475206,74183,-66.8889597803445,2.169628081691683,14
9383,-117.97965308834513,0.1345346415797116,74217,-118.09857507912784,0.7103841694799473,11
9384,-20.610919504738554,-1.6973126590738206,74218,-29.714479793685786,-1.264748112657314,8
9385,-133.9785187669407,-0.16377693445353983,74221,-134.89656831690453,-0.030690791204986433,34
9386,-139.94981935824111,-0.8865791460558896,74231,-141.0346653257256,-1.1036168920026446,0
9387,-141.13361995502535,4.140915425313957,74236,-142.14616351708418,5.245197398204194,22
9388,-15.727326869572963,1.4333699501944408,74244,-6.878718007946434,-1.0926682779646681,10
9389,40.292960646706526,2.9801482634021377,74245,47.997068783449585,1.2679199422360634,13
9390,143.8008812670742,-16.020431279517975,74254,135.4076551174278,-1.697351881935795,33
9391,-45.199708736830345,6.159669115896598,74255,-49.93530245157272,-0.19848027172185767,2
9392,-11.031429502509052,-10.132100285296424,74275,-6.878718007946434,-1.0926682779646681,10
9393,5.130578711411009,4.398657787029314,74284,-6.878718007946434,-1.0926682779646681,10
9394,-136.78954352379495,-2.308170768642725,74296,-134.89656831690453,-0.030690791204986433,34
9395,-142.03970118877243,0.5179061941002429,74307,-141.0346653257256,-1.1036168920026446,0
9396,-69.40239007089941,10.19448208558097,74314,-66.8889597803445,2.169628081691683,14
9397,179.23310954029523,7.642378417311102,74323,172.66355239880147,-2.7112682595768685,38
9398,-47.04524858502724,4.798689941436099,74331,-49.93530245157272,-0.19848027172185767,2
9399,-107.86053916274685,-1.2890824961156688,74337,-109.71624596876933,-1.0040630408538558,16
9400,-125.02725242756142,2.073434470318465,74344,-123.80894152337959,5.566802721935252,23
9401,359.00006798296266,3.0988705934318808,74348,302.44973475302317,-5.405747081354008,25
9402,-113.92217466486075,0.982396861396936,74353,-118.09857507912784,0.7103841694799473,11
9403,905.8561575360947,-4.770669953227006,74358,861.6475783799328,6.515082937232454,35
9404,-26.533666369214377,-1.960174238004823,74373,-29.714479793685786,-1.264748112657314,8
9405,-126.11554355931996,2.96106547824182,74402,-129.1025175244067,1.5488809909733745,1
9406,33.93786097868188,8.076718431937945,74406,47.997068783449585,1.2679199422360634,13
9407,-37.78946703485122,0.382605588497226,74408,-29.714479793685786,-1.264748112657314,8
9408,73.36796920795234,-12.336739950358186,74412,70.166569844569,-14.692630117552799,9
9409,-134.94675775118384,-0.8952951688933479,74443,-134.89656831690453,-0.030690791204986433,34
9410,-0.3628003178849621,11.018090906313402,74450,-6.878718007946434,-1.0926682779646681,10
9411,18.18872795902452,2.8109376893224756,74467,18.937510567705566,1.034768221250525,27
9412,33.80420953109796,-4.744617465832914,74469,47.997068783449585,1.2679199422360634,13
9413,-20.870714428811986,3.483953116385334,74481,-29.714479793685786,-1.264748112657314,8
9414,-54.006904565271626,3.32492031171166,74484,-49.93530245157272,-0.19848027172185767,2
9415,-19.0288893953432,5.428294489405556,74485,-29.714479793685786,-1.264748112657314,8
9416,-127.91762523425177,-0.8798262459522018,74495,-129.1025175244067,1.5488809909733745,1
9417,-64.89711214588328,2.27460369639307,74498,-66.8889597803445,2.169628081691683,14
9418,-149.74784132414362,-4.471923684582566,74499,-148.09620948762597,-1.1157003398540595,36
9419,37.1790368717995,4.374493622592551,74503,47.997068783449585,1.2679199422360634,13
9420,-111.41498146921315,9.269363387925688,74517,-114.33047638704419,5.73481138949136,19
9421,702.9914580171609,-13.706084164550061,74521,586.0312761189704,-1.722944617346204,30
9422,-148.99577718361132,-0.5685185364300083,74545,-148.09620948762597,-1.1157003398540595,36
9423,3.2996797084436293,1.6751551033795882,74554,-6.878718007946434,-1.0926682779646681,10
9424,-146.1230620547708,3.8126030094237358,74559,-146.59606179012786,4.113086925586259,4
9425,-56.06137990650139,3.9791491056705457,74569,-49.93530245157272,-0.19848027172185767,2
9426,248.32001617460367,-5.258521451646478,74572,227.03647807555316,-5.020718083634986,26
9427,-109.91761502547256,0.44769087770833477,74585,-109.71624596876933,-1.0040630408538558,16
9428,-154.31798995591012,6.403461764312225,74587,-152.23629829764135,4.213482038439798,37
9429,-126.46346363531597,-7.217431524221678,74596,-130.75996572568545,-6.6137591708523855,18
9430,-97.71121687589147,-1.8247876544916235,74600,-96.6939343764425,2.7165835152131033,15
9431,-34.77703863780999,1.1920088470717878,74603,-29.714479793685786,-1.264748112657314,8
9432,-109.99079358324687,0.4752482175967738,74604,-109.71624596876933,-1.0040630408538558,16
9433,-139.12231540893427,2.883155070640228,74616,-137.57400940459857,4.493303950559668,20
9434,11.46777342930632,-1.3460767470368524,74631,18.937510567705566,1.034768221250525,27
9435,-87.0966961808596,3.7302520401170143,74634,-85.91178621041317,3.2728237667350073,24
9436,-102.92116877396559,0.6358492538333956,74636,-104.7190727296112,3.8815952186994593,7
9437,-134.12389293480257,2.4952403748170418,74640,-134.89656831690453,-0.030690791204986433,34
9438,408.3366778051387,-0.3719340133047905,74644,417.6915390220547,-4.11857226961515,29
9439,-73.16047906243259,-38.32551498438052,74656,-77.6204452281073,-4.536559244831727,5
9440,-125.78081312295744,-3.844221142608806,74660,-123.94204162798616,-1.5144507595891967,3
9441,153.4496708080959,4.531775821015891,74666,135.4076551174278,-1.697351881935795,33
9442,-147.33171250917104,6.816527104845382,74670,-146.59606179012786,4.113086925586259,4
9443,-142.95771568301106,-0.272615723043438,74675,-141.0346653257256,-1.1036168920026446,0
9444,473.78327078131764,10.28948629885833,74694,417.6915390220547,-4.11857226961515,29
9445,-102.45044474518279,-6.598268668520198,74698,-95.36861679384212,-10.95784818293233,28
9446,-150.01201861491055,-0.23722286382088398,74702,-148.09620948762597,-1.1157003398540595,36
9447,-128.23400221158255,6.038540358109025,74708,-132.1080396739421,5.887059356646324,17
9448,-113.91770113810975,0.8785828022278632,74717,-118.09857507912784,0.7103841694799473,11
9449,9.99599763083776,-8.840288723492593,74720,18.937510567705566,1.034768221250525,27
9450,-90.05795664633992,2.792590061372568,74734,-85.91178621041317,3.2728237667350073,24
9451,-23.514282732828423,-2.318164548180771,74741,-29.714479793685786,-1.264748112657314,8
9452,-122.53668429730917,-6.574238241057806,74791,-123.94204162798616,-1.5144507595891967,3
9453,1316.0488130820577,64.00115047335328,74798,1342.5649032771717,32.04824045393157,32
9454,173.1322079866372,-4.982900743108047,74801,172.66355239880147,-2.7112682595768685,38
9455,-107.57179911349083,-5.052435777841261,74812,-109.71624596876933,-1.0040630408538558,16
9456,-78.3476421928499,8.84769680188049,74831,-85.91178621041317,3.2728237667350073,24
9457,-86.11096988936102,4.569392933407092,74856,-85.91178621041317,3.2728237667350073,24
9458,-62.11677281610073,5.605707668634803,74857,-66.8889597803445,2.169628081691683,14
9459,-138.80440500989343,-3.044101462022141,74864,-141.0346653257256,-1.1036168920026446,0
9460,-123.28180288389058,6.66671629444896,74873,-123.80894152337959,5.566802721935252,23
9461,-93.86399281509385,-0.4627787929675907,74882,-96.6939343764425,2.7165835152131033,15
9462,-74.53407560097497,-4.794936886671454,74895,-77.6204452281073,-4.536559244831727,5
9463,1510.6063038465143,19.59789744386079,74896,1342.5649032771717,32.04824045393157,32
9464,32.416933010636384,0.11343268110539369,74900,18.937510567705566,1.034768221250525,27
9465,-16.661643701570256,-0.008861579901325054,74904,-6.878718007946434,-1.0926682779646681,10
9466,-145.33661320979203,6.969885742175717,74907,-146.59606179012786,4.113086925586259,4
9467,-63.02255667243226,-11.217365369094734,74909,-66.8889597803445,2.169628081691683,14
9468,-151.26033156164223,5.204985683106592,74913,-152.23629829764135,4.213482038439798,37
9469,305.8726943546744,-26.002261983424305,74917,302.44973475302317,-5.405747081354008,25
9470,-111.95706859836557,1.7900675075770636,74924,-109.71624596876933,-1.0040630408538558,16
9471,-117.25454177643452,6.637196384921234,74927,-114.33047638704419,5.73481138949136,19
9472,355.66465175701677,-21.116165488222038,74948,302.44973475302317,-5.405747081354008,25
9473,-129.3576582359805,7.700155759922214,74949,-132.1080396739421,5.887059356646324,17
9474,-143.32290921058018,6.709260339178271,74952,-142.14616351708418,5.245197398204194,22
9475,106.22954937573743,5.469350563603602,74968,104.96211155305676,-0.5414592591613776,31
9476,54.10235571457128,-8.892095935280276,74974,47.997068783449585,1.2679199422360634,13
9477,-80.41518075489978,-5.990339096478898,74979,-77.6204452281073,-4.536559244831727,5
9478,-92.99547780615067,1.3843529214831125,74999,-96.6939343764425,2.7165835152131033,15
9479,186.94953258063012,-16.48958939684274,75001,172.66355239880147,-2.7112682595768685,38
9480,-104.1304465776529,4.701434269411289,75003,-104.7190727296112,3.8815952186994593,7
9481,-145.1818874795342,4.615578764521377,75007,-146.59606179012786,4.113086925586259,4
9482,-141.26524463514923,5.479165795897526,75011,-142.14616351708418,5.245197398204194,22
9483,19.28045383994685,2.3754723592235147,75023,18.937510567705566,1.034768221250525,27
9484,126.11227789786064,8.361040133843908,75024,135.4076551174278,-1.697351881935795,33
9485,-68.13396409107172,4.869784638762142,75040,-66.8889597803445,2.169628081691683,14
9486,-112.11431584556334,3.162243468152995,75044,-114.33047638704419,5.73481138949136,19
9487,-107.86830825220683,-14.823450153067634,75049,-115.69510858146283,-11.595084171039186,39
9488,-67.11023752950884,5.916326707008012,75058,-66.8889597803445,2.169628081691683,14
9489,-120.3355657371805,7.3760457275194025,75064,-123.80894152337959,5.566802721935252,23
9490,-146.13102804305325,2.9600520711395983,75077,-146.59606179012786,4.113086925586259,4
9491,-60.51083193960043,-3.0203776428301783,75085,-66.8889597803445,2.169628081691683,14
9492,55.98266484669295,7.964881941375935,75086,47.997068783449585,1.2679199422360634,13
9493,-139.01756735033476,0.10199526050283741,75100,-141.0346653257256,-1.1036168920026446,0
9494,-29.116094600633105,6.65431737342838,75103,-29.714479793685786,-1.264748112657314,8
9495,-61.97358826747899,3.501581398147244,75108,-66.8889597803445,2.169628081691683,14
9496,-71.2361808110549,7.557887885263723,75129,-66.8889597803445,2.169628081691683,14
9497,-113.33819044110311,8.069089932159905,75130,-114.33047638704419,5.73481138949136,19
9498,-145.99920332089613,1.6051871226685752,75141,-146.59606179012786,4.113086925586259,4
9499,-133.0043264926158,-0.13018419022384156,75144,-134.89656831690453,-0.030690791204986433,34
9500,-49.64728190672167,-0.8739529756187397,75148,-49.93530245157272,-0.19848027172185767,2
9501,-1.434565039427475,13.092617431930845,75151,-6.878718007946434,-1.0926682779646681,10
9502,-155.31614995009195,6.356152386167911,75154,-152.23629829764135,4.213482038439798,37
9503,-89.3206607160216,8.071609541382063,75164,-85.91178621041317,3.2728237667350073,24
9504,-64.92481416119864,2.880575579965678,75167,-66.8889597803445,2.169628081691683,14
9505,-83.03415911603427,2.928352655155096,75172,-85.91178621041317,3.2728237667350073,24
9506,-107.22190782656894,5.619105866640076,75177,-104.7190727296112,3.8815952186994593,7
9507,-128.02156543215432,1.9069149202124505,75190,-129.1025175244067,1.5488809909733745,1
9508,-41.09495178853064,5.49007148556389,75217,-49.93530245157272,-0.19848027172185767,2
9509,-25.089694461663754,6.141009493755081,75221,-29.714479793685786,-1.264748112657314,8
9510,-94.18259921408956,5.998149344025567,75224,-96.6939343764425,2.7165835152131033,15
9511,-123.02841527951033,0.6030535066189358,75228,-123.94204162798616,-1.5144507595891967,3
9512,-116.1157709667664,4.151007648509502,75242,-114.33047638704419,5.73481138949136,19
9513,96.84876458339677,11.090540793604912,75249,104.96211155305676,-0.5414592591613776,31
9514,-129.93205160251958,-0.6038790648630579,75250,-129.1025175244067,1.5488809909733745,1
9515,-90.68578387726741,-1.7496733159565778,75254,-85.91178621041317,3.2728237667350073,24
9516,-134.01538003877212,1.6699970702038605,75256,-134.89656831690453,-0.030690791204986433,34
9517,-138.050260893191,0.8210429418617137,75266,-134.89656831690453,-0.030690791204986433,34
9518,-119.39798354163158,8.772368775722509,75292,-123.80894152337959,5.566802721935252,23
9519,-22.41528433494195,-32.9109744103319,75306,-29.714479793685786,-1.264748112657314,8
9520,100.83376645261718,-3.2508026836089465,75315,104.96211155305676,-0.5414592591613776,31
9521,-79.37530816790081,9.442112032852338,75332,-85.91178621041317,3.2728237667350073,24
9522,241.9950551329524,-0.813767464422294,75346,227.03647807555316,-5.020718083634986,26
9523,360.90186751490927,4.764683258588365,75356,417.6915390220547,-4.11857226961515,29
9524,350.53038629802575,9.651640791455923,75375,302.44973475302317,-5.405747081354008,25
9525,-13.94360476525973,4.165889927994116,75377,-6.878718007946434,-1.0926682779646681,10
9526,-86.7025153161261,-2.341652966191408,75387,-85.91178621041317,3.2728237667350073,24
9527,-130.30351228765377,7.018510215919679,75391,-132.1080396739421,5.887059356646324,17
9528,961.6061497071,-13.594327575222476,75395,861.6475783799328,6.515082937232454,35
9529,-72.71586162418623,-2.8487029155543504,75399,-77.6204452281073,-4.536559244831727,5
9530,-109.35554510535684,8.50994525306805,75401,-114.33047638704419,5.73481138949136,19
9531,-131.68738685815282,-3.937983830652043,75403,-130.75996572568545,-6.6137591708523855,18
9532,-135.29221888007444,6.674340808337401,75406,-137.57400940459857,4.493303950559668,20
9533,-81.79231181687202,-14.51721942282805,75436,-77.6204452281073,-4.536559244831727,5
9534,-49.80691836602564,2.1050026053368933,75447,-49.93530245157272,-0.19848027172185767,2
9535,-88.04267850688322,3.0406743598408243,75460,-85.91178621041317,3.2728237667350073,24
9536,293.5907366637629,6.857081094452186,75472,302.44973475302317,-5.405747081354008,25
9537,188.28150996708564,-21.181757720310806,75508,172.66355239880147,-2.7112682595768685,38
9538,-148.16745263409427,4.253825957170363,75512,-146.59606179012786,4.113086925586259,4
9539,843.7758644500312,22.829822948026425,75518,861.6475783799328,6.515082937232454,35
9540,-149.26532792825802,5.3254300265198165,75520,-146.59606179012786,4.113086925586259,4
9541,-111.06361968636455,1.5753087769721605,75526,-109.71624596876933,-1.0040630408538558,16
9542,-138.77175799201873,-3.233111398876807,75542,-141.0346653257256,-1.1036168920026446,0
9543,-105.12362193835442,3.473716695007779,75585,-104.7190727296112,3.8815952186994593,7
9544,154.55088102341566,-11.893891181992558,75591,172.66355239880147,-2.7112682595768685,38
9545,-125.88725835083439,-1.5177649043112897,75595,-123.94204162798616,-1.5144507595891967,3
9546,183.58348867960768,-25.825086586090997,75598,172.66355239880147,-2.7112682595768685,38
9547,-71.72691011955638,-1.5560345473233033,75600,-66.8889597803445,2.169628081691683,14
9548,7.07280297830389,5.180624795541778,75605,18.937510567705566,1.034768221250525,27
9549,896.5486232148578,-14.970462540551027,75609,861.6475783799328,6.515082937232454,35
9550,156.29693886827218,-22.57271686583468,75616,172.66355239880147,-2.7112682595768685,38
9551,173.5178147516179,3.878733632521867,75625,172.66355239880147,-2.7112682595768685,38
9552,118.88100115405936,-3.464420247424331,75638,104.96211155305676,-0.5414592591613776,31
9553,-38.98727996938628,4.205736937129201,75641,-29.714479793685786,-1.264748112657314,8
9554,-135.25141994168243,-10.49823754312,75648,-130.75996572568545,-6.6137591708523855,18
9555,-52.98163917400567,3.318552887088803,75650,-49.93530245157272,-0.19848027172185767,2
9556,-132.99572269828,0.7228924321133352,75667,-134.89656831690453,-0.030690791204986433,34
9557,-69.05970456426294,5.261087875789986,75673,-66.8889597803445,2.169628081691683,14
9558,-56.12078882347035,5.796664123644897,75679,-49.93530245157272,-0.19848027172185767,2
9559,367.4872970996386,-3.8690655972016756,75685,417.6915390220547,-4.11857226961515,29
9560,191.46912173214713,4.7313297636780565,75691,172.66355239880147,-2.7112682595768685,38
9561,-92.78316461448047,-0.1639546976048531,75694,-96.6939343764425,2.7165835152131033,15
9562,18.37617098563691,0.7807172381053057,75704,18.937510567705566,1.034768221250525,27
9563,54.45461903273,0.18110014581519585,75710,47.997068783449585,1.2679199422360634,13
9564,-137.03871413681125,1.6054822085405596,75722,-134.89656831690453,-0.030690791204986433,34
9565,-17.719050437093447,1.2348456652123183,75724,-6.878718007946434,-1.0926682779646681,10
9566,-93.01313943558326,3.3370709828284535,75727,-96.6939343764425,2.7165835152131033,15
9567,-87.67951919633511,-1.8376905167620226,75728,-85.91178621041317,3.2728237667350073,24
9568,-56.13882965578537,4.637047039720468,75739,-49.93530245157272,-0.19848027172185767,2
9569,-21.3236006383095,10.821870554066082,75747,-29.714479793685786,-1.264748112657314,8
9570,-70.79369520802169,0.42038749247029433,75752,-66.8889597803445,2.169628081691683,14
9571,-119.19345626465734,5.293747129837159,75764,-123.80894152337959,5.566802721935252,23
9572,256.2044052879188,-17.831955273255957,75765,227.03647807555316,-5.020718083634986,26
9573,84.38272602430472,2.7727046773837642,75785,78.01149217232324,3.6022338347977136,6
9574,-139.6826356960164,-5.209543361146543,75796,-141.0346653257256,-1.1036168920026446,0
9575,-124.92104920356785,-0.7728024302440859,75797,-123.94204162798616,-1.5144507595891967,3
9576,-137.18018372616476,4.187616891321757,75806,-137.57400940459857,4.493303950559668,20
9577,-147.86069594956942,-1.9584150527929813,75822,-148.09620948762597,-1.1157003398540595,36
9578,1079.6031119777597,-9.496174187374493,75825,861.6475783799328,6.515082937232454,35
9579,-155.26528243255527,5.24332719581891,75827,-152.23629829764135,4.213482038439798,37
9580,-30.4746019262556,-3.3090821936913963,75828,-29.714479793685786,-1.264748112657314,8
9581,-123.0058057317872,0.5937203071310757,75829,-123.94204162798616,-1.5144507595891967,3
9582,434.45625655478005,13.206071340797013,75837,417.6915390220547,-4.11857226961515,29
9583,-4.404765594157117,-3.380348384255382,75850,-6.878718007946434,-1.0926682779646681,10
9584,-136.0014682555054,0.30235723410469245,75851,-134.89656831690453,-0.030690791204986433,34
9585,360.1313913111752,1.2659229324678383,75853,417.6915390220547,-4.11857226961515,29
9586,-55.91432496002825,-13.452610324922288,75854,-49.93530245157272,-0.19848027172185767,2
9587,104.56681883756308,0.10250090477860495,75856,104.96211155305676,-0.5414592591613776,31
9588,502.70116003918633,12.580852299395813,75863,586.0312761189704,-1.722944617346204,30
9589,-128.11168908451404,2.330045015159438,75874,-129.1025175244067,1.5488809909733745,1
9590,-110.2042885243122,5.691668375726808,75878,-114.33047638704419,5.73481138949136,19
9591,-114.28683260580245,6.411912433178039,75884,-114.33047638704419,5.73481138949136,19
9592,-39.601882347622144,-1.1869454226449692,75903,-29.714479793685786,-1.264748112657314,8
9593,-31.37282101921355,-4.542640635951321,75909,-29.714479793685786,-1.264748112657314,8
9594,-76.38777278877714,-5.472326312711697,75911,-77.6204452281073,-4.536559244831727,5
9595,-153.31741049625535,6.398385109932477,75914,-152.23629829764135,4.213482038439798,37
9596,-95.9601526396263,1.0982854702630478,75925,-96.6939343764425,2.7165835152131033,15
9597,36.17364651806626,4.999283215029789,75932,47.997068783449585,1.2679199422360634,13
9598,-139.1272276379678,3.4966490066856086,75933,-137.57400940459857,4.493303950559668,20
9599,-134.3622136137079,7.722622573137707,75940,-132.1080396739421,5.887059356646324,17
9600,39.67120209679202,-2.75686419890548,75961,47.997068783449585,1.2679199422360634,13
9601,-99.07791142365564,3.1262132517995767,75966,-96.6939343764425,2.7165835152131033,15
9602,-96.07869293728771,4.198086278753051,75971,-96.6939343764425,2.7165835152131033,15
9603,107.92351486425034,11.182881806241628,75977,104.96211155305676,-0.5414592591613776,31
9604,-131.9736665141074,1.2820364678400895,75985,-129.1025175244067,1.5488809909733745,1
9605,-132.22618634078742,5.791640713425074,75991,-132.1080396739421,5.887059356646324,17
9606,-152.31927105042317,6.464740273666255,76000,-152.23629829764135,4.213482038439798,37
9607,5.9946337656592,5.855538672366403,76008,18.937510567705566,1.034768221250525,27
9608,-123.38736190629332,8.44543580192096,76010,-123.80894152337959,5.566802721935252,23
9609,78.32052971997196,3.516205603796973,76011,78.01149217232324,3.6022338347977136,6
9610,-102.86445043861863,0.9303885332065286,76017,-104.7190727296112,3.8815952186994593,7
9611,-109.33711832042252,7.595018708091635,76021,-114.33047638704419,5.73481138949136,19
9612,10.932564352147363,6.785463106038199,76025,18.937510567705566,1.034768221250525,27
9613,13.830721834484304,7.515206243361871,76032,18.937510567705566,1.034768221250525,27
9614,-46.87644350212108,1.6165073186481054,76047,-49.93530245157272,-0.19848027172185767,2
9615,-87.06698072791414,3.0577157207517884,76052,-85.91178621041317,3.2728237667350073,24
9616,40.1319661982708,5.473826213544779,76054,47.997068783449585,1.2679199422360634,13
9617,79.49279268977901,0.7864361101348787,76058,78.01149217232324,3.6022338347977136,6
9618,-107.35821339150462,8.590614526830361,76067,-104.7190727296112,3.8815952186994593,7
9619,144.48390044782388,3.1069894745714213,76077,135.4076551174278,-1.697351881935795,33
9620,123.05713895321696,9.008113968203885,76081,135.4076551174278,-1.697351881935795,33
9621,-149.261617773836,5.761959884226131,76093,-146.59606179012786,4.113086925586259,4
9622,-41.36098489454599,-6.5126472818803025,76105,-49.93530245157272,-0.19848027172185767,2
9623,-60.256638387580786,-7.567275651905749,76120,-66.8889597803445,2.169628081691683,14
9624,20.438310107022136,-0.5371955580090394,76123,18.937510567705566,1.034768221250525,27
9625,-121.33884172605448,7.432880707852616,76129,-123.80894152337959,5.566802721935252,23
9626,74.35432824059896,2.717309347130925,76131,78.01149217232324,3.6022338347977136,6
9627,128.91026525507672,-3.4203043491954115,76141,135.4076551174278,-1.697351881935795,33
9628,124.84277530052115,-2.5205585339635888,76143,135.4076551174278,-1.697351881935795,33
9629,-36.88122907922277,1.8902174533022298,76152,-29.714479793685786,-1.264748112657314,8
9630,215.23453700519363,9.76952689721073,76171,227.03647807555316,-5.020718083634986,26
9631,-106.99961698323312,1.763551802721959,76177,-104.7190727296112,3.8815952186994593,7
9632,-59.953497227988414,3.0836517918381183,76179,-66.8889597803445,2.169628081691683,14
9633,-97.76412531946184,-0.15615831252509224,76183,-96.6939343764425,2.7165835152131033,15
9634,-28.000958868867034,-10.06358865608204,76188,-29.714479793685786,-1.264748112657314,8
9635,-108.14115664101722,3.8085480858740106,76193,-104.7190727296112,3.8815952186994593,7
9636,265.7964135257246,-26.02580833229299,76201,302.44973475302317,-5.405747081354008,25
9637,-84.93581239705584,0.7398635590954111,76202,-85.91178621041317,3.2728237667350073,24
9638,-137.0894384225004,1.6920547724699002,76218,-134.89656831690453,-0.030690791204986433,34
9639,-120.3954193548912,8.670107362554285,76249,-123.80894152337959,5.566802721935252,23
9640,-94.13968958562171,5.04061917849976,76251,-96.6939343764425,2.7165835152131033,15
9641,161.61835881156856,1.993224837040835,76259,172.66355239880147,-2.7112682595768685,38
9642,-119.27350726509869,6.563234456534846,76287,-123.80894152337959,5.566802721935252,23
9643,115.08084537083641,-35.30921298082134,76290,110.19899446847099,-35.665903512662624,21
9644,-150.17728160928434,3.385754926617371,76296,-152.23629829764135,4.213482038439798,37
9645,-148.05999881074055,0.8746550399385513,76304,-148.09620948762597,-1.1157003398540595,36
9646,-126.82079299131568,-0.9451101256247298,76312,-123.94204162798616,-1.5144507595891967,3
9647,-71.33040464011238,8.6041534441035,76317,-66.8889597803445,2.169628081691683,14
9648,-73.74485705214758,-1.7122245996035266,76325,-77.6204452281073,-4.536559244831727,5
9649,222.52341775101905,-9.113105597778489,76339,227.03647807555316,-5.020718083634986,26
9650,-105.12141669101368,4.474574083894618,76341,-104.7190727296112,3.8815952186994593,7
9651,-54.872801303072954,-12.820560084544997,76342,-49.93530245157272,-0.19848027172185767,2
9652,702.6574884049093,-8.960063196804764,76345,586.0312761189704,-1.722944617346204,30
9653,-122.04324155873037,1.4518897216104785,76346,-123.94204162798616,-1.5144507595891967,3
9654,51.78107041574234,-3.9506979585899695,76347,47.997068783449585,1.2679199422360634,13
9655,-134.00379791989488,-0.11209050831945604,76348,-134.89656831690453,-0.030690791204986433,34
9656,-129.95687991583685,0.975592944330328,76351,-129.1025175244067,1.5488809909733745,1
9657,-44.58734434836986,-3.136952437963334,76353,-49.93530245157272,-0.19848027172185767,2
9658,-77.38605743709854,-6.033895164114998,76354,-77.6204452281073,-4.536559244831727,5
9659,-112.23038819223966,5.186803976114182,76362,-114.33047638704419,5.73481138949136,19
9660,108.23532841847758,-8.840486101414484,76366,104.96211155305676,-0.5414592591613776,31
9661,-82.37334496154105,8.85056247970907,76369,-85.91178621041317,3.2728237667350073,24
9662,303.6179022211582,-7.744759937687656,76377,302.44973475302317,-5.405747081354008,25
9663,-104.80701875554776,-1.3955911499731872,76407,-109.71624596876933,-1.0040630408538558,16
9664,-125.00034718354922,1.4973350205732454,76415,-123.94204162798616,-1.5144507595891967,3
9665,517.0323562919356,8.13097343428088,76423,586.0312761189704,-1.722944617346204,30
9666,266.920093502848,15.995925628759611,76437,302.44973475302317,-5.405747081354008,25
9667,-143.14929038614352,2.8813478955069938,76441,-142.14616351708418,5.245197398204194,22
9668,-144.0741818402433,1.247584781805856,76453,-146.59606179012786,4.113086925586259,4
9669,109.80801349030322,-2.5465867577311077,76471,104.96211155305676,-0.5414592591613776,31
9670,-7.512382378614528,-2.100483113084011,76477,-6.878718007946434,-1.0926682779646681,10
9671,-134.0357207692767,1.0868098317072952,76490,-134.89656831690453,-0.030690791204986433,34
9672,-97.44731143226234,10.188012549378879,76496,-96.6939343764425,2.7165835152131033,15
9673,-101.4396790205481,9.982858160137273,76507,-104.7190727296112,3.8815952186994593,7
9674,-139.21450800147701,4.416892846930691,76510,-137.57400940459857,4.493303950559668,20
9675,-95.04150865827461,3.9103837700570954,76511,-96.6939343764425,2.7165835152131033,15
9676,-88.93853386931656,2.278303951385536,76540,-85.91178621041317,3.2728237667350073,24
9677,-95.18739743056932,5.591171089302121,76541,-96.6939343764425,2.7165835152131033,15
9678,28.328599011370667,1.98864110615784,76542,18.937510567705566,1.034768221250525,27
9679,-47.66719984385788,-0.3956461379276158,76548,-49.93530245157272,-0.19848027172185767,2
9680,-106.18376929573661,4.796712774342307,76551,-104.7190727296112,3.8815952186994593,7
9681,54.41178426853022,-27.828381602196526,76574,70.166569844569,-14.692630117552799,9
9682,32.15608792902691,4.80209855976926,76579,18.937510567705566,1.034768221250525,27
9683,390.4535206566948,12.010643728529601,76582,417.6915390220547,-4.11857226961515,29
9684,-134.68528805158348,-3.5239959572443658,76600,-134.89656831690453,-0.030690791204986433,34
9685,-70.25893406491028,7.569813853718114,76608,-66.8889597803445,2.169628081691683,14
9686,-118.1584044033633,4.040927370545541,76626,-118.09857507912784,0.7103841694799473,11
9687,158.74005914436347,-14.427969700987427,76633,172.66355239880147,-2.7112682595768685,38
9688,-71.79244009476263,-1.1457082042125155,76635,-66.8889597803445,2.169628081691683,14
9689,213.77579750632404,1.4579838384115662,76638,227.03647807555316,-5.020718083634986,26
9690,127.73406933452495,-15.341732583595302,76645,135.4076551174278,-1.697351881935795,33
9691,-97.02962357027553,3.106896419086483,76658,-96.6939343764425,2.7165835152131033,15
9692,-76.98801005661964,3.552172466312382,76662,-77.6204452281073,-4.536559244831727,5
9693,-96.094055132461,3.5235107775314747,76663,-96.6939343764425,2.7165835152131033,15
9694,-69.9014257850336,1.2689661066567457,76666,-66.8889597803445,2.169628081691683,14
9695,861.4765396661857,13.427389122583465,76679,861.6475783799328,6.515082937232454,35
9696,117.66799030180171,0.15635967713334228,76700,104.96211155305676,-0.5414592591613776,31
9697,-133.13955554088383,2.865540633220325,76718,-132.1080396739421,5.887059356646324,17
9698,5.309301720738316,-13.72846411339317,76720,-6.878718007946434,-1.0926682779646681,10
9699,-64.33681508683614,9.37427379986553,76737,-66.8889597803445,2.169628081691683,14
9700,-81.93061926011615,1.7095868846788653,76738,-85.91178621041317,3.2728237667350073,24
9701,-105.26120978088862,5.9817054550353275,76745,-104.7190727296112,3.8815952186994593,7
9702,51.176757585328154,-10.059610558474297,76758,47.997068783449585,1.2679199422360634,13
9703,-117.82993600945501,-1.0845955866175063,76761,-118.09857507912784,0.7103841694799473,11
9704,-127.12524269013021,3.1681941600444894,76765,-129.1025175244067,1.5488809909733745,1
9705,-110.03925760581399,3.107848410919448,76780,-109.71624596876933,-1.0040630408538558,16
9706,12.43181483627902,-0.5455417097218491,76787,18.937510567705566,1.034768221250525,27
9707,446.52948769384733,-30.33286661229035,76797,417.6915390220547,-4.11857226961515,29
9708,-123.12243997573749,2.6521128929049484,76799,-123.80894152337959,5.566802721935252,23
9709,-108.4322918742183,-5.548462401604315,76807,-109.71624596876933,-1.0040630408538558,16
9710,-11.23014869998824,-7.321630172773668,76824,-6.878718007946434,-1.0926682779646681,10
9711,143.38238383937252,5.306928301082619,76868,135.4076551174278,-1.697351881935795,33
9712,-136.21469043747913,4.465161573563325,76888,-137.57400940459857,4.493303950559668,20
9713,-109.8583354858135,-0.36448282737569454,76890,-109.71624596876933,-1.0040630408538558,16
9714,36.85833021218894,-5.376573105940834,76893,47.997068783449585,1.2679199422360634,13
9715,-111.41649021525015,9.291403759090281,76930,-114.33047638704419,5.73481138949136,19
9716,28.92138233761469,-7.398640837197099,76939,18.937510567705566,1.034768221250525,27
9717,-117.21595103841521,-9.93795399817552,76947,-115.69510858146283,-11.595084171039186,39
9718,98.20870236071937,6.296071613191827,76950,104.96211155305676,-0.5414592591613776,31
9719,-128.83521723381173,-0.14075359374082505,76952,-129.1025175244067,1.5488809909733745,1
9720,-114.72254586763721,-3.3916390741052806,76966,-118.09857507912784,0.7103841694799473,11
9721,-110.76337389062786,-2.952254348386575,76974,-109.71624596876933,-1.0040630408538558,16
9722,-131.37046545655778,7.962009279620787,76984,-132.1080396739421,5.887059356646324,17
9723,-129.09159039401584,3.3954259395681836,76988,-129.1025175244067,1.5488809909733745,1
9724,-36.77162917546842,1.5480684420538144,77013,-29.714479793685786,-1.264748112657314,8
9725,-83.62485917543673,-2.4477632033900747,77017,-85.91178621041317,3.2728237667350073,24
9726,-104.39117164471064,8.845555213864507,77040,-104.7190727296112,3.8815952186994593,7
9727,647.4046194084856,36.22831281086415,77044,586.0312761189704,-1.722944617346204,30
9728,-95.0989128959626,4.6550423349714,77049,-96.6939343764425,2.7165835152131033,15
9729,-63.881795213814456,-12.759066265153852,77055,-66.8889597803445,2.169628081691683,14
9730,-91.26827220447363,6.905418547437699,77059,-85.91178621041317,3.2728237667350073,24
9731,405.4067740252037,-1.4361513869292737,77063,417.6915390220547,-4.11857226961515,29
9732,97.96887285478468,8.472033106140502,77065,104.96211155305676,-0.5414592591613776,31
9733,-110.20252027425377,4.614442188442819,77068,-114.33047638704419,5.73481138949136,19
9734,79.00201222566167,-6.77978741994122,77084,78.01149217232324,3.6022338347977136,6
9735,-131.9227059757714,-0.3185843157809633,77094,-134.89656831690453,-0.030690791204986433,34
9736,-121.29415748316885,6.458886610512285,77102,-123.80894152337959,5.566802721935252,23
9737,-110.2243255010318,6.116322983461241,77105,-114.33047638704419,5.73481138949136,19
9738,-11.485069227625985,-2.247988264669538,77116,-6.878718007946434,-1.0926682779646681,10
9739,-94.12269090659841,3.651121230909662,77120,-96.6939343764425,2.7165835152131033,15
9740,23.23123141035698,3.5240963099738187,77129,18.937510567705566,1.034768221250525,27
9741,-95.21268274829907,6.635435944111651,77132,-96.6939343764425,2.7165835152131033,15
9742,-127.0960980328708,3.5361428923494804,77139,-129.1025175244067,1.5488809909733745,1
9743,-121.09505566447193,2.6070166815307307,77140,-118.09857507912784,0.7103841694799473,11
9744,-95.87460568403509,-0.26403889964657706,77146,-96.6939343764425,2.7165835152131033,15
9745,-134.14193577017866,2.872915501907558,77158,-134.89656831690453,-0.030690791204986433,34
9746,-83.24113660247771,6.952857761189337,77172,-85.91178621041317,3.2728237667350073,24
9747,-65.1993636930723,6.845511161054979,77183,-66.8889597803445,2.169628081691683,14
9748,-90.69017715961901,-3.1729884916935998,77186,-85.91178621041317,3.2728237667350073,24
9749,568.0482553114028,9.660772875962744,77191,586.0312761189704,-1.722944617346204,30
9750,789.5250693773748,-4.088237786280318,77197,861.6475783799328,6.515082937232454,35
9751,-95.97438305184488,1.3925081994208486,77213,-96.6939343764425,2.7165835152131033,15
9752,485.99108271702124,-35.67697054340032,77218,417.6915390220547,-4.11857226961515,29
9753,336.46629853073955,9.802831599442735,77230,302.44973475302317,-5.405747081354008,25
9754,-108.88220949330955,-1.3496751217332121,77231,-109.71624596876933,-1.0040630408538558,16
9755,-72.91506532535624,1.502791477002339,77233,-66.8889597803445,2.169628081691683,14
9756,-105.07269330195881,3.913197208027667,77242,-104.7190727296112,3.8815952186994593,7
9757,-149.05947273059422,0.8443911323844057,77247,-148.09620948762597,-1.1157003398540595,36
9758,110.64155735151617,0.11153921829372351,77249,104.96211155305676,-0.5414592591613776,31
9759,-60.9809117096787,4.187915613781564,77259,-66.8889597803445,2.169628081691683,14
9760,-130.11768411165906,2.436512703717475,77262,-129.1025175244067,1.5488809909733745,1
9761,-119.0734399719799,2.686098229717366,77268,-118.09857507912784,0.7103841694799473,11
9762,-70.9061470973272,0.8436801796205057,77286,-66.8889597803445,2.169628081691683,14
9763,-118.02566133178406,2.663091691752521,77305,-118.09857507912784,0.7103841694799473,11
9764,-155.31533147579717,6.332984309102291,77314,-152.23629829764135,4.213482038439798,37
9765,-33.19408092536561,-8.485619311909094,77321,-29.714479793685786,-1.264748112657314,8
9766,-119.94431777324174,1.3776384408694804,77323,-118.09857507912784,0.7103841694799473,11
9767,164.4911422597265,3.7969216164464346,77380,172.66355239880147,-2.7112682595768685,38
9768,-95.85567742429097,0.8577428339977317,77400,-96.6939343764425,2.7165835152131033,15
9769,-150.19359538286218,3.7452400523846587,77423,-152.23629829764135,4.213482038439798,37
9770,-108.12371576817284,4.4784808518424315,77424,-104.7190727296112,3.8815952186994593,7
9771,-50.10488902737266,6.054223650104571,77425,-49.93530245157272,-0.19848027172185767,2
9772,-110.17856774064788,4.103141983738725,77427,-114.33047638704419,5.73481138949136,19
9773,-73.55047957293971,-18.638224316968696,77448,-77.6204452281073,-4.536559244831727,5
9774,-126.83724227650796,-1.090185878179781,77460,-123.94204162798616,-1.5144507595891967,3
9775,-37.23594441244012,8.643802393661906,77467,-29.714479793685786,-1.264748112657314,8
9776,-147.33246355924248,6.851496682186406,77471,-146.59606179012786,4.113086925586259,4
9777,-126.24073166249042,5.194512033311048,77474,-123.80894152337959,5.566802721935252,23
9778,-118.32635007944438,-7.535789570024372,77478,-115.69510858146283,-11.595084171039186,39
9779,-78.25595784576252,7.875796173506247,77482,-85.91178621041317,3.2728237667350073,24
9780,-151.9716313088983,-1.1325616243994805,77524,-148.09620948762597,-1.1157003398540595,36
9781,-60.796752044551596,0.6660679259186699,77538,-66.8889597803445,2.169628081691683,14
9782,18.03094224623165,5.245794392438273,77540,18.937510567705566,1.034768221250525,27
9783,38.739096223844086,-3.7546811722527984,77541,47.997068783449585,1.2679199422360634,13
9784,-116.29937977004043,6.64891194306169,77550,-114.33047638704419,5.73481138949136,19
9785,-57.36196990105105,-5.21066157257315,77551,-49.93530245157272,-0.19848027172185767,2
9786,-60.97006505094129,3.439501443918457,77554,-66.8889597803445,2.169628081691683,14
9787,-78.13828709390731,5.806230520768425,77563,-85.91178621041317,3.2728237667350073,24
9788,-99.9125522523568,-0.018398802853400963,77567,-96.6939343764425,2.7165835152131033,15
9789,-48.2230166906468,7.138578139061387,77584,-49.93530245157272,-0.19848027172185767,2
9790,-103.80903635751964,-2.341646169174927,77605,-109.71624596876933,-1.0040630408538558,16
9791,21.982205847423987,-7.813078643211723,77615,18.937510567705566,1.034768221250525,27
9792,718.5733666309117,21.573098707393317,77628,586.0312761189704,-1.722944617346204,30
9793,-115.92898718878587,0.0793918872473557,77634,-118.09857507912784,0.7103841694799473,11
9794,45.23737752094448,-10.972366738292738,77635,47.997068783449585,1.2679199422360634,13
9795,-98.20579284085997,5.948243095016515,77641,-96.6939343764425,2.7165835152131033,15
9796,200.04381679086606,-17.31988845895683,77644,227.03647807555316,-5.020718083634986,26
9797,278.1250025625433,-16.244265137391647,77646,302.44973475302317,-5.405747081354008,25
9798,-132.00812137949256,-0.01400737223563133,77647,-134.89656831690453,-0.030690791204986433,34
9799,11.133971723206066,2.8697280744718,77651,18.937510567705566,1.034768221250525,27
9800,-72.09037307452732,4.872585999902111,77661,-66.8889597803445,2.169628081691683,14
9801,-148.03524747770354,0.2941168339769546,77669,-148.09620948762597,-1.1157003398540595,36
9802,157.65336436312967,1.1469472159149656,77674,172.66355239880147,-2.7112682595768685,38
9803,-117.05805515939652,2.8892210839620813,77683,-118.09857507912784,0.7103841694799473,11
9804,-129.90281767306223,-1.2608132899895677,77685,-129.1025175244067,1.5488809909733745,1
9805,-45.17328751932391,6.093926190271456,77693,-49.93530245157272,-0.19848027172185767,2
9806,-132.86803052756852,-2.5749719529224273,77695,-134.89656831690453,-0.030690791204986433,34
9807,237.33511971338632,-34.712226711319815,77696,227.03647807555316,-5.020718083634986,26
9808,291.66376562962006,-23.204637081595283,77699,302.44973475302317,-5.405747081354008,25
9809,-120.29184297085696,6.412782182844833,77700,-123.80894152337959,5.566802721935252,23
9810,1.888730099935375,6.561070328113067,77707,-6.878718007946434,-1.0926682779646681,10
9811,15.925626456577454,6.497895466650248,77724,18.937510567705566,1.034768221250525,27
9812,-67.91233470987443,2.5824667502057466,77728,-66.8889597803445,2.169628081691683,14
9813,-86.22063366876723,6.959996969400185,77729,-85.91178621041317,3.2728237667350073,24
9814,-51.76301830119172,0.5975044733641693,77731,-49.93530245157272,-0.19848027172185767,2
9815,493.01068152460095,22.409491066248986,77737,417.6915390220547,-4.11857226961515,29
9816,-116.01948228600625,2.5654953946745103,77742,-118.09857507912784,0.7103841694799473,11
9817,-91.577232819941,-3.1156494204908043,77744,-96.6939343764425,2.7165835152131033,15
9818,-88.03107345242618,3.297085905898385,77753,-85.91178621041317,3.2728237667350073,24
9819,-79.24651366528659,-8.615445589817588,77756,-77.6204452281073,-4.536559244831727,5
9820,-151.3221585503044,6.553851438593951,77758,-152.23629829764135,4.213482038439798,37
9821,-152.28312599389992,5.675724314374639,77766,-152.23629829764135,4.213482038439798,37
9822,-140.93530662039447,-0.19585390308873507,77769,-141.0346653257256,-1.1036168920026446,0
9823,925.057469651902,21.623885693596705,77778,861.6475783799328,6.515082937232454,35
9824,36.925778805022425,6.8481934076724125,77779,47.997068783449585,1.2679199422360634,13
9825,33.6789036631315,-3.555527023489584,77790,47.997068783449585,1.2679199422360634,13
9826,-126.38152437437645,8.271338407277542,77795,-123.80894152337959,5.566802721935252,23
9827,-126.2510328664651,5.412996243538081,77801,-123.80894152337959,5.566802721935252,23
9828,-10.63252653883074,-0.03625157938818035,77820,-6.878718007946434,-1.0926682779646681,10
9829,102.98365667995705,9.781993203191124,77822,104.96211155305676,-0.5414592591613776,31
9830,-47.670730717861275,-1.8781203386087217,77826,-49.93530245157272,-0.19848027172185767,2
9831,9.267808243345186,1.9714693402458459,77833,18.937510567705566,1.034768221250525,27
9832,-130.1584659618091,3.821278276551422,77840,-129.1025175244067,1.5488809909733745,1
9833,-101.86213287035643,0.38242271991436716,77851,-104.7190727296112,3.8815952186994593,7
9834,-105.93089180703635,0.3018281598358798,77854,-104.7190727296112,3.8815952186994593,7
9835,-105.12682772570683,5.104007463682469,77863,-104.7190727296112,3.8815952186994593,7
9836,321.7138292587699,-8.549881774647066,77872,302.44973475302317,-5.405747081354008,25
9837,257.7662061494256,2.928050740009113,77881,227.03647807555316,-5.020718083634986,26
9838,387.2153950329276,0.9185971401447716,77884,417.6915390220547,-4.11857226961515,29
9839,-127.97897595688234,1.4697602914774732,77895,-129.1025175244067,1.5488809909733745,1
9840,-126.12480952246145,3.173808563679667,77904,-123.80894152337959,5.566802721935252,23
9841,-63.330601533072496,9.764939551601708,77914,-66.8889597803445,2.169628081691683,14
9842,-104.7144914916033,-2.9067001091274163,77918,-109.71624596876933,-1.0040630408538558,16
9843,-37.779359314666245,1.6952551572367902,77925,-29.714479793685786,-1.264748112657314,8
9844,-17.157229411711448,-22.716856239201107,77926,-6.878718007946434,-1.0926682779646681,10
9845,622.6694876090504,2.6157306072780266,77939,586.0312761189704,-1.722944617346204,30
9846,-83.12111726588202,3.7981119331569704,77940,-85.91178621041317,3.2728237667350073,24
9847,-133.7216120634488,-3.737435943207528,77942,-134.89656831690453,-0.030690791204986433,34
9848,-154.0428235342172,0.8888738686261562,77961,-152.23629829764135,4.213482038439798,37
9849,856.1305620936179,-24.806864867569615,77965,861.6475783799328,6.515082937232454,35
9850,169.26212836721638,7.356781560053659,77979,172.66355239880147,-2.7112682595768685,38
9851,-122.13901914068911,4.054361744567426,77980,-123.80894152337959,5.566802721935252,23
9852,23.095698412639166,5.456638824993533,77982,18.937510567705566,1.034768221250525,27
9853,-103.433787629287,9.795036273858788,77988,-104.7190727296112,3.8815952186994593,7
9854,-68.28954186128774,7.758860678786444,77997,-66.8889597803445,2.169628081691683,14
9855,128.8140519489169,-1.828673742386801,78015,135.4076551174278,-1.697351881935795,33
9856,-126.23505770319937,5.5656662305416535,78037,-123.80894152337959,5.566802721935252,23
9857,418.8214597319687,-6.701605424097784,78038,417.6915390220547,-4.11857226961515,29
9858,244.21172877853115,-4.506328755404134,78045,227.03647807555316,-5.020718083634986,26
9859,-154.19275203177529,3.673244584260738,78060,-152.23629829764135,4.213482038439798,37
9860,-109.28464607852456,6.4415162771416945,78067,-114.33047638704419,5.73481138949136,19
9861,-23.16181711229857,7.763493477142653,78082,-29.714479793685786,-1.264748112657314,8
9862,-33.20065938087945,6.9131235408328635,78110,-29.714479793685786,-1.264748112657314,8
9863,230.6100895265182,4.344894691333941,78121,227.03647807555316,-5.020718083634986,26
9864,-126.89962889706241,1.2924585083071056,78142,-129.1025175244067,1.5488809909733745,1
9865,-135.29072885586,6.124725771162071,78156,-137.57400940459857,4.493303950559668,20
9866,-137.19194705914603,3.9693737899285413,78160,-137.57400940459857,4.493303950559668,20
9867,-76.79421793984885,-0.6831010941493263,78168,-77.6204452281073,-4.536559244831727,5
9868,211.3873637227878,-22.07824565375091,78178,227.03647807555316,-5.020718083634986,26
9869,-72.61663628438816,-3.4656183151696762,78187,-77.6204452281073,-4.536559244831727,5
9870,-20.38788217573358,-4.010343605108026,78190,-29.714479793685786,-1.264748112657314,8
9871,32.903453102549406,8.827962119807337,78193,18.937510567705566,1.034768221250525,27
9872,415.425617212311,-1.179018555423394,78195,417.6915390220547,-4.11857226961515,29
9873,103.02302027576513,-20.546921006375268,78202,110.19899446847099,-35.665903512662624,21
9874,540.3819355853167,3.9360378739061272,78217,586.0312761189704,-1.722944617346204,30
9875,158.79375405505155,-15.603298235681457,78225,172.66355239880147,-2.7112682595768685,38
9876,276.04542829591503,-15.571805114839275,78227,302.44973475302317,-5.405747081354008,25
9877,248.0978999804067,-16.662146284140793,78243,227.03647807555316,-5.020718083634986,26
9878,-15.720367785729392,-13.9566708500061,78247,-6.878718007946434,-1.0926682779646681,10
9879,374.57560607626414,9.064421574660663,78250,417.6915390220547,-4.11857226961515,29
9880,439.32754835697216,-13.33378549811547,78251,417.6915390220547,-4.11857226961515,29
9881,-89.4689152873776,10.812314765860307,78264,-85.91178621041317,3.2728237667350073,24
9882,-130.68398112208786,-3.493889590220844,78278,-130.75996572568545,-6.6137591708523855,18
9883,-46.252965543142956,7.817352618346539,78288,-49.93530245157272,-0.19848027172185767,2
9884,498.42595073430687,-41.40203137289501,78296,417.6915390220547,-4.11857226961515,29
9885,-78.08255426471476,4.079658083437098,78300,-85.91178621041317,3.2728237667350073,24
9886,-149.02246182734848,1.5592324882704076,78305,-148.09620948762597,-1.1157003398540595,36
9887,-82.92397784992032,1.5415940931063625,78306,-85.91178621041317,3.2728237667350073,24
9888,-118.07921489760177,2.811662801031493,78310,-118.09857507912784,0.7103841694799473,11
9889,125.0096707560703,-4.639288049172956,78332,135.4076551174278,-1.697351881935795,33
9890,-50.81754618571232,0.26699489281725747,78350,-49.93530245157272,-0.19848027172185767,2
9891,-79.25161417650888,-9.023721660692257,78352,-77.6204452281073,-4.536559244831727,5
9892,-108.90707704898637,0.24134894266900533,78394,-109.71624596876933,-1.0040630408538558,16
9893,-110.92024957304254,0.9873520442243156,78404,-109.71624596876933,-1.0040630408538558,16
9894,-23.719574676252527,-14.619608340055041,78409,-29.714479793685786,-1.264748112657314,8
9895,-25.157560545663397,7.634793311284519,78422,-29.714479793685786,-1.264748112657314,8
9896,-86.6271489036539,-2.4595489312825367,78440,-85.91178621041317,3.2728237667350073,24
9897,-117.78656166782969,-2.5649299154084493,78454,-118.09857507912784,0.7103841694799473,11
9898,14.431598020597795,0.01878250257648426,78455,18.937510567705566,1.034768221250525,27
9899,126.51702508464432,2.5857248955838665,78473,135.4076551174278,-1.697351881935795,33
9900,-50.330827413462025,9.458088550541556,78483,-49.93530245157272,-0.19848027172185767,2
9901,-25.072926926138766,-8.943236693965655,78492,-29.714479793685786,-1.264748112657314,8
9902,-38.95316457390415,3.4477232485341025,78494,-29.714479793685786,-1.264748112657314,8
9903,-122.11260469043317,4.007254353978267,78495,-123.80894152337959,5.566802721935252,23
9904,-75.6433277542124,-2.417368339041757,78497,-77.6204452281073,-4.536559244831727,5
9905,129.78009576099507,12.64368144085931,78503,135.4076551174278,-1.697351881935795,33
9906,292.15705019358586,-1.4539752981440495,78519,302.44973475302317,-5.405747081354008,25
9907,-92.70987280700714,-2.2759599549190757,78524,-96.6939343764425,2.7165835152131033,15
9908,-65.10361084354432,5.7765306896847015,78527,-66.8889597803445,2.169628081691683,14
9909,-93.90316593381372,0.3791881414957801,78542,-96.6939343764425,2.7165835152131033,15
9910,11.761441420435403,-5.2077765969417324,78548,18.937510567705566,1.034768221250525,27
9911,262.7319468024882,3.759548354836532,78550,227.03647807555316,-5.020718083634986,26
9912,42.513168584800866,-1.2988657431169441,78557,47.997068783449585,1.2679199422360634,13
9913,94.06229544057558,7.913746781230501,78576,104.96211155305676,-0.5414592591613776,31
9914,-105.91430189956282,0.9627154937669499,78577,-104.7190727296112,3.8815952186994593,7
9915,-107.17116884084757,5.530988226906226,78582,-104.7190727296112,3.8815952186994593,7
9916,-22.242705246590205,9.03487916823612,78584,-29.714479793685786,-1.264748112657314,8
9917,-118.01071515899801,2.3449236058118115,78591,-118.09857507912784,0.7103841694799473,11
9918,-77.56860297256274,-3.068844756968962,78610,-77.6204452281073,-4.536559244831727,5
9919,235.83992930985406,1.4752242618929636,78614,227.03647807555316,-5.020718083634986,26
9920,52.972761730486184,7.106790941083027,78626,47.997068783449585,1.2679199422360634,13
9921,146.41617251099785,-10.105627014410272,78632,135.4076551174278,-1.697351881935795,33
9922,-88.63185478392903,-3.414955505405957,78642,-85.91178621041317,3.2728237667350073,24
9923,-145.8677303973212,-0.23797728563404652,78648,-148.09620948762597,-1.1157003398540595,36
9924,81.58911487611907,-0.2595478871641169,78665,78.01149217232324,3.6022338347977136,6
9925,-84.00676546725863,3.346746908314318,78674,-85.91178621041317,3.2728237667350073,24
9926,-127.24431662322127,5.24933696798686,78675,-123.80894152337959,5.566802721935252,23
9927,-52.003070644028526,4.816665608304721,78682,-49.93530245157272,-0.19848027172185767,2
9928,-128.30264293341654,6.506934321172421,78698,-132.1080396739421,5.887059356646324,17
9929,-108.64363340902419,-4.002727593325522,78707,-109.71624596876933,-1.0040630408538558,16
9930,-139.06664018794015,1.6867179770746248,78710,-137.57400940459857,4.493303950559668,20
9931,-44.00828458451018,5.0792257164828705,78719,-49.93530245157272,-0.19848027172185767,2
9932,301.1604610631088,-15.603789405280981,78723,302.44973475302317,-5.405747081354008,25
9933,176.66322367757556,-27.19210781103229,78734,172.66355239880147,-2.7112682595768685,38
9934,-99.85502512711226,0.27004830746879505,78739,-96.6939343764425,2.7165835152131033,15
9935,-49.16175496874483,-8.943910659260185,78741,-49.93530245157272,-0.19848027172185767,2
9936,-146.12953786160477,2.4224927064380526,78753,-146.59606179012786,4.113086925586259,4
9937,-97.54849785057093,-3.8560820895026233,78763,-96.6939343764425,2.7165835152131033,15
9938,54.896659155348175,-49.07549573082453,78775,28.39696760572947,-22.91072472808294,12
9939,-134.35390375926767,-9.245836290302005,78776,-130.75996572568545,-6.6137591708523855,18
9940,-50.405341635440756,-4.649883688389852,78784,-49.93530245157272,-0.19848027172185767,2
9941,-48.50866354564423,-3.3876953154902836,78793,-49.93530245157272,-0.19848027172185767,2
9942,65.86335576426775,-4.986853249294984,78808,70.166569844569,-14.692630117552799,9
9943,-102.38778702359784,8.820710364948225,78817,-104.7190727296112,3.8815952186994593,7
9944,40.07363511185127,6.236630089892922,78822,47.997068783449585,1.2679199422360634,13
9945,-105.97914236466998,0.3126416194476172,78825,-104.7190727296112,3.8815952186994593,7
9946,-154.07427847845142,1.0691772229936942,78850,-152.23629829764135,4.213482038439798,37
9947,246.04529588825616,-30.2821134471205,78866,227.03647807555316,-5.020718083634986,26
9948,600.7222237965034,-42.06085728908897,78879,586.0312761189704,-1.722944617346204,30
9949,-121.92225338090883,-0.18109927050214733,78880,-123.94204162798616,-1.5144507595891967,3
9950,-73.90379635445062,2.79058552153947,78886,-66.8889597803445,2.169628081691683,14
9951,478.14205845398607,-9.661426687549953,78907,417.6915390220547,-4.11857226961515,29
9952,-141.17712694679983,4.567528101046674,78910,-142.14616351708418,5.245197398204194,22
9953,-141.1749158130196,3.5055094588713236,78919,-142.14616351708418,5.245197398204194,22
9954,499.41175733335194,-41.07358166874123,78922,417.6915390220547,-4.11857226961515,29
9955,-144.12133029157943,2.7828402213176653,78926,-146.59606179012786,4.113086925586259,4
9956,-152.02845818365253,0.1233695314382554,78933,-152.23629829764135,4.213482038439798,37
9957,-119.25870868345177,5.711660173972407,78941,-123.80894152337959,5.566802721935252,23
9958,-26.035339601121645,5.464949735960708,78957,-29.714479793685786,-1.264748112657314,8
9959,-76.62135579028899,-2.4067023739953086,78965,-77.6204452281073,-4.536559244831727,5
9960,-39.15105433019674,6.742469862289321,78969,-29.714479793685786,-1.264748112657314,8
9961,-64.44087261129921,-5.139655143867624,78976,-66.8889597803445,2.169628081691683,14
9962,-103.79739217140084,-1.0837563986655063,78978,-104.7190727296112,3.8815952186994593,7
9963,-90.39890230089576,9.788007151261262,78982,-85.91178621041317,3.2728237667350073,24
9964,-111.79581247224847,-2.25310728751017,78986,-109.71624596876933,-1.0040630408538558,16
9965,507.48202097380045,1.1822847619520362,79008,586.0312761189704,-1.722944617346204,30
9966,-151.32542152815003,6.652491964134646,79012,-152.23629829764135,4.213482038439798,37
9967,-75.88848753336512,0.8808171420224219,79029,-77.6204452281073,-4.536559244831727,5
9968,-145.03827496529394,0.9495306986924881,79042,-146.59606179012786,4.113086925586259,4
9969,75.82821808400064,11.196010910312904,79043,78.01149217232324,3.6022338347977136,6
9970,-141.03268785469143,0.8649062466413202,79051,-141.0346653257256,-1.1036168920026446,0
9971,168.10749242651895,-19.758263873122562,79088,172.66355239880147,-2.7112682595768685,38
9972,-71.6540113556123,-2.1386460818088366,79092,-66.8889597803445,2.169628081691683,14
9973,192.72190244959046,0.729391686863541,79101,172.66355239880147,-2.7112682595768685,38
9974,-70.03458169769998,2.636825172455817,79120,-66.8889597803445,2.169628081691683,14
9975,-149.1462056313868,2.7322358513740306,79137,-146.59606179012786,4.113086925586259,4
9976,-81.13628289212866,5.72009972121065,79164,-85.91178621041317,3.2728237667350073,24
9977,-75.66442521835121,-2.9948592128880147,79170,-77.6204452281073,-4.536559244831727,5
9978,235.25687182236203,9.600211987562362,79173,227.03647807555316,-5.020718083634986,26
9979,-12.375647819432906,-4.137748339429222,79175,-6.878718007946434,-1.0926682779646681,10
9980,-61.15484238286904,4.917425025176629,79180,-66.8889597803445,2.169628081691683,14
9981,29.01774417749562,-7.989864178655859,79185,18.937510567705566,1.034768221250525,27
9982,70.86651372750312,9.748577079777148,79187,78.01149217232324,3.6022338347977136,6
9983,143.6372971943662,15.997124558305048,79220,135.4076551174278,-1.697351881935795,33
9984,-60.45500624843558,-18.980510809994897,79225,-49.93530245157272,-0.19848027172185767,2
9985,5.649636925274463,11.86580307341102,79231,18.937510567705566,1.034768221250525,27
9986,863.8815893009614,-6.539702347303579,79238,861.6475783799328,6.515082937232454,35
9987,32.85195188158836,-5.80655626811246,79258,18.937510567705566,1.034768221250525,27
9988,-135.18440562154842,4.336298054594861,79268,-137.57400940459857,4.493303950559668,20
9989,-118.08992106000596,3.0565361443434003,79272,-118.09857507912784,0.7103841694799473,11
9990,-50.086641522601866,4.118234751037005,79282,-49.93530245157272,-0.19848027172185767,2
9991,-125.14067438716017,4.565925075357023,79288,-123.80894152337959,5.566802721935252,23
9992,-57.02314103949241,4.1472700834482,79305,-49.93530245157272,-0.19848027172185767,2
9993,-46.92229423898864,-12.09603144444007,79306,-49.93530245157272,-0.19848027172185767,2
9994,1185.8050999764953,19.879573313642837,79307,1342.5649032771717,32.04824045393157,32
9995,152.6444222452771,-13.462125890075082,79309,135.4076551174278,-1.697351881935795,33
9996,69.67274005142144,-1.7807882178969154,79317,78.01149217232324,3.6022338347977136,6
9997,-119.05346112362936,2.2313424674953275,79319,-118.09857507912784,0.7103841694799473,11
9998,-54.2060238763318,7.176352384610876,79326,-49.93530245157272,-0.19848027172185767,2
9999,-116.99837250856567,1.5625730252635992,79327,-118.09857507912784,0.7103841694799473,11
10000,320.12445878235866,-14.497684733611331,79329,302.44973475302317,-5.405747081354008,25
10001,16.194311400203443,2.6726758227463447,79333,18.937510567705566,1.034768221250525,27
10002,20.014841739309652,-8.06402274579708,79368,18.937510567705566,1.034768221250525,27
10003,-63.46737086511371,-19.26458293961298,79371,-77.6204452281073,-4.536559244831727,5
10004,-87.44229888086433,-5.488237988450148,79382,-85.91178621041317,3.2728237667350073,24
10005,256.20533306291526,-17.86591844846337,79387,227.03647807555316,-5.020718083634986,26
10006,-118.03074284262578,1.2495901276418953,79394,-118.09857507912784,0.7103841694799473,11
10007,-138.1003155358028,2.43353474551124,79406,-137.57400940459857,4.493303950559668,20
10008,-148.00746571066213,0.7355113789309641,79409,-148.09620948762597,-1.1157003398540595,36
10009,-110.93176142080978,1.7581950373446094,79413,-109.71624596876933,-1.0040630408538558,16
10010,103.15362653308193,-22.37232705700947,79415,110.19899446847099,-35.665903512662624,21
10011,-82.87528026511677,0.9917354767092794,79422,-85.91178621041317,3.2728237667350073,24
10012,-109.93567050630257,0.843441901879737,79429,-109.71624596876933,-1.0040630408538558,16
10013,-129.8560589309398,-0.7409595057578802,79436,-129.1025175244067,1.5488809909733745,1
10014,-81.1801701005241,6.165766465573296,79450,-85.91178621041317,3.2728237667350073,24
10015,-66.17272289026896,7.27990525203821,79453,-66.8889597803445,2.169628081691683,14
10016,-102.27405562503647,-9.953249181436966,79475,-95.36861679384212,-10.95784818293233,28
10017,-155.07827814705556,1.1470503670555148,79477,-152.23629829764135,4.213482038439798,37
10018,229.43197106860916,-7.518601058269398,79482,227.03647807555316,-5.020718083634986,26
10019,-12.46282817774591,-2.7555769114757176,79486,-6.878718007946434,-1.0926682779646681,10
10020,-137.35557474098476,7.498730998010932,79489,-137.57400940459857,4.493303950559668,20
10021,-57.18710948633059,7.756722456585427,79499,-49.93530245157272,-0.19848027172185767,2
10022,-118.33028619085614,7.292900959558819,79512,-114.33047638704419,5.73481138949136,19
10023,-148.29337804722573,5.985239198497052,79513,-146.59606179012786,4.113086925586259,4
10024,-50.663213802954616,-1.0504026715963635,79537,-49.93530245157272,-0.19848027172185767,2
10025,654.1770533048677,-18.087433314242542,79549,586.0312761189704,-1.722944617346204,30
10026,-131.28028487115654,5.970839738092988,79550,-132.1080396739421,5.887059356646324,17
10027,-69.19486700888878,6.166458931269475,79551,-66.8889597803445,2.169628081691683,14
10028,-137.32257517861052,6.812247330165826,79554,-137.57400940459857,4.493303950559668,20
10029,-141.25250867946684,5.71928620612051,79561,-142.14616351708418,5.245197398204194,22
10030,-116.94169419333583,0.3494960283067021,79563,-118.09857507912784,0.7103841694799473,11
10031,-123.49830814428384,-5.390310960446895,79564,-123.94204162798616,-1.5144507595891967,3
10032,407.2834078122809,0.7858359335594128,79580,417.6915390220547,-4.11857226961515,29
10033,-98.05204955939354,4.080643967863021,79582,-96.6939343764425,2.7165835152131033,15
10034,62.04126463061308,7.818937939379067,79584,47.997068783449585,1.2679199422360634,13
10035,-33.22412410036546,8.956690149304121,79587,-29.714479793685786,-1.264748112657314,8
10036,-146.17348547070097,3.9006339048638425,79596,-146.59606179012786,4.113086925586259,4
10037,-109.64972209632732,-3.369279302176601,79598,-109.71624596876933,-1.0040630408538558,16
10038,-124.20493969025807,4.95210774603476,79599,-123.80894152337959,5.566802721935252,23
10039,-16.774356955609452,0.9165617740218601,79606,-6.878718007946434,-1.0926682779646681,10
10040,379.26996669680585,14.311326453056338,79607,417.6915390220547,-4.11857226961515,29
10041,23.182394077628185,-11.67833743415453,79625,28.39696760572947,-22.91072472808294,12
10042,275.06215740688515,-0.6979054673308234,79630,302.44973475302317,-5.405747081354008,25
10043,-106.78708257204062,-1.8487593168079843,79632,-109.71624596876933,-1.0040630408538558,16
10044,-101.98618763986639,1.5709250632657767,79653,-104.7190727296112,3.8815952186994593,7
10045,604.8360105331681,13.903361142763506,79667,586.0312761189704,-1.722944617346204,30
10046,51.93594110838134,8.937913210977298,79680,47.997068783449585,1.2679199422360634,13
10047,-131.33203742243663,7.088909585519019,79687,-132.1080396739421,5.887059356646324,17
10048,149.77828491379492,-1.2120423587586913,79703,135.4076551174278,-1.697351881935795,33
10049,-85.7262034294457,-1.2969830986515893,79705,-85.91178621041317,3.2728237667350073,24
10050,-64.18385915213392,7.030585093589469,79709,-66.8889597803445,2.169628081691683,14
10051,-66.01989714113944,4.443764684841587,79714,-66.8889597803445,2.169628081691683,14
10052,-81.75041516412014,-0.17322956582827956,79724,-85.91178621041317,3.2728237667350073,24
10053,-131.36877330635141,7.90764631666589,79732,-132.1080396739421,5.887059356646324,17
10054,77.69585176291174,-1.626517745843146,79733,78.01149217232324,3.6022338347977136,6
10055,266.7904886929161,17.784213259089146,79738,302.44973475302317,-5.405747081354008,25
10056,-23.52850560311614,-2.5235772884110137,79766,-29.714479793685786,-1.264748112657314,8
10057,204.6306424374638,3.4643663713412667,79772,227.03647807555316,-5.020718083634986,26
10058,-23.060528983606353,5.5566032166507435,79777,-29.714479793685786,-1.264748112657314,8
10059,-85.80834455911562,-0.5214358723796152,79794,-85.91178621041317,3.2728237667350073,24
10060,15.847736670348166,9.211014761827096,79798,18.937510567705566,1.034768221250525,27
10061,-128.16152572353408,3.9265176804704347,79806,-129.1025175244067,1.5488809909733745,1
10062,-133.09965753383193,1.9780435940971306,79807,-134.89656831690453,-0.030690791204986433,34
10063,-106.51744244777662,-4.163997061823539,79817,-109.71624596876933,-1.0040630408538558,16
10064,-143.0193622666086,2.1165396156791934,79829,-142.14616351708418,5.245197398204194,22
10065,-80.96717343217284,2.0076582798157143,79832,-85.91178621041317,3.2728237667350073,24
10066,-38.73258306569068,0.655324543204188,79834,-29.714479793685786,-1.264748112657314,8
10067,423.4891639317786,12.278347843236478,79838,417.6915390220547,-4.11857226961515,29
10068,-111.9236735913369,1.0486714860242343,79846,-109.71624596876933,-1.0040630408538558,16
10069,-123.51102722372023,-5.607735715680058,79857,-123.94204162798616,-1.5144507595891967,3
10070,38.073909191551216,6.185582656109477,79862,47.997068783449585,1.2679199422360634,13
10071,-97.88187822468872,0.3627289795978209,79865,-96.6939343764425,2.7165835152131033,15
10072,108.00486434996995,9.908668963853994,79870,104.96211155305676,-0.5414592591613776,31
10073,-83.60234946119925,-2.945056429236714,79880,-77.6204452281073,-4.536559244831727,5
10074,-68.65195094109329,-1.6159859470490252,79903,-66.8889597803445,2.169628081691683,14
10075,-136.3569643378462,7.5617407358355795,79916,-137.57400940459857,4.493303950559668,20
10076,429.4823844007493,-15.88428658022075,79943,417.6915390220547,-4.11857226961515,29
10077,-137.32795607589196,-8.328699324247966,79946,-130.75996572568545,-6.6137591708523855,18
10078,-82.64842349064858,-2.429408830994173,79948,-77.6204452281073,-4.536559244831727,5
10079,254.03681886281947,-1.0179580811476066,79961,227.03647807555316,-5.020718083634986,26
10080,-141.03900683350363,2.0763971953969804,79969,-141.0346653257256,-1.1036168920026446,0
10081,-83.08430123347435,5.0482559292892875,79977,-85.91178621041317,3.2728237667350073,24
10082,-95.18779914253051,5.587817639623679,79979,-96.6939343764425,2.7165835152131033,15
10083,-118.40843678077114,-7.284438997830332,79989,-115.69510858146283,-11.595084171039186,39
10084,160.66379732939143,0.974098048713124,79991,172.66355239880147,-2.7112682595768685,38
10085,-79.99149441058539,3.594474079158923,79994,-85.91178621041317,3.2728237667350073,24
10086,-150.16871306088188,4.241935606566441,79997,-152.23629829764135,4.213482038439798,37
10087,-108.95194781162331,0.6958256620487472,79999,-109.71624596876933,-1.0040630408538558,16
10088,548.9356126766347,-3.952715977513545,80006,586.0312761189704,-1.722944617346204,30
10089,808.9885669555841,18.61432480382392,80008,861.6475783799328,6.515082937232454,35
10090,44.18382862809406,-10.32320989567413,80022,47.997068783449585,1.2679199422360634,13
10091,316.60571347061705,7.428242002318748,80024,302.44973475302317,-5.405747081354008,25
10092,-124.19443492836028,4.739317768543644,80030,-123.80894152337959,5.566802721935252,23
10093,-108.08266660270915,3.5733931967082206,80032,-104.7190727296112,3.8815952186994593,7
10094,-102.03642806203385,1.6360341508923315,80052,-104.7190727296112,3.8815952186994593,7
10095,-137.08801625962397,1.6655021776427341,80060,-134.89656831690453,-0.030690791204986433,34
10096,366.3365663688443,-1.582745503549167,80075,417.6915390220547,-4.11857226961515,29
10097,210.02862384411742,12.627776634566626,80077,227.03647807555316,-5.020718083634986,26
10098,-131.94159298064127,-0.9377577372304101,80093,-134.89656831690453,-0.030690791204986433,34
10099,-150.8958852662328,-2.2787341223001136,80101,-148.09620948762597,-1.1157003398540595,36
10100,-125.38414057231786,8.351802428700504,80104,-123.80894152337959,5.566802721935252,23
10101,-146.21032087169033,4.7072281154987206,80116,-146.59606179012786,4.113086925586259,4
10102,-117.67356947023296,-3.5127079276829285,80135,-118.09857507912784,0.7103841694799473,11
10103,-112.70021948866761,-2.3170762504052616,80153,-109.71624596876933,-1.0040630408538558,16
10104,156.44136028038344,4.22295630518006,80155,172.66355239880147,-2.7112682595768685,38
10105,-132.27923246520942,6.443752622684587,80167,-132.1080396739421,5.887059356646324,17
10106,502.6509541105328,-15.775581582015006,80170,586.0312761189704,-1.722944617346204,30
10107,-103.05101062293939,2.9602961538688373,80177,-104.7190727296112,3.8815952186994593,7
10108,-138.9536772599157,-1.328719741061654,80187,-141.0346653257256,-1.1036168920026446,0
10109,-98.03325919591701,1.6232848110988367,80192,-96.6939343764425,2.7165835152131033,15
10110,-35.06260802246029,-24.070925288283817,80217,-29.714479793685786,-1.264748112657314,8
10111,96.5539465662011,-13.96063267220701,80220,104.96211155305676,-0.5414592591613776,31
10112,178.7309153190154,1.341306068243551,80230,172.66355239880147,-2.7112682595768685,38
10113,32.264222259499725,1.8970542034183546,80237,18.937510567705566,1.034768221250525,27
10114,137.00735230818808,-19.11533003863393,80240,135.4076551174278,-1.697351881935795,33
10115,-121.26439839499066,6.310974022800719,80241,-123.80894152337959,5.566802721935252,23
10116,-30.229682901198128,8.110947771733056,80287,-29.714479793685786,-1.264748112657314,8
10117,-94.18603826492313,6.08074859594131,80299,-96.6939343764425,2.7165835152131033,15
10118,-99.72184356112459,-1.1163325658284675,80301,-96.6939343764425,2.7165835152131033,15
10119,10.00819616823175,6.144363120255285,80307,18.937510567705566,1.034768221250525,27
10120,76.19595055371457,5.692186975743914,80318,78.01149217232324,3.6022338347977136,6
10121,-115.23879563464476,6.35762557329137,80319,-114.33047638704419,5.73481138949136,19
10122,260.56339516345605,6.395369329131334,80329,227.03647807555316,-5.020718083634986,26
10123,-58.409111108073006,10.048786921369706,80340,-66.8889597803445,2.169628081691683,14
10124,-107.80725120735788,-1.9434337162951392,80342,-109.71624596876933,-1.0040630408538558,16
10125,-97.85917700592586,0.8968383712517969,80344,-96.6939343764425,2.7165835152131033,15
10126,-80.87628220863338,0.5444579831254857,80373,-85.91178621041317,3.2728237667350073,24
10127,-26.738604369702873,0.9953281687403365,80395,-29.714479793685786,-1.264748112657314,8
10128,-103.07625179723351,2.5057962980556763,80408,-104.7190727296112,3.8815952186994593,7
10129,-142.31148357478042,6.489962515402994,80416,-142.14616351708418,5.245197398204194,22
10130,55.824062731928336,-4.301683679585633,80423,47.997068783449585,1.2679199422360634,13
10131,63.111973924251885,5.7842825978306145,80433,78.01149217232324,3.6022338347977136,6
10132,57.59923772444405,-0.8778850412946794,80438,47.997068783449585,1.2679199422360634,13
10133,-124.99330852182334,-14.42782504686328,80447,-130.75996572568545,-6.6137591708523855,18
10134,-151.24178754197484,4.764055237083417,80458,-152.23629829764135,4.213482038439798,37
10135,-59.11196534650891,4.018907960801916,80463,-66.8889597803445,2.169628081691683,14
10136,-91.32990501426295,8.784633075296593,80465,-85.91178621041317,3.2728237667350073,24
10137,-103.39839168713544,9.039756359944278,80487,-104.7190727296112,3.8815952186994593,7
10138,-136.95767745120548,-1.2112637959747494,80498,-134.89656831690453,-0.030690791204986433,34
10139,53.45144958704918,-28.712177681974154,80503,70.166569844569,-14.692630117552799,9
10140,146.21480370111385,-21.957124011512917,80541,135.4076551174278,-1.697351881935795,33
10141,-0.6166751994222447,-0.20841601423249007,80543,-6.878718007946434,-1.0926682779646681,10
10142,23.58360027522435,13.113265290960609,80544,18.937510567705566,1.034768221250525,27
10143,-130.97295426634545,-0.24903240397920096,80545,-129.1025175244067,1.5488809909733745,1
10144,-150.2861777183385,5.789114137902288,80563,-152.23629829764135,4.213482038439798,37
10145,225.1696688207803,10.826081253258353,80581,227.03647807555316,-5.020718083634986,26
10146,-130.30534892757433,7.0475618495326,80586,-132.1080396739421,5.887059356646324,17
10147,345.16808792056463,0.2112700803759557,80593,302.44973475302317,-5.405747081354008,25
10148,-152.29015111533334,5.8336933468196115,80597,-152.23629829764135,4.213482038439798,37
10149,-87.10793073145672,4.998330114450247,80602,-85.91178621041317,3.2728237667350073,24
10150,-129.22044648850914,4.703538664082206,80610,-132.1080396739421,5.887059356646324,17
10151,-89.2422102555369,5.8651335538914,80617,-85.91178621041317,3.2728237667350073,24
10152,307.4082870988918,10.063441837395352,80621,302.44973475302317,-5.405747081354008,25
10153,207.72751886939068,-27.03476639351149,80623,227.03647807555316,-5.020718083634986,26
10154,49.14458897833057,5.859281000918413,80630,47.997068783449585,1.2679199422360634,13
10155,-52.06193050533432,-10.163610195368953,80631,-49.93530245157272,-0.19848027172185767,2
10156,-126.05576883335232,1.147099088733337,80633,-129.1025175244067,1.5488809909733745,1
10157,48.8502544378175,9.741785408493914,80639,47.997068783449585,1.2679199422360634,13
10158,327.62191724026593,7.771853093693219,80644,302.44973475302317,-5.405747081354008,25
10159,11.928732696425863,7.391611294390178,80648,18.937510567705566,1.034768221250525,27
10160,-107.8387086866483,-0.7459832675009526,80652,-109.71624596876933,-1.0040630408538558,16
10161,-119.63085869957224,-18.682921823703197,80658,-115.69510858146283,-11.595084171039186,39
10162,-11.148128380472857,7.662412539459027,80668,-6.878718007946434,-1.0926682779646681,10
10163,211.67757709666313,2.5549640226094175,80670,227.03647807555316,-5.020718083634986,26
10164,173.14621435990915,8.418662839107686,80673,172.66355239880147,-2.7112682595768685,38
10165,60.9155593375806,9.52981049446376,80676,47.997068783449585,1.2679199422360634,13
10166,-109.49970825749638,-6.149462406423239,80693,-109.71624596876933,-1.0040630408538558,16
10167,-90.72537198552882,-2.432878540027031,80696,-85.91178621041317,3.2728237667350073,24
10168,-91.91229243753878,0.11501362548708638,80697,-96.6939343764425,2.7165835152131033,15
10169,-72.63849741332558,-2.9865077832707976,80699,-77.6204452281073,-4.536559244831727,5
10170,-113.3351478604968,8.006776307743554,80703,-114.33047638704419,5.73481138949136,19
10171,467.7564713154032,10.266063895451339,80710,417.6915390220547,-4.11857226961515,29
10172,-141.1675620408169,4.358120614081639,80730,-142.14616351708418,5.245197398204194,22
10173,-155.18632157804464,3.5028211599349617,80734,-152.23629829764135,4.213482038439798,37
10174,-152.24764747684188,5.433066161242285,80737,-152.23629829764135,4.213482038439798,37
10175,133.63380684708994,0.1462071432088914,80741,135.4076551174278,-1.697351881935795,33
10176,35.58724040570452,-16.751373370519456,80756,28.39696760572947,-22.91072472808294,12
10177,-153.20238775615894,3.8885150084379716,80761,-152.23629829764135,4.213482038439798,37
10178,17.893257502361006,8.787630398777665,80762,18.937510567705566,1.034768221250525,27
10179,-140.92985080385748,-0.8470786990397908,80771,-141.0346653257256,-1.1036168920026446,0
10180,-84.46672309995209,-4.907905570060259,80782,-77.6204452281073,-4.536559244831727,5
10181,14.27494282824057,1.377163131415616,80803,18.937510567705566,1.034768221250525,27
10182,122.63915479476782,15.613787879540453,80804,135.4076551174278,-1.697351881935795,33
10183,-115.69019256916435,-17.336685954369145,80805,-115.69510858146283,-11.595084171039186,39
10184,-41.44447182907807,-3.6547548631841082,80822,-49.93530245157272,-0.19848027172185767,2
10185,-116.72248935198664,-2.924302631512286,80823,-118.09857507912784,0.7103841694799473,11
10186,-91.99183368097593,1.8409770661856095,80825,-96.6939343764425,2.7165835152131033,15
10187,-113.3429587154279,8.165421928174018,80841,-114.33047638704419,5.73481138949136,19
10188,155.06929676070655,10.315082439798111,80850,172.66355239880147,-2.7112682595768685,38
10189,760.5195558783562,-4.977773378955618,80861,861.6475783799328,6.515082937232454,35
10190,-60.78457644013732,0.9185598698024863,80868,-66.8889597803445,2.169628081691683,14
10191,153.73583943446968,0.3079216329808913,80878,135.4076551174278,-1.697351881935795,33
10192,-125.9388138875213,-0.3836862214141302,80889,-123.94204162798616,-1.5144507595891967,3
10193,-135.16940692618493,4.500127245635007,80904,-137.57400940459857,4.493303950559668,20
10194,-13.87776622406537,-12.015472853044995,80914,-6.878718007946434,-1.0926682779646681,10
10195,-103.21841397053196,5.0904920792368165,80916,-104.7190727296112,3.8815952186994593,7
10196,35.65442348087183,-2.4564380540910777,80917,47.997068783449585,1.2679199422360634,13
10197,-100.3956856015796,-7.25056612463068,80918,-95.36861679384212,-10.95784818293233,28
10198,-143.24539589569187,5.519732262786564,80935,-142.14616351708418,5.245197398204194,22
10199,-12.07054076792626,-8.772573955629412,80943,-6.878718007946434,-1.0926682779646681,10
10200,-26.98430224793033,4.839755789221221,80948,-29.714479793685786,-1.264748112657314,8
10201,290.14468533013496,-1.2200353187627968,80950,302.44973475302317,-5.405747081354008,25
10202,178.41012114606573,5.810202159474645,80961,172.66355239880147,-2.7112682595768685,38
10203,-147.93882964230954,-1.277713414021132,80962,-148.09620948762597,-1.1157003398540595,36
10204,-44.57565267531419,-2.866975838021827,80963,-49.93530245157272,-0.19848027172185767,2
10205,142.77818927217768,-1.3248855220694482,80972,135.4076551174278,-1.697351881935795,33
10206,-151.16845072710365,3.6892835811070466,80975,-152.23629829764135,4.213482038439798,37
10207,342.54704265787245,9.152349004637665,80981,302.44973475302317,-5.405747081354008,25
10208,380.52724165234304,10.738902563827963,80993,417.6915390220547,-4.11857226961515,29
10209,-130.31464266480032,-9.531976277611282,80994,-130.75996572568545,-6.6137591708523855,18
10210,-106.09094188941967,3.2679239715690214,81011,-104.7190727296112,3.8815952186994593,7
10211,504.5116016004973,15.216574312217992,81017,586.0312761189704,-1.722944617346204,30
10212,-70.91475169277992,2.052422649063995,81030,-66.8889597803445,2.169628081691683,14
10213,-66.27173858433463,8.426752075737921,81038,-66.8889597803445,2.169628081691683,14
10214,-90.95116887674544,2.0172991362777184,81046,-85.91178621041317,3.2728237667350073,24
10215,-55.749306300129355,0.23326575287169557,81057,-49.93530245157272,-0.19848027172185767,2
10216,-155.28950042507222,5.771167330005153,81071,-152.23629829764135,4.213482038439798,37
10217,93.42424273878109,-12.204823914606022,81075,104.96211155305676,-0.5414592591613776,31
10218,-130.75282110379612,-2.4889257707340824,81087,-130.75996572568545,-6.6137591708523855,18
10219,-132.30168737643692,6.441354156561913,81095,-132.1080396739421,5.887059356646324,17
10220,-142.14099260336639,2.7463164676557072,81108,-142.14616351708418,5.245197398204194,22
10221,-115.10403574581903,3.918902172016151,81113,-114.33047638704419,5.73481138949136,19
10222,-129.83962492996028,-1.6099641835447207,81141,-129.1025175244067,1.5488809909733745,1
10223,-129.9808532232057,-0.03786185058109977,81143,-129.1025175244067,1.5488809909733745,1
10224,-91.33853424767214,-6.804399883552797,81148,-95.36861679384212,-10.95784818293233,28
10225,-136.98441749664633,0.40765293140185993,81152,-134.89656831690453,-0.030690791204986433,34
10226,-48.87266630872399,2.526046954091464,81161,-49.93530245157272,-0.19848027172185767,2
10227,67.5331359930771,-14.508065856402885,81172,70.166569844569,-14.692630117552799,9
10228,-90.16011761022529,5.567214057276052,81176,-85.91178621041317,3.2728237667350073,24
10229,-35.484479204122,-17.906285385042928,81181,-29.714479793685786,-1.264748112657314,8
10230,-100.64014614585572,-2.9014230277289057,81208,-96.6939343764425,2.7165835152131033,15
10231,-75.959409653873,2.43766685448246,81214,-77.6204452281073,-4.536559244831727,5
10232,0.03519497352421523,4.877445276192822,81221,-6.878718007946434,-1.0926682779646681,10
10233,-120.0983189164652,2.1643762806931877,81224,-118.09857507912784,0.7103841694799473,11
10234,-96.0708928377563,4.034940495344658,81225,-96.6939343764425,2.7165835152131033,15
10235,-123.78184183147876,-1.2293740586728263,81227,-123.94204162798616,-1.5144507595891967,3
10236,-122.11646312030952,3.049228024029648,81230,-123.80894152337959,5.566802721935252,23
10237,-57.73561451066799,0.4072921822689691,81241,-49.93530245157272,-0.19848027172185767,2
10238,-62.34179341759515,-5.726033780159431,81256,-66.8889597803445,2.169628081691683,14
10239,-101.15841055496749,5.346292582494064,81270,-104.7190727296112,3.8815952186994593,7
10240,-125.84485428813043,-0.9064902976657462,81278,-123.94204162798616,-1.5144507595891967,3
10241,-47.59819163530232,-2.4360315290687664,81279,-49.93530245157272,-0.19848027172185767,2
10242,-105.15929994006225,3.7735834783196682,81289,-104.7190727296112,3.8815952186994593,7
10243,29.995608634814925,6.745863833468489,81294,18.937510567705566,1.034768221250525,27
10244,-124.0661936399353,1.3896805870829314,81302,-123.94204162798616,-1.5144507595891967,3
10245,-92.84076599013932,0.07538564097107713,81323,-96.6939343764425,2.7165835152131033,15
10246,-80.54087411931185,-4.241929941673974,81333,-77.6204452281073,-4.536559244831727,5
10247,-103.98015730784283,1.9102651184450485,81351,-104.7190727296112,3.8815952186994593,7
10248,-48.08127895132202,5.0557616119841855,81352,-49.93530245157272,-0.19848027172185767,2
10249,-137.26086322352867,5.9458221801127324,81360,-137.57400940459857,4.493303950559668,20
10250,67.74032908381155,11.944648008546462,81365,78.01149217232324,3.6022338347977136,6
10251,193.80350289673524,15.254909501699018,81375,172.66355239880147,-2.7112682595768685,38
10252,-50.64790950379513,-1.3940204115424888,81387,-49.93530245157272,-0.19848027172185767,2
10253,-82.02591688821202,2.2583691311371514,81390,-85.91178621041317,3.2728237667350073,24
10254,-81.13526180038939,4.658833255244116,81394,-85.91178621041317,3.2728237667350073,24
10255,228.88086495643324,0.44378127797312966,81397,227.03647807555316,-5.020718083634986,26
10256,87.97897195234806,-6.136200735755645,81416,78.01149217232324,3.6022338347977136,6
10257,-135.14798174967498,3.5103685393813695,81418,-137.57400940459857,4.493303950559668,20
10258,-134.16492405636623,3.3937475528998418,81421,-132.1080396739421,5.887059356646324,17
10259,-77.39622178037901,-20.545354924125903,81456,-77.6204452281073,-4.536559244831727,5
10260,-111.9433535520688,-0.5560580466717524,81468,-109.71624596876933,-1.0040630408538558,16
10261,-113.1166794432161,3.204872330178491,81478,-114.33047638704419,5.73481138949136,19
10262,350.4749049034587,-18.586433692232802,81487,302.44973475302317,-5.405747081354008,25
10263,-47.24894838177338,8.225048809662546,81495,-49.93530245157272,-0.19848027172185767,2
10264,-118.06891706815539,1.5761733002961067,81526,-118.09857507912784,0.7103841694799473,11
10265,-97.62433017575246,-3.222709388044361,81530,-96.6939343764425,2.7165835152131033,15
10266,523.6751177568526,13.494964975480217,81546,586.0312761189704,-1.722944617346204,30
10267,140.32171759866887,5.555087636108516,81547,135.4076551174278,-1.697351881935795,33
10268,-91.38734527502763,9.51236849732771,81553,-85.91178621041317,3.2728237667350073,24
10269,-122.79875296257109,-2.9027941474703245,81556,-123.94204162798616,-1.5144507595891967,3
10270,-118.11089922306341,2.488990797624437,81565,-118.09857507912784,0.7103841694799473,11
10271,-38.56610428140254,-1.95061228922478,81566,-29.714479793685786,-1.264748112657314,8
10272,-78.78991513876973,-0.8058550274446223,81575,-77.6204452281073,-4.536559244831727,5
10273,-46.8780761061655,2.6922022081413597,81577,-49.93530245157272,-0.19848027172185767,2
10274,9.54294225501276,-2.518960232269636,81578,18.937510567705566,1.034768221250525,27
10275,567.8569407004012,12.315438565524252,81583,586.0312761189704,-1.722944617346204,30
10276,-106.29120328101858,7.658819047732335,81584,-104.7190727296112,3.8815952186994593,7
10277,-57.16283607154767,-9.065591792965881,81587,-49.93530245157272,-0.19848027172185767,2
10278,-131.78234152139396,-1.3656554326781296,81589,-134.89656831690453,-0.030690791204986433,34
10279,-94.23728168846027,7.19655949112822,81594,-96.6939343764425,2.7165835152131033,15
10280,-84.53157191064425,-3.988411058193302,81619,-77.6204452281073,-4.536559244831727,5
10281,73.36961169070875,-12.364992053237536,81632,70.166569844569,-14.692630117552799,9
10282,-18.034563800541136,-9.156885711340442,81637,-6.878718007946434,-1.0926682779646681,10
10283,-27.41807889947713,-3.9863097788833866,81646,-29.714479793685786,-1.264748112657314,8
10284,-57.33929396567651,-6.727364264926646,81647,-49.93530245157272,-0.19848027172185767,2
10285,-99.01950200754348,2.3340511801977484,81652,-96.6939343764425,2.7165835152131033,15
10286,-127.13793734656888,-11.29408848607147,81660,-130.75996572568545,-6.6137591708523855,18
10287,-124.18717259086627,5.582886742138927,81661,-123.80894152337959,5.566802721935252,23
10288,509.9532059248618,-48.64364990349832,81678,586.0312761189704,-1.722944617346204,30
10289,-105.26745350031436,6.138570216896194,81688,-104.7190727296112,3.8815952186994593,7
10290,-116.25722139929461,-9.516238754789473,81694,-115.69510858146283,-11.595084171039186,39
10291,-138.93552681991937,0.852979196484194,81712,-141.0346653257256,-1.1036168920026446,0
10292,21.575892279210468,13.752318003797173,81714,18.937510567705566,1.034768221250525,27
10293,94.6562627367985,-0.4949463656323179,81716,104.96211155305676,-0.5414592591613776,31
10294,-98.10173342642555,4.66652607579295,81723,-96.6939343764425,2.7165835152131033,15
10295,-94.0695742087647,4.550668313707944,81724,-96.6939343764425,2.7165835152131033,15
10296,76.68596413403128,-16.689638661205734,81743,70.166569844569,-14.692630117552799,9
10297,-127.68879279790251,-4.870365123981552,81751,-130.75996572568545,-6.6137591708523855,18
10298,433.18653413872454,17.559582809923388,81753,417.6915390220547,-4.11857226961515,29
10299,-148.0308922482731,0.7341314402177052,81760,-148.09620948762597,-1.1157003398540595,36
10300,63.89026645337943,10.13435306336953,81765,78.01149217232324,3.6022338347977136,6
10301,-127.05334945113732,1.0914048349836427,81769,-129.1025175244067,1.5488809909733745,1
10302,-66.57007470158074,-2.850144130382601,81776,-66.8889597803445,2.169628081691683,14
10303,35.56834695783399,-2.1154975391148567,81777,47.997068783449585,1.2679199422360634,13
10304,6.47855749503633,-2.1875864244551555,81780,18.937510567705566,1.034768221250525,27
10305,232.13015808558663,11.297988964166837,81781,227.03647807555316,-5.020718083634986,26
10306,-114.58511946576917,-4.8812004576969485,81787,-109.71624596876933,-1.0040630408538558,16
10307,-130.06008154790516,2.1929611994212337,81792,-129.1025175244067,1.5488809909733745,1
10308,-126.16901438584709,3.616749279433749,81799,-123.80894152337959,5.566802721935252,23
10309,-105.64857560942208,-3.332364221917287,81800,-109.71624596876933,-1.0040630408538558,16
10310,170.60396428097573,2.4479938541525095,81807,172.66355239880147,-2.7112682595768685,38
10311,763.8608289315607,-24.048261612057267,81828,861.6475783799328,6.515082937232454,35
10312,-91.78901964019158,-1.5663917537650713,81831,-96.6939343764425,2.7165835152131033,15
10313,-136.83044205251107,-1.9251967508224954,81849,-134.89656831690453,-0.030690791204986433,34
10314,137.02955841975987,-4.85361501967502,81854,135.4076551174278,-1.697351881935795,33
10315,-100.6703818897151,-2.765483781051031,81863,-96.6939343764425,2.7165835152131033,15
10316,-130.37241081421678,8.023964354467966,81889,-132.1080396739421,5.887059356646324,17
10317,-118.12741202029859,4.3945589180671005,81890,-118.09857507912784,0.7103841694799473,11
10318,12.868171493681393,8.759102194961676,81892,18.937510567705566,1.034768221250525,27
10319,-81.92138208246436,0.9898805077275619,81898,-85.91178621041317,3.2728237667350073,24
10320,240.60658856406894,-10.125634376068966,81901,227.03647807555316,-5.020718083634986,26
10321,-40.94062645091848,4.170744879246622,81906,-49.93530245157272,-0.19848027172185767,2
10322,-108.11991428028065,2.8532682405128877,81929,-104.7190727296112,3.8815952186994593,7
10323,-91.88649649106533,1.5972349270782504,81931,-96.6939343764425,2.7165835152131033,15
10324,-139.35091187660075,7.36900584395669,81948,-137.57400940459857,4.493303950559668,20
10325,-128.37341162308212,8.052789648667332,81959,-132.1080396739421,5.887059356646324,17
10326,-30.393822365371147,-4.581657287784484,81971,-29.714479793685786,-1.264748112657314,8
10327,-103.50650460111574,-6.418226383035837,81996,-109.71624596876933,-1.0040630408538558,16
10328,-119.12780415832653,3.870893133730627,81997,-118.09857507912784,0.7103841694799473,11
10329,-143.66593742422344,-5.117288495920661,82010,-141.0346653257256,-1.1036168920026446,0
10330,-123.00702660994821,1.152449832563092,82024,-123.94204162798616,-1.5144507595891967,3
10331,-82.07824081734869,4.435133810605732,82028,-85.91178621041317,3.2728237667350073,24
10332,28.642765940396107,-2.8430915163248964,82035,18.937510567705566,1.034768221250525,27
10333,-19.926399240247815,3.680017211600906,82046,-29.714479793685786,-1.264748112657314,8
10334,-148.1207934416417,2.1846088098399874,82051,-146.59606179012786,4.113086925586259,4
10335,143.2515206627741,6.123040911065294,82063,135.4076551174278,-1.697351881935795,33
10336,-127.37815154557275,8.1685887453541,82064,-123.80894152337959,5.566802721935252,23
10337,-112.09948721444289,4.392005282108037,82069,-114.33047638704419,5.73481138949136,19
10338,-118.2022460218734,6.038021152479129,82070,-114.33047638704419,5.73481138949136,19
10339,-129.04785835005427,2.97479322123375,82089,-129.1025175244067,1.5488809909733745,1
10340,-93.10884364295173,2.861800426340912,82096,-96.6939343764425,2.7165835152131033,15
10341,-7.872893517122723,-11.502692781195728,82097,-6.878718007946434,-1.0926682779646681,10
10342,-149.20145985760752,3.938647719540638,82101,-146.59606179012786,4.113086925586259,4
10343,-111.0901115977294,4.191248111449117,82113,-114.33047638704419,5.73481138949136,19
10344,-111.0687549986371,3.220980819610782,82131,-114.33047638704419,5.73481138949136,19
10345,-127.31078049326315,-9.061585647450386,82144,-130.75996572568545,-6.6137591708523855,18
10346,-133.01450466928569,0.629261214605853,82152,-134.89656831690453,-0.030690791204986433,34
10347,-112.03326654917353,2.924128231335576,82157,-114.33047638704419,5.73481138949136,19
10348,-137.58917665903778,-4.662843452003569,82161,-141.0346653257256,-1.1036168920026446,0
10349,14.885168803027762,7.370508114585898,82165,18.937510567705566,1.034768221250525,27
10350,421.70229698333424,9.647857893084765,82184,417.6915390220547,-4.11857226961515,29
10351,107.44191310591752,2.890076996680765,82197,104.96211155305676,-0.5414592591613776,31
10352,-123.24112425876926,6.287397796336201,82199,-123.80894152337959,5.566802721935252,23
10353,-104.16784805177775,4.976219787293779,82228,-104.7190727296112,3.8815952186994593,7
10354,393.12874439616127,2.39995061445257,82229,417.6915390220547,-4.11857226961515,29
10355,428.9003276746263,21.716359647583598,82240,417.6915390220547,-4.11857226961515,29
10356,-61.51453890157122,-18.7176151202649,82243,-77.6204452281073,-4.536559244831727,5
10357,127.8081216554722,-16.43513438495507,82248,135.4076551174278,-1.697351881935795,33
10358,-128.98111659739973,-0.526210620812431,82251,-129.1025175244067,1.5488809909733745,1
10359,27.66863799049428,-2.9096201538778734,82268,18.937510567705566,1.034768221250525,27
10360,-37.17918558400404,-7.851835371045906,82270,-29.714479793685786,-1.264748112657314,8
10361,-129.06243316309258,1.743766060416249,82285,-129.1025175244067,1.5488809909733745,1
10362,870.2102716029056,-11.069716569549858,82288,861.6475783799328,6.515082937232454,35
10363,-102.98268960914933,1.9823199685155113,82298,-104.7190727296112,3.8815952186994593,7
10364,-133.3643719725503,7.776569103451642,82305,-132.1080396739421,5.887059356646324,17
10365,14.892767682476189,-7.531912353615054,82325,18.937510567705566,1.034768221250525,27
10366,-113.08847872939945,2.0638770123445456,82328,-114.33047638704419,5.73481138949136,19
10367,-113.0889464903724,2.0986798839931873,82347,-114.33047638704419,5.73481138949136,19
10368,-7.792049740014448,1.9853041185982367,82349,-6.878718007946434,-1.0926682779646681,10
10369,-106.83887650045402,-0.7145662022253912,82350,-109.71624596876933,-1.0040630408538558,16
10370,185.761145651334,-13.926120906246304,82355,172.66355239880147,-2.7112682595768685,38
10371,197.4732512723076,-38.41430393006019,82362,172.66355239880147,-2.7112682595768685,38
10372,-136.0259039049819,2.3572037272147464,82368,-137.57400940459857,4.493303950559668,20
10373,-108.99587410451183,0.6471102747794848,82386,-109.71624596876933,-1.0040630408538558,16
10374,-134.8628292257697,0.35197101518077417,82400,-134.89656831690453,-0.030690791204986433,34
10375,556.7255156393944,28.703858651978518,82405,586.0312761189704,-1.722944617346204,30
10376,-61.042713525973504,5.030359030370179,82421,-66.8889597803445,2.169628081691683,14
10377,-133.00188218223403,0.8777007330111364,82431,-134.89656831690453,-0.030690791204986433,34
10378,112.99734688511238,-19.807765686747288,82433,110.19899446847099,-35.665903512662624,21
10379,302.85179282053423,3.3430636584069977,82437,302.44973475302317,-5.405747081354008,25
10380,-119.63798444758966,-4.83618259082184,82438,-123.94204162798616,-1.5144507595891967,3
10381,-73.89677935324765,1.607287187269142,82446,-66.8889597803445,2.169628081691683,14
10382,-125.39713756725394,-7.134087662392165,82451,-130.75996572568545,-6.6137591708523855,18
10383,-23.085239466121905,7.1304916391997235,82457,-29.714479793685786,-1.264748112657314,8
10384,85.47708919419748,-13.503596079837317,82475,70.166569844569,-14.692630117552799,9
10385,63.417790120180335,0.6264766808327301,82482,78.01149217232324,3.6022338347977136,6
10386,-68.01884445376952,-26.09616230779496,82487,-77.6204452281073,-4.536559244831727,5
10387,-53.78196263654549,0.46852960629167634,82490,-49.93530245157272,-0.19848027172185767,2
10388,-19.969036239747393,5.127747738557665,82496,-29.714479793685786,-1.264748112657314,8
10389,123.54978987135476,1.3082790094813979,82501,135.4076551174278,-1.697351881935795,33
10390,106.7820219080596,-2.5177875822994813,82520,104.96211155305676,-0.5414592591613776,31
10391,-128.91751413957408,-0.40249995854960485,82526,-129.1025175244067,1.5488809909733745,1
10392,-65.15083924715636,6.297482524924207,82536,-66.8889597803445,2.169628081691683,14
10393,342.9716943191176,-40.22113559607602,82537,302.44973475302317,-5.405747081354008,25
10394,1362.956993834168,9.430232121142216,82545,1342.5649032771717,32.04824045393157,32
10395,-130.0594345701968,3.1964882940340353,82554,-129.1025175244067,1.5488809909733745,1
10396,-116.08138890167383,2.382059506651947,82568,-118.09857507912784,0.7103841694799473,11
10397,-113.20864391523602,4.708468075289327,82571,-114.33047638704419,5.73481138949136,19
10398,-118.08810053441312,-11.713079759597273,82587,-115.69510858146283,-11.595084171039186,39
10399,-80.1165946630447,5.289276115773817,82602,-85.91178621041317,3.2728237667350073,24
10400,-86.20556454552006,6.6290550256175065,82605,-85.91178621041317,3.2728237667350073,24
10401,-125.07529129264039,2.6275140401183252,82606,-123.80894152337959,5.566802721935252,23
10402,-71.29224034066378,-7.478627187520435,82614,-77.6204452281073,-4.536559244831727,5
10403,-69.3979505218271,9.59185334822651,82641,-66.8889597803445,2.169628081691683,14
10404,-142.99146433513314,-0.05045068332055514,82651,-141.0346653257256,-1.1036168920026446,0
10405,-150.91889222842624,-2.2562321496715287,82653,-148.09620948762597,-1.1157003398540595,36
10406,-110.84242776382045,-0.7136669043353148,82654,-109.71624596876933,-1.0040630408538558,16
10407,-114.09146845438862,3.6697630210024226,82666,-114.33047638704419,5.73481138949136,19
10408,1298.8267040820115,37.5760402313362,82670,1342.5649032771717,32.04824045393157,32
10409,-106.00820073044528,0.9250722077325818,82684,-104.7190727296112,3.8815952186994593,7
10410,-124.96825574700348,0.7766489668605008,82707,-123.94204162798616,-1.5144507595891967,3
10411,-105.90004979281609,1.152509129118129,82716,-104.7190727296112,3.8815952186994593,7
10412,-92.91803073133313,1.253800747100651,82726,-96.6939343764425,2.7165835152131033,15
10413,177.93248232690445,-16.78934786999018,82745,172.66355239880147,-2.7112682595768685,38
10414,-46.337113461767224,-20.29421200250621,82753,-49.93530245157272,-0.19848027172185767,2
10415,-151.32441573177874,6.61640706282258,82755,-152.23629829764135,4.213482038439798,37
10416,-82.5639928988096,-4.2833126212526285,82757,-77.6204452281073,-4.536559244831727,5
10417,34.10770387763388,-9.34328194242215,82764,28.39696760572947,-22.91072472808294,12
10418,-155.31249773520932,6.26365186504328,82773,-152.23629829764135,4.213482038439798,37
10419,-91.28472352004933,7.265683992531508,82775,-85.91178621041317,3.2728237667350073,24
10420,-90.37267392096629,8.688230834580665,82786,-85.91178621041317,3.2728237667350073,24
10421,47.645851685767425,-3.117268435636731,82791,47.997068783449585,1.2679199422360634,13
10422,206.00998829444876,-31.199033150173264,82794,227.03647807555316,-5.020718083634986,26
10423,-106.89045315784246,0.4121401153873319,82805,-109.71624596876933,-1.0040630408538558,16
10424,16.42956949482924,0.09745866902825627,82810,18.937510567705566,1.034768221250525,27
10425,-120.23936813601829,5.778778160426102,82811,-123.80894152337959,5.566802721935252,23
10426,106.5287361261613,0.9745230813948221,82816,104.96211155305676,-0.5414592591613776,31
10427,79.06571336733678,7.5757131001504545,82854,78.01149217232324,3.6022338347977136,6
10428,-43.98139044670029,-11.269429418499636,82857,-49.93530245157272,-0.19848027172185767,2
10429,-66.92233269245344,2.269178753005446,82858,-66.8889597803445,2.169628081691683,14
10430,-5.354417718600712,-3.984755849238509,82859,-6.878718007946434,-1.0926682779646681,10
10431,-110.08781043890879,3.659635326192489,82875,-109.71624596876933,-1.0040630408538558,16
10432,-130.17841869466798,3.7648058370481774,82887,-129.1025175244067,1.5488809909733745,1
10433,408.5316784252836,-3.1036023725607924,82907,417.6915390220547,-4.11857226961515,29
10434,-88.1286740624327,3.372982324532532,82922,-85.91178621041317,3.2728237667350073,24
10435,-66.28579166675557,7.716113831617275,82934,-66.8889597803445,2.169628081691683,14
10436,166.84880098624237,13.295418723655915,82942,172.66355239880147,-2.7112682595768685,38
10437,-131.5312946690137,-6.839244178585771,82947,-130.75996572568545,-6.6137591708523855,18
10438,108.15281934600448,-7.560210184127108,82948,104.96211155305676,-0.5414592591613776,31
10439,-122.62825796959895,-4.058032823962021,83000,-123.94204162798616,-1.5144507595891967,3
10440,-15.422007544420367,12.557923690882573,83003,-6.878718007946434,-1.0926682779646681,10
10441,-10.625230399292585,-0.17849636931493895,83008,-6.878718007946434,-1.0926682779646681,10
10442,-114.21251288391316,5.291463395775095,83012,-114.33047638704419,5.73481138949136,19
10443,236.80143233525627,1.8017553621552442,83018,227.03647807555316,-5.020718083634986,26
10444,-22.481944045552023,-17.22424447166419,83019,-29.714479793685786,-1.264748112657314,8
10445,-52.99763365140472,3.6621006574506274,83035,-49.93530245157272,-0.19848027172185767,2
10446,-125.92690978889667,-14.359896501900241,83038,-130.75996572568545,-6.6137591708523855,18
10447,36.44751908359743,-28.91457809192164,83045,28.39696760572947,-22.91072472808294,12
10448,-145.04039517514056,0.9889217046775358,83050,-146.59606179012786,4.113086925586259,4
10449,159.0969557758033,-19.67614530870593,83055,172.66355239880147,-2.7112682595768685,38
10450,-113.41182218550091,9.153142562775965,83056,-114.33047638704419,5.73481138949136,19
10451,603.7260466489416,-42.098388707220444,83068,586.0312761189704,-1.722944617346204,30
10452,-61.4500031986178,-4.883733713864521,83079,-66.8889597803445,2.169628081691683,14
10453,-110.67289155864135,-2.882282636638706,83087,-109.71624596876933,-1.0040630408538558,16
10454,312.29765601922037,-31.60999687410384,83093,302.44973475302317,-5.405747081354008,25
10455,-111.80621025561356,-1.51548719465813,83110,-109.71624596876933,-1.0040630408538558,16
10456,-71.13336739475075,6.336702497891443,83112,-66.8889597803445,2.169628081691683,14
10457,-34.27660802656171,9.059636880391185,83114,-29.714479793685786,-1.264748112657314,8
10458,83.49745637862766,1.2623302885491532,83134,78.01149217232324,3.6022338347977136,6
10459,38.52515912752748,14.633841699140865,83139,47.997068783449585,1.2679199422360634,13
10460,131.5209559978854,-12.131830666013226,83140,135.4076551174278,-1.697351881935795,33
10461,-142.8576982856292,-2.9754078032629914,83142,-141.0346653257256,-1.1036168920026446,0
10462,-104.03083142607633,3.034022796086439,83159,-104.7190727296112,3.8815952186994593,7
10463,-132.9447478418489,-0.8930322086897565,83180,-134.89656831690453,-0.030690791204986433,34
10464,-78.76084671647395,-0.424150392837815,83196,-77.6204452281073,-4.536559244831727,5
10465,-73.22435265111874,7.260481578592748,83199,-66.8889597803445,2.169628081691683,14
10466,-105.79917095602212,-1.0633808026214338,83206,-109.71624596876933,-1.0040630408538558,16
10467,555.7025465181155,-0.25363408431898876,83207,586.0312761189704,-1.722944617346204,30
10468,21.624315222220265,-17.786203533114087,83213,28.39696760572947,-22.91072472808294,12
10469,-129.63045221330603,-3.6294104924090753,83227,-130.75996572568545,-6.6137591708523855,18
10470,-85.18565788490072,5.696676245821726,83238,-85.91178621041317,3.2728237667350073,24
10471,-114.09179247447514,3.156851945636719,83246,-114.33047638704419,5.73481138949136,19
10472,-54.30980823127521,-6.304504993322615,83251,-49.93530245157272,-0.19848027172185767,2
10473,-76.05418130642919,2.9723821587761683,83258,-77.6204452281073,-4.536559244831727,5
10474,-63.99821011610802,3.9912903199524705,83261,-66.8889597803445,2.169628081691683,14
10475,-91.68546741738407,-3.315625322081999,83286,-96.6939343764425,2.7165835152131033,15
10476,-110.04871687901614,1.2665983821475375,83290,-109.71624596876933,-1.0040630408538558,16
10477,-120.26092407782741,6.248162664954509,83295,-123.80894152337959,5.566802721935252,23
10478,-9.099988629750946,5.595804489818571,83306,-6.878718007946434,-1.0926682779646681,10
10479,-70.68791850456965,-1.3703846457986506,83316,-66.8889597803445,2.169628081691683,14
10480,-31.909694441287236,3.635798942044757,83317,-29.714479793685786,-1.264748112657314,8
10481,424.0552607112473,-38.63072448920252,83321,417.6915390220547,-4.11857226961515,29
10482,-108.32146267735486,-7.974232879267585,83329,-109.71624596876933,-1.0040630408538558,16
10483,71.53899335130929,-14.58134529453337,83330,70.166569844569,-14.692630117552799,9
10484,342.66112221749756,-7.053419752291356,83333,302.44973475302317,-5.405747081354008,25
10485,-131.11061080667753,2.276469426209224,83338,-129.1025175244067,1.5488809909733745,1
10486,-32.40153051236639,-3.912359424272473,83345,-29.714479793685786,-1.264748112657314,8
10487,55.1333858570491,5.692885407199064,83357,47.997068783449585,1.2679199422360634,13
10488,-127.89398872867613,-1.9072635545507817,83365,-129.1025175244067,1.5488809909733745,1
10489,-140.843591067112,-2.224785890505517,83366,-141.0346653257256,-1.1036168920026446,0
10490,-0.42899264150535826,-17.513302070113905,83372,-6.878718007946434,-1.0926682779646681,10
10491,9.119687427951895,4.1808801275611795,83380,18.937510567705566,1.034768221250525,27
10492,93.14622076545095,7.078035736484869,83382,104.96211155305676,-0.5414592591613776,31
10493,-103.19537634034998,5.612117569671925,83389,-104.7190727296112,3.8815952186994593,7
10494,-142.16765747865088,3.8337558524654676,83395,-142.14616351708418,5.245197398204194,22
10495,-55.11605350854888,5.70634190122851,83409,-49.93530245157272,-0.19848027172185767,2
10496,-29.7534804169496,1.7757464288823213,83423,-29.714479793685786,-1.264748112657314,8
10497,-125.22032962771189,4.773516188232041,83427,-123.80894152337959,5.566802721935252,23
10498,-20.450229611111197,-3.1826138026811073,83455,-29.714479793685786,-1.264748112657314,8
10499,-118.99303096665108,1.9316728581750031,83458,-118.09857507912784,0.7103841694799473,11
10500,-74.98695039934425,2.552571660689064,83471,-77.6204452281073,-4.536559244831727,5
10501,51.81371811994622,10.592580368800707,83474,47.997068783449585,1.2679199422360634,13
10502,-125.16265730359859,4.010606342800229,83477,-123.80894152337959,5.566802721935252,23
10503,-84.13700325676191,6.181062145441814,83481,-85.91178621041317,3.2728237667350073,24
10504,-139.25320511748268,5.763005161761524,83496,-137.57400940459857,4.493303950559668,20
10505,39.44466477598865,-28.79274043629181,83501,28.39696760572947,-22.91072472808294,12
10506,-108.04505742602171,3.2395990546977114,83503,-104.7190727296112,3.8815952186994593,7
10507,-88.09721084804796,4.2361389156698035,83510,-85.91178621041317,3.2728237667350073,24
10508,668.412652683217,35.882236966382294,83513,586.0312761189704,-1.722944617346204,30
10509,76.25905289509343,-9.89436958504808,83523,70.166569844569,-14.692630117552799,9
10510,-141.03214870856797,2.415557516506037,83533,-142.14616351708418,5.245197398204194,22
10511,-119.9241065772172,0.42209779089360305,83534,-118.09857507912784,0.7103841694799473,11
10512,-145.28821965727983,5.924270098686248,83549,-146.59606179012786,4.113086925586259,4
10513,-71.27383296570056,7.362802773204201,83553,-66.8889597803445,2.169628081691683,14
10514,-113.10360426382536,3.434631677028178,83556,-114.33047638704419,5.73481138949136,19
10515,-147.26941039220827,5.989310995760947,83561,-146.59606179012786,4.113086925586259,4
10516,-117.08339413684747,1.8874847676563868,83587,-118.09857507912784,0.7103841694799473,11
10517,109.11802491604224,6.934325345204684,83588,104.96211155305676,-0.5414592591613776,31
10518,48.66540376309011,-2.4885029725670957,83590,47.997068783449585,1.2679199422360634,13
10519,528.1746601326231,20.94612176226439,83595,586.0312761189704,-1.722944617346204,30
10520,-125.37725559067366,8.216330062360818,83598,-123.80894152337959,5.566802721935252,23
10521,-87.72156418912625,-16.15098816885311,83606,-95.36861679384212,-10.95784818293233,28
10522,-147.32699919988448,6.739847332548125,83621,-146.59606179012786,4.113086925586259,4
10523,-130.17668868984305,3.7377340761804865,83625,-129.1025175244067,1.5488809909733745,1
10524,-47.21071311798162,7.911186317455815,83642,-49.93530245157272,-0.19848027172185767,2
10525,-129.10851041665404,4.302080687278398,83647,-129.1025175244067,1.5488809909733745,1
10526,-78.17026842468994,6.004365408124239,83650,-85.91178621041317,3.2728237667350073,24
10527,450.6119671027091,11.596392654858693,83661,417.6915390220547,-4.11857226961515,29
10528,550.2396663791369,6.1962703846294875,83668,586.0312761189704,-1.722944617346204,30
10529,-88.42089326261767,-5.978477926621212,83670,-95.36861679384212,-10.95784818293233,28
10530,46.509863509165214,-0.6486989511153395,83681,47.997068783449585,1.2679199422360634,13
10531,891.0128876261444,6.790515280281579,83687,861.6475783799328,6.515082937232454,35
10532,-147.1955612584757,3.864145803429993,83695,-146.59606179012786,4.113086925586259,4
10533,434.96011979777035,-36.88716121312766,83705,417.6915390220547,-4.11857226961515,29
10534,-91.0186097951286,1.9591758328740556,83734,-85.91178621041317,3.2728237667350073,24
10535,-85.09790588945668,4.803832590706706,83741,-85.91178621041317,3.2728237667350073,24
10536,-80.57904492647812,-4.95451919073525,83744,-77.6204452281073,-4.536559244831727,5
10537,-89.16808881351179,5.249287628378077,83754,-85.91178621041317,3.2728237667350073,24
10538,-103.06772170080254,3.329954897393856,83758,-104.7190727296112,3.8815952186994593,7
10539,61.45580095812326,1.292899191924972,83765,47.997068783449585,1.2679199422360634,13
10540,-67.94557590359567,2.7949620680188474,83779,-66.8889597803445,2.169628081691683,14
10541,607.79947975743,0.026996957483643617,83789,586.0312761189704,-1.722944617346204,30
10542,75.73576724397874,-2.5407641176540494,83790,78.01149217232324,3.6022338347977136,6
10543,-127.1490673527563,3.1638427913632268,83791,-129.1025175244067,1.5488809909733745,1
10544,-97.81359983099243,0.4130003499133684,83803,-96.6939343764425,2.7165835152131033,15
10545,358.62297186441094,7.763837373527126,83808,302.44973475302317,-5.405747081354008,25
10546,66.39550186983261,-12.544576174930782,83809,70.166569844569,-14.692630117552799,9
10547,-99.24092703977382,6.676797987173408,83816,-96.6939343764425,2.7165835152131033,15
10548,165.98112901634468,-3.3316101123653374,83825,172.66355239880147,-2.7112682595768685,38
10549,-124.97611614814,0.9437239450242166,83829,-123.94204162798616,-1.5144507595891967,3
10550,-73.44813500210462,10.622062621697209,83836,-66.8889597803445,2.169628081691683,14
10551,9.138886441417942,-10.952443853646924,83854,18.937510567705566,1.034768221250525,27
10552,-142.18982612961048,3.8092191387685266,83858,-142.14616351708418,5.245197398204194,22
10553,-44.76164467234805,-0.33355213789909655,83866,-49.93530245157272,-0.19848027172185767,2
10554,-126.25271113932453,5.459192547109313,83886,-123.80894152337959,5.566802721935252,23
10555,-112.41595500066903,9.28708649709643,83891,-114.33047638704419,5.73481138949136,19
10556,-106.6806452222666,-4.186270599075373,83910,-109.71624596876933,-1.0040630408538558,16
10557,-136.2713182447753,6.201996000847512,83921,-137.57400940459857,4.493303950559668,20
10558,171.75823754667493,0.11320078656909635,83926,172.66355239880147,-2.7112682595768685,38
10559,-49.84593259225481,1.9336564022540077,83936,-49.93530245157272,-0.19848027172185767,2
10560,-88.56054168442846,-3.9461254879019325,83949,-85.91178621041317,3.2728237667350073,24
10561,100.89309540639914,-33.497176268464635,83954,110.19899446847099,-35.665903512662624,21
10562,-131.8443358803592,-2.552657532301897,83961,-134.89656831690453,-0.030690791204986433,34
10563,-121.19878281718267,4.876284747672753,83965,-123.80894152337959,5.566802721935252,23
10564,-115.11965408320822,3.748056337555836,83968,-114.33047638704419,5.73481138949136,19
10565,-47.84903557641734,1.5320711937753633,83982,-49.93530245157272,-0.19848027172185767,2
10566,-80.60244019300806,-2.8971707567082583,83983,-77.6204452281073,-4.536559244831727,5
10567,-148.32977609718785,6.766540256317059,83985,-146.59606179012786,4.113086925586259,4
10568,-110.26175153741258,6.938169007931972,83988,-114.33047638704419,5.73481138949136,19
10569,-125.29488822135997,6.388117083662316,83997,-123.80894152337959,5.566802721935252,23
10570,202.64023434688482,-11.51110598493933,84000,227.03647807555316,-5.020718083634986,26
10571,-145.7054459709558,-2.7605383996320922,84006,-148.09620948762597,-1.1157003398540595,36
10572,-112.86308160900488,-1.3136708764669385,84010,-109.71624596876933,-1.0040630408538558,16
10573,-84.56603491226595,-4.782166223352231,84020,-77.6204452281073,-4.536559244831727,5
10574,-74.86141874467407,1.3405493646664224,84032,-77.6204452281073,-4.536559244831727,5
10575,-97.24544078349132,6.8096024478647985,84033,-96.6939343764425,2.7165835152131033,15
10576,12.081223726229112,-24.376641491954597,84042,28.39696760572947,-22.91072472808294,12
10577,526.9670793191033,9.21036591828191,84049,586.0312761189704,-1.722944617346204,30
10578,326.34930933373823,-60.418949227974956,84058,302.44973475302317,-5.405747081354008,25
10579,-14.354679917114172,-4.64020083037239,84060,-6.878718007946434,-1.0926682779646681,10
10580,-81.23205806584693,7.296093821377127,84077,-85.91178621041317,3.2728237667350073,24
10581,-100.2438617453218,6.213818173007468,84091,-96.6939343764425,2.7165835152131033,15
10582,215.62730136829285,-68.37839507924687,84095,227.03647807555316,-5.020718083634986,26
10583,-113.06557897924833,3.6297100389630614,84097,-114.33047638704419,5.73481138949136,19
10584,57.82985882296863,10.327543112609504,84100,47.997068783449585,1.2679199422360634,13
10585,-144.3383120581271,7.008346013316638,84104,-142.14616351708418,5.245197398204194,22
10586,646.1920046014629,24.6024764956876,84106,586.0312761189704,-1.722944617346204,30
10587,46.69323352303068,12.113544259083524,84111,47.997068783449585,1.2679199422360634,13
10588,-122.98995572961165,1.8086927460361244,84113,-123.94204162798616,-1.5144507595891967,3
10589,-92.11036482502777,3.940004728336052,84115,-96.6939343764425,2.7165835152131033,15
10590,-27.890681491357494,-26.17674831170898,84135,-29.714479793685786,-1.264748112657314,8
10591,-62.869558151324334,1.1966018147332333,84138,-66.8889597803445,2.169628081691683,14
10592,-148.3090915851299,6.311803367151896,84143,-146.59606179012786,4.113086925586259,4
10593,-131.97097813555277,-0.8058340467179675,84145,-134.89656831690453,-0.030690791204986433,34
10594,-82.52163427520973,-4.176291029231266,84148,-77.6204452281073,-4.536559244831727,5
10595,3.406600058329219,-14.87062611935626,84160,-6.878718007946434,-1.0926682779646681,10
10596,358.81894571840854,20.768275592148317,84168,302.44973475302317,-5.405747081354008,25
10597,-92.08225379269143,3.8214603592356933,84170,-96.6939343764425,2.7165835152131033,15
10598,-110.09110324816396,3.2179457936252787,84171,-109.71624596876933,-1.0040630408538558,16
10599,23.078476631490993,5.8384767455020965,84182,18.937510567705566,1.034768221250525,27
10600,-151.32427402579194,6.599751356195787,84191,-152.23629829764135,4.213482038439798,37
10601,-40.84797199448061,1.097625554853967,84202,-49.93530245157272,-0.19848027172185767,2
10602,-83.98019741036768,2.7686610826958975,84205,-85.91178621041317,3.2728237667350073,24
10603,-71.63758057631632,-1.4588309573468188,84206,-66.8889597803445,2.169628081691683,14
10604,528.6785646848291,-43.86708134365041,84210,586.0312761189704,-1.722944617346204,30
10605,0.7720403071728634,7.549143533972577,84224,-6.878718007946434,-1.0926682779646681,10
10606,-60.541045505123925,-3.3898026688902383,84231,-66.8889597803445,2.169628081691683,14
10607,3.867780998040759,-7.674255818209824,84237,-6.878718007946434,-1.0926682779646681,10
10608,-112.88806235686707,-1.2785064126010048,84242,-109.71624596876933,-1.0040630408538558,16
10609,-82.39150171587126,9.75968635367527,84250,-85.91178621041317,3.2728237667350073,24
10610,-32.96413707784714,3.786403972210914,84258,-29.714479793685786,-1.264748112657314,8
10611,-33.87348796392175,2.8113765325105753,84274,-29.714479793685786,-1.264748112657314,8
10612,-121.98306013405494,0.6305773592934185,84309,-123.94204162798616,-1.5144507595891967,3
10613,-105.19112039499333,6.00089125536796,84333,-104.7190727296112,3.8815952186994593,7
10614,-137.10359676620934,2.527677382149301,84338,-137.57400940459857,4.493303950559668,20
10615,-122.0414069559037,0.8960711838526776,84342,-123.94204162798616,-1.5144507595891967,3
10616,-29.213038831799782,8.261166216483385,84352,-29.714479793685786,-1.264748112657314,8
10617,-116.78277441158208,-1.615878831472903,84356,-118.09857507912784,0.7103841694799473,11
10618,-53.05797177135181,3.953551620920161,84360,-49.93530245157272,-0.19848027172185767,2
10619,92.54873581391062,-13.923313699363382,84364,104.96211155305676,-0.5414592591613776,31
10620,-145.23176441280867,5.173064152357311,84366,-146.59606179012786,4.113086925586259,4
10621,-41.637466615489366,-0.45849867819443296,84378,-49.93530245157272,-0.19848027172185767,2
10622,124.48068783066692,-11.89364590503848,84395,135.4076551174278,-1.697351881935795,33
10623,-31.2461740565248,8.445213340009545,84401,-29.714479793685786,-1.264748112657314,8
10624,-54.8771137527595,2.013920113820408,84406,-49.93530245157272,-0.19848027172185767,2
10625,-116.88579534635164,-0.36312292146437053,84421,-118.09857507912784,0.7103841694799473,11
10626,432.54676937170984,-16.72968227763281,84425,417.6915390220547,-4.11857226961515,29
10627,-136.81465551023084,-2.2687998620360577,84449,-134.89656831690453,-0.030690791204986433,34
10628,432.0864319170347,-24.45385634693781,84462,417.6915390220547,-4.11857226961515,29
10629,113.94149789240231,-4.360769737214166,84465,104.96211155305676,-0.5414592591613776,31
10630,-110.0521169523463,-11.862512207814657,84473,-115.69510858146283,-11.595084171039186,39
10631,-104.25981315527248,6.495615053536719,84486,-104.7190727296112,3.8815952186994593,7
10632,-46.98382340502048,2.9480567115759158,84492,-49.93530245157272,-0.19848027172185767,2
10633,429.16186563026406,-25.64135929224405,84496,417.6915390220547,-4.11857226961515,29
10634,-136.09534154311476,1.8362156389195496,84518,-134.89656831690453,-0.030690791204986433,34
10635,-29.455283966958913,-4.231422512272054,84520,-29.714479793685786,-1.264748112657314,8
10636,-11.591366155747826,-0.9515157718179286,84523,-6.878718007946434,-1.0926682779646681,10
10637,-95.70267734182451,-3.529645771685049,84528,-96.6939343764425,2.7165835152131033,15
10638,-34.695649460894906,-14.811417609350379,84534,-29.714479793685786,-1.264748112657314,8
10639,-148.05856373308237,1.859687444842969,84536,-146.59606179012786,4.113086925586259,4
10640,257.1969068045348,-17.655535926015638,84537,227.03647807555316,-5.020718083634986,26
10641,-146.09794073578084,3.247419709560516,84548,-146.59606179012786,4.113086925586259,4
10642,432.6208075806038,-17.843984514296793,84559,417.6915390220547,-4.11857226961515,29
10643,-142.23210090417805,4.742128138695578,84561,-142.14616351708418,5.245197398204194,22
10644,-123.16557493262172,5.15346659582581,84566,-123.80894152337959,5.566802721935252,23
10645,399.0895235832785,17.04189658369251,84568,417.6915390220547,-4.11857226961515,29
10646,-132.1778799660186,4.232092179638249,84576,-132.1080396739421,5.887059356646324,17
10647,-111.28941350679837,6.512155273109401,84582,-114.33047638704419,5.73481138949136,19
10648,5.385942045153907,0.35146943818228615,84595,-6.878718007946434,-1.0926682779646681,10
10649,-83.59386114776616,-4.164701983820011,84610,-77.6204452281073,-4.536559244831727,5
10650,-145.7964597983834,-3.344964243237498,84616,-148.09620948762597,-1.1157003398540595,36
10651,-65.62053566618123,-2.2324580404851164,84617,-66.8889597803445,2.169628081691683,14
10652,75.58514896711384,-0.26008478512423244,84620,78.01149217232324,3.6022338347977136,6
10653,-98.75971116135858,-44.957354191926456,84627,-95.36861679384212,-10.95784818293233,28
10654,48.39876667815027,1.294445084208301,84631,47.997068783449585,1.2679199422360634,13
10655,29.301538230551024,-12.648482524828038,84638,28.39696760572947,-22.91072472808294,12
10656,-107.06953029335436,3.819989887350426,84643,-104.7190727296112,3.8815952186994593,7
10657,-82.43803936830585,-5.504615667634422,84655,-77.6204452281073,-4.536559244831727,5
10658,-83.85651927881831,0.5564044017777793,84670,-85.91178621041317,3.2728237667350073,24
10659,-65.89591277396217,0.7195921242746609,84671,-66.8889597803445,2.169628081691683,14
10660,-20.936997079561333,-10.825998682381883,84686,-29.714479793685786,-1.264748112657314,8
10661,-140.14784096767028,3.956359812333993,84710,-142.14616351708418,5.245197398204194,22
10662,576.0343510504435,-33.06406993015728,84715,586.0312761189704,-1.722944617346204,30
10663,-138.9854481035436,-0.6040415717730094,84717,-141.0346653257256,-1.1036168920026446,0
10664,-147.95998470551285,-0.31419568534861925,84718,-148.09620948762597,-1.1157003398540595,36
10665,447.99780365656795,-36.97733987121994,84722,417.6915390220547,-4.11857226961515,29
10666,-0.3651523530391506,11.570949938719279,84734,-6.878718007946434,-1.0926682779646681,10
10667,-80.12821289389504,4.539366485791303,84735,-85.91178621041317,3.2728237667350073,24
10668,-56.73433222055906,0.3881615182131467,84747,-49.93530245157272,-0.19848027172185767,2
10669,-119.3789354484817,-7.423758986582153,84751,-115.69510858146283,-11.595084171039186,39
10670,58.708782454649985,-2.7700243233444497,84763,47.997068783449585,1.2679199422360634,13
10671,-77.17650859379526,5.646929556682404,84764,-85.91178621041317,3.2728237667350073,24
10672,-46.66198500134527,-1.0048077564772668,84780,-49.93530245157272,-0.19848027172185767,2
10673,85.0434511859805,8.674308580597211,84785,78.01149217232324,3.6022338347977136,6
10674,-48.6373232681646,-15.803279543637188,84787,-49.93530245157272,-0.19848027172185767,2
10675,-111.63447000922362,-2.720538767882624,84800,-109.71624596876933,-1.0040630408538558,16
10676,21.44197449418283,-14.824794410171233,84813,28.39696760572947,-22.91072472808294,12
10677,-16.326556960769317,-4.267340586370503,84821,-6.878718007946434,-1.0926682779646681,10
10678,-15.1943693808514,-6.623744688776708,84864,-6.878718007946434,-1.0926682779646681,10
10679,-103.19564800661433,5.624334108867592,84868,-104.7190727296112,3.8815952186994593,7
10680,-101.02513365402142,3.4469996714706888,84872,-104.7190727296112,3.8815952186994593,7
10681,-10.635908170732888,0.030725878888841367,84873,-6.878718007946434,-1.0926682779646681,10
10682,124.12236994941198,-6.615999491043677,84875,135.4076551174278,-1.697351881935795,33
10683,-150.18143720706996,3.990455684516692,84904,-152.23629829764135,4.213482038439798,37
10684,-142.89696661494054,-1.083293504779616,84910,-141.0346653257256,-1.1036168920026446,0
10685,-49.4374283749142,11.298463711745649,84912,-49.93530245157272,-0.19848027172185767,2
10686,-61.96898653061338,1.8558050169016547,84935,-66.8889597803445,2.169628081691683,14
10687,-102.03051795157603,2.5428715761260947,84937,-104.7190727296112,3.8815952186994593,7
10688,-139.13187819959577,2.58436344557625,84938,-137.57400940459857,4.493303950559668,20
10689,23.691480996355583,-18.72073057799282,84946,28.39696760572947,-22.91072472808294,12
10690,-136.26937978156715,6.159932073237709,84952,-137.57400940459857,4.493303950559668,20
10691,44.06957260023733,-8.34346618763987,84956,47.997068783449585,1.2679199422360634,13
10692,-117.07467265783613,2.2038492222213972,84958,-118.09857507912784,0.7103841694799473,11
10693,-116.12377475382338,4.34012411123123,84966,-114.33047638704419,5.73481138949136,19
10694,-38.89016568289722,3.096807174047551,84967,-29.714479793685786,-1.264748112657314,8
10695,-14.98954655093229,5.680004163431732,84977,-6.878718007946434,-1.0926682779646681,10
10696,-129.06229057897795,1.7408149150903443,84981,-129.1025175244067,1.5488809909733745,1
10697,51.673727307978545,-2.116932675283013,84984,47.997068783449585,1.2679199422360634,13
10698,504.23252863565955,4.5391653785476604,84985,586.0312761189704,-1.722944617346204,30
10699,15.81295911294381,-5.754552190279921,84993,18.937510567705566,1.034768221250525,27
10700,636.2882940691725,-6.107650042594215,85013,586.0312761189704,-1.722944617346204,30
10701,-127.23275343251628,6.023302134702274,85017,-123.80894152337959,5.566802721935252,23
10702,17.281070779041997,1.8232162162968268,85023,18.937510567705566,1.034768221250525,27
10703,234.94038802820654,-0.7699052824160604,85038,227.03647807555316,-5.020718083634986,26
10704,-60.06548661581278,5.55706584328928,85079,-66.8889597803445,2.169628081691683,14
10705,92.09906354030244,7.064836048402245,85114,78.01149217232324,3.6022338347977136,6
10706,424.37311604835094,-28.810422432634816,85120,417.6915390220547,-4.11857226961515,29
10707,-117.97364608466933,1.0316236270890087,85132,-118.09857507912784,0.7103841694799473,11
10708,-41.025767006196936,3.4579086809634285,85133,-49.93530245157272,-0.19848027172185767,2
10709,182.74542523639226,-13.626278409780838,85135,172.66355239880147,-2.7112682595768685,38
10710,-126.22984116914871,4.95726405042631,85136,-123.80894152337959,5.566802721935252,23
10711,-117.40049985881325,8.834146849229782,85139,-114.33047638704419,5.73481138949136,19
10712,-138.02627774399457,0.8096614559670944,85149,-134.89656831690453,-0.030690791204986433,34
10713,-126.19384969555584,4.674316147772133,85159,-123.80894152337959,5.566802721935252,23
10714,-128.1888915256623,5.033080341822249,85160,-129.1025175244067,1.5488809909733745,1
10715,1.3925619330832515,0.13258697978593004,85163,-6.878718007946434,-1.0926682779646681,10
10716,78.39126581920415,2.483959090856776,85166,78.01149217232324,3.6022338347977136,6
10717,69.42058951619875,1.6915453417141888,85172,78.01149217232324,3.6022338347977136,6
10718,679.5415642613623,-36.781285157789256,85182,586.0312761189704,-1.722944617346204,30
10719,-115.34179971156578,8.121543672652068,85183,-114.33047638704419,5.73481138949136,19
10720,-108.72325308927687,-1.2335779031641536,85187,-109.71624596876933,-1.0040630408538558,16
10721,507.508637559777,15.33983446318528,85188,586.0312761189704,-1.722944617346204,30
10722,-108.8397100890188,0.8000558947903746,85195,-109.71624596876933,-1.0040630408538558,16
10723,119.02890262676209,-5.673528927609265,85215,104.96211155305676,-0.5414592591613776,31
10724,-114.99376671314259,2.0202790091959684,85216,-118.09857507912784,0.7103841694799473,11
10725,26.770881701599894,-4.653125945549619,85221,18.937510567705566,1.034768221250525,27
10726,-81.87895839332809,1.091969088337565,85222,-85.91178621041317,3.2728237667350073,24
10727,-107.76966796545577,-1.2311385996889468,85223,-109.71624596876933,-1.0040630408538558,16
10728,276.2934878552864,9.495721107920884,85227,302.44973475302317,-5.405747081354008,25
10729,-86.17705671452231,6.03330879839763,85232,-85.91178621041317,3.2728237667350073,24
10730,-140.912185981021,-1.7386674137036247,85236,-141.0346653257256,-1.1036168920026446,0
10731,-133.124012071195,2.520798485124752,85239,-134.89656831690453,-0.030690791204986433,34
10732,-41.36842595259725,10.956090422046689,85244,-49.93530245157272,-0.19848027172185767,2
10733,-18.904074928688186,4.236905148620244,85267,-29.714479793685786,-1.264748112657314,8
10734,80.73276873462662,13.357482244712314,85282,78.01149217232324,3.6022338347977136,6
10735,595.4839963866458,4.168932575020464,85290,586.0312761189704,-1.722944617346204,30
10736,816.2137802506796,-27.299882646814556,85296,861.6475783799328,6.515082937232454,35
10737,-15.892632791776613,3.517583019728579,85308,-6.878718007946434,-1.0926682779646681,10
10738,-18.64559784428579,0.11324485111011239,85309,-29.714479793685786,-1.264748112657314,8
10739,-136.16887963778694,3.4336891516029193,85317,-137.57400940459857,4.493303950559668,20
10740,-83.2011770153444,-8.651265579625814,85320,-77.6204452281073,-4.536559244831727,5
10741,244.22766036635798,-4.330508199000288,85323,227.03647807555316,-5.020718083634986,26
10742,1059.6585918657574,-11.051701940055688,85333,861.6475783799328,6.515082937232454,35
10743,-147.2663027577696,5.905372599266339,85345,-146.59606179012786,4.113086925586259,4
10744,8.002265228768207,-8.502659538597182,85349,18.937510567705566,1.034768221250525,27
10745,-28.78823876978223,2.03953412063817,85352,-29.714479793685786,-1.264748112657314,8
10746,118.13207317489362,8.325074782275856,85358,104.96211155305676,-0.5414592591613776,31
10747,72.28611266390325,3.6748366528281826,85361,78.01149217232324,3.6022338347977136,6
10748,-40.15278493381797,7.280236202288505,85376,-49.93530245157272,-0.19848027172185767,2
10749,446.48691342035465,-0.976022470932077,85383,417.6915390220547,-4.11857226961515,29
10750,-55.85708891277092,2.0655232996817166,85389,-49.93530245157272,-0.19848027172185767,2
10751,-143.32407402916957,6.712718433795403,85393,-142.14616351708418,5.245197398204194,22
10752,405.3028654554798,15.051428654732112,85404,417.6915390220547,-4.11857226961515,29
10753,-122.09930697181717,2.151159454016672,85409,-123.80894152337959,5.566802721935252,23
10754,-121.64906711941995,-4.110283905007314,85410,-123.94204162798616,-1.5144507595891967,3
10755,-150.04105715494063,0.41209558800019913,85432,-148.09620948762597,-1.1157003398540595,36
10756,136.92185794962433,10.661569720647014,85433,135.4076551174278,-1.697351881935795,33
10757,-98.22129398261973,6.772405507273674,85435,-96.6939343764425,2.7165835152131033,15
10758,186.80992839416675,13.970392182794226,85440,172.66355239880147,-2.7112682595768685,38
10759,-7.163286916447184,-6.653506845913336,85442,-6.878718007946434,-1.0926682779646681,10
10760,-79.5522324253734,-2.948827966096075,85444,-77.6204452281073,-4.536559244831727,5
10761,225.01087431689442,12.771358756369246,85474,227.03647807555316,-5.020718083634986,26
10762,-36.76702123940388,0.9352044416118929,85480,-29.714479793685786,-1.264748112657314,8
10763,-76.8771943423625,2.1749118399467244,85484,-77.6204452281073,-4.536559244831727,5
10764,-105.9793184816478,0.8359076238950651,85486,-104.7190727296112,3.8815952186994593,7
10765,-124.20665622313835,4.505379811651184,85499,-123.80894152337959,5.566802721935252,23
10766,-129.140493788877,3.971426307249716,85501,-129.1025175244067,1.5488809909733745,1
10767,-123.00912028945736,1.209165506105319,85505,-123.94204162798616,-1.5144507595891967,3
10768,-101.89338786988834,0.0360231677136534,85518,-104.7190727296112,3.8815952186994593,7
10769,-135.00978908249397,-0.01645233640488811,85519,-134.89656831690453,-0.030690791204986433,34
10770,-36.17408808556856,-7.9549157004544995,85535,-29.714479793685786,-1.264748112657314,8
10771,19.394770597923635,-0.12972399494958212,85547,18.937510567705566,1.034768221250525,27
10772,-105.37854944322747,8.565087699333265,85552,-104.7190727296112,3.8815952186994593,7
10773,-102.85759929003007,-0.7503105654186945,85554,-104.7190727296112,3.8815952186994593,7
10774,-154.31685044513037,6.376125091843861,85556,-152.23629829764135,4.213482038439798,37
10775,445.04992826602336,-9.218680382300109,85565,417.6915390220547,-4.11857226961515,29
10776,-68.1606536846164,5.433560842235803,85580,-66.8889597803445,2.169628081691683,14
10777,-116.38220050856812,-7.298016722424376,85584,-115.69510858146283,-11.595084171039186,39
10778,-118.99050427782892,0.35330095155230484,85591,-118.09857507912784,0.7103841694799473,11
10779,-34.54403663826193,-2.373299773127105,85604,-29.714479793685786,-1.264748112657314,8
10780,-145.1626376023821,3.190604172198271,85610,-146.59606179012786,4.113086925586259,4
10781,-109.15202441186656,4.567538224577195,85625,-104.7190727296112,3.8815952186994593,7
10782,161.28721350111505,6.663956121340486,85632,172.66355239880147,-2.7112682595768685,38
10783,-95.28240563648782,7.644746666439532,85636,-96.6939343764425,2.7165835152131033,15
10784,-153.2050949562399,3.972997668613192,85642,-152.23629829764135,4.213482038439798,37
10785,245.15033570440812,-3.1375304539753794,85648,227.03647807555316,-5.020718083634986,26
10786,-133.86758148376984,-2.5974668381884896,85660,-134.89656831690453,-0.030690791204986433,34
10787,32.68551409572844,-3.1972775999631713,85669,18.937510567705566,1.034768221250525,27
10788,-95.04243632183554,3.4317602104372567,85682,-96.6939343764425,2.7165835152131033,15
10789,-80.56571287707067,-4.208825240946213,85695,-77.6204452281073,-4.536559244831727,5
10790,-97.85967976297393,0.39720126295563574,85708,-96.6939343764425,2.7165835152131033,15
10791,-124.9897353200018,0.7326118773663503,85709,-123.94204162798616,-1.5144507595891967,3
10792,-104.28814854942422,7.629688850057511,85727,-104.7190727296112,3.8815952186994593,7
10793,-81.63352184453221,-16.962826500360098,85730,-77.6204452281073,-4.536559244831727,5
10794,21.765001900016955,-19.33988605494939,85743,28.39696760572947,-22.91072472808294,12
10795,-97.44889982583739,10.241898668920074,85744,-96.6939343764425,2.7165835152131033,15
10796,-57.05414905412292,3.8042830775122796,85755,-49.93530245157272,-0.19848027172185767,2
10797,232.2977708393302,9.169267808761855,85757,227.03647807555316,-5.020718083634986,26
10798,-46.11843876484479,5.420535212362818,85769,-49.93530245157272,-0.19848027172185767,2
10799,-50.07715007335679,5.962782407265397,85770,-49.93530245157272,-0.19848027172185767,2
10800,62.11201312872458,5.236073891729869,85780,47.997068783449585,1.2679199422360634,13
10801,-105.91192991262542,1.4049565172109955,85781,-104.7190727296112,3.8815952186994593,7
10802,-117.2515574457116,6.08042773941308,85785,-114.33047638704419,5.73481138949136,19
10803,-47.66671218759102,-0.4226625981164759,85795,-49.93530245157272,-0.19848027172185767,2
10804,257.0899305125727,-1.608583258206054,85804,227.03647807555316,-5.020718083634986,26
10805,-141.85145587812153,-3.08755736634015,85814,-141.0346653257256,-1.1036168920026446,0
10806,-89.90553963416865,1.5324547665738555,85828,-85.91178621041317,3.2728237667350073,24
10807,289.852527334593,3.1222037352007916,85836,302.44973475302317,-5.405747081354008,25
10808,-64.5797964753045,-3.635618284426393,85837,-66.8889597803445,2.169628081691683,14
10809,-121.03849103786172,1.3458778010989088,85838,-118.09857507912784,0.7103841694799473,11
10810,19.633294720346264,11.948194501124599,85849,18.937510567705566,1.034768221250525,27
10811,-33.0678853036351,4.508679154109237,85863,-29.714479793685786,-1.264748112657314,8
10812,-150.94940033210935,0.44095387031158045,85867,-148.09620948762597,-1.1157003398540595,36
10813,142.10709572551556,9.26452297705576,85872,135.4076551174278,-1.697351881935795,33
10814,-61.8491091732768,1.2712416403222195,85880,-66.8889597803445,2.169628081691683,14
10815,-49.352308498434105,-5.281149103525316,85891,-49.93530245157272,-0.19848027172185767,2
10816,-123.26515774619006,6.288805019445478,85892,-123.80894152337959,5.566802721935252,23
10817,-63.143549434898546,-9.583634659734397,85893,-66.8889597803445,2.169628081691683,14
10818,7.81293603923508,9.359291840425547,85900,18.937510567705566,1.034768221250525,27
10819,-109.81119013826567,-0.8565352653559476,85906,-109.71624596876933,-1.0040630408538558,16
10820,-86.66124957964091,-1.7031611208913873,85913,-85.91178621041317,3.2728237667350073,24
10821,-103.59283175180774,-19.24620650856719,85922,-95.36861679384212,-10.95784818293233,28
10822,-68.85081260410544,1.209407241278058,85930,-66.8889597803445,2.169628081691683,14
10823,14.236707719241515,2.749806118546654,85943,18.937510567705566,1.034768221250525,27
10824,-12.705679936416406,-13.70999358403757,85974,-6.878718007946434,-1.0926682779646681,10
10825,-120.3269324938793,-9.613328589530584,85983,-115.69510858146283,-11.595084171039186,39
10826,-124.00015046213733,-0.04646680614614975,85994,-123.94204162798616,-1.5144507595891967,3
10827,21.00302377749656,-8.282647668608256,86004,18.937510567705566,1.034768221250525,27
10828,58.23379947317163,3.5360431963901418,86005,47.997068783449585,1.2679199422360634,13
10829,580.1238042095408,23.451975314901958,86012,586.0312761189704,-1.722944617346204,30
10830,-29.240726858673995,8.37693826932372,86016,-29.714479793685786,-1.264748112657314,8
10831,122.06844354149888,9.26714009544994,86018,135.4076551174278,-1.697351881935795,33
10832,59.763651380613474,-3.4279982894236896,86028,47.997068783449585,1.2679199422360634,13
10833,-132.28079868154214,5.952339036773583,86046,-132.1080396739421,5.887059356646324,17
10834,-130.94875939776335,0.7664316232185859,86051,-129.1025175244067,1.5488809909733745,1
10835,-96.9722778028805,2.879861020954438,86054,-96.6939343764425,2.7165835152131033,15
10836,-115.37143143362051,8.227566703490453,86064,-114.33047638704419,5.73481138949136,19
10837,-53.35164617601093,-6.395236127603242,86066,-49.93530245157272,-0.19848027172185767,2
10838,-122.26023288320528,-9.555933260199463,86068,-115.69510858146283,-11.595084171039186,39
10839,67.9897193432007,-35.64364264762199,86076,70.166569844569,-14.692630117552799,9
10840,-104.10246103636825,3.5588409283115965,86080,-104.7190727296112,3.8815952186994593,7
10841,-68.18840178691555,6.548280259116859,86108,-66.8889597803445,2.169628081691683,14
10842,-126.9952591403232,2.375416507820795,86132,-129.1025175244067,1.5488809909733745,1
10843,-130.18195020300823,4.3477494241756505,86137,-132.1080396739421,5.887059356646324,17
10844,-29.118697290533824,5.692600261017173,86140,-29.714479793685786,-1.264748112657314,8
10845,567.9457371131864,10.883787958397889,86142,586.0312761189704,-1.722944617346204,30
10846,-130.7203142952123,-3.7233493852742376,86143,-130.75996572568545,-6.6137591708523855,18
10847,60.33509324977118,1.87692151460925,86157,47.997068783449585,1.2679199422360634,13
10848,-127.06575931008935,2.882660117039763,86159,-129.1025175244067,1.5488809909733745,1
10849,205.90245961188882,-0.9289890466442452,86174,227.03647807555316,-5.020718083634986,26
10850,-31.302767054450715,10.205698968488411,86183,-29.714479793685786,-1.264748112657314,8
10851,-118.87396130521212,0.3583731209740648,86202,-118.09857507912784,0.7103841694799473,11
10852,-128.3365131088231,7.252253017954606,86204,-132.1080396739421,5.887059356646324,17
10853,-115.870928387626,-1.6875143291846242,86210,-118.09857507912784,0.7103841694799473,11
10854,-83.81175779929117,1.1235337723037429,86211,-85.91178621041317,3.2728237667350073,24
10855,-54.53323070132745,12.808585765791744,86213,-49.93530245157272,-0.19848027172185767,2
10856,-121.66072799543795,-2.8200865371871084,86216,-123.94204162798616,-1.5144507595891967,3
10857,307.1041065927803,-28.99627306109291,86219,302.44973475302317,-5.405747081354008,25
10858,-35.150942915298295,7.842991945757143,86223,-29.714479793685786,-1.264748112657314,8
10859,-106.97017630987413,1.6491579197531003,86229,-104.7190727296112,3.8815952186994593,7
10860,28.238014058120598,2.9512352470090355,86239,18.937510567705566,1.034768221250525,27
10861,124.08085388352141,-20.944616611787037,86240,110.19899446847099,-35.665903512662624,21
10862,26.725145644055345,-4.66455957247516,86244,18.937510567705566,1.034768221250525,27
10863,-84.14287274259264,3.7519562166469536,86249,-85.91178621041317,3.2728237667350073,24
10864,523.3310142615215,18.467031125488973,86257,586.0312761189704,-1.722944617346204,30
10865,-106.9580696102799,0.3533884588923559,86266,-109.71624596876933,-1.0040630408538558,16
10866,-88.95738746013544,1.1560639758446196,86275,-85.91178621041317,3.2728237667350073,24
10867,66.00882104940035,-21.88293164025199,86288,70.166569844569,-14.692630117552799,9
10868,-138.35387637567845,7.474024245615107,86299,-137.57400940459857,4.493303950559668,20
10869,-100.44212782763537,10.02358819229864,86315,-104.7190727296112,3.8815952186994593,7
10870,-92.77294154422563,-1.9285983149209571,86318,-96.6939343764425,2.7165835152131033,15
10871,-139.00597302135787,-0.1703013997561197,86325,-141.0346653257256,-1.1036168920026446,0
10872,52.18547576932906,3.9969372665983895,86335,47.997068783449585,1.2679199422360634,13
10873,-131.99449165112424,-0.2909682655633131,86352,-134.89656831690453,-0.030690791204986433,34
10874,-139.73393550107374,-4.079799714624611,86356,-141.0346653257256,-1.1036168920026446,0
10875,207.53194770442835,4.138995208787034,86358,227.03647807555316,-5.020718083634986,26
10876,89.87147361883974,9.448046659011421,86365,78.01149217232324,3.6022338347977136,6
10877,96.87097688949443,11.635454820715031,86366,104.96211155305676,-0.5414592591613776,31
10878,-115.28809503777272,6.413853613574195,86369,-114.33047638704419,5.73481138949136,19
10879,-120.07020480794945,2.587072716933928,86371,-118.09857507912784,0.7103841694799473,11
10880,433.94452967199015,-22.33727603294363,86382,417.6915390220547,-4.11857226961515,29
10881,-57.51971581638434,12.464155856212642,86389,-66.8889597803445,2.169628081691683,14
10882,-94.25991325309556,7.165551427942735,86397,-96.6939343764425,2.7165835152131033,15
10883,-111.0053750664065,2.3478834742070895,86401,-109.71624596876933,-1.0040630408538558,16
10884,-58.94380713992663,3.4149398202606887,86403,-66.8889597803445,2.169628081691683,14
10885,-131.23082296855878,4.906794202497791,86418,-132.1080396739421,5.887059356646324,17
10886,-140.24289598200414,4.988010832799576,86419,-142.14616351708418,5.245197398204194,22
10887,32.20893082304173,3.642864359616826,86422,18.937510567705566,1.034768221250525,27
10888,103.28370466945401,-38.93829419243872,86425,110.19899446847099,-35.665903512662624,21
10889,-125.83586758370255,-2.1308732820735137,86435,-123.94204162798616,-1.5144507595891967,3
10890,82.39745035675892,2.4089940848291165,86494,78.01149217232324,3.6022338347977136,6
10891,-92.18311448720266,6.055235282853128,86499,-96.6939343764425,2.7165835152131033,15
10892,115.75998853553172,-2.404425487439047,86502,104.96211155305676,-0.5414592591613776,31
10893,-118.10415361102316,3.3535660033985133,86520,-118.09857507912784,0.7103841694799473,11
10894,-138.26427458138218,5.496096218914911,86528,-137.57400940459857,4.493303950559668,20
10895,-107.56699379834616,-5.141531473464883,86530,-109.71624596876933,-1.0040630408538558,16
10896,-66.49241446983521,-4.567274314425793,86534,-66.8889597803445,2.169628081691683,14
10897,217.82910049911305,15.617278188625843,86537,227.03647807555316,-5.020718083634986,26
10898,-124.97482632592228,-0.09990576121337652,86551,-123.94204162798616,-1.5144507595891967,3
10899,-126.31512794336335,7.339203734490161,86554,-123.80894152337959,5.566802721935252,23
10900,-132.94362517856467,-0.41281644293726666,86560,-134.89656831690453,-0.030690791204986433,34
10901,68.49349168033805,-14.137786404942165,86586,70.166569844569,-14.692630117552799,9
10902,17.283772187955574,2.2789992118765836,86588,18.937510567705566,1.034768221250525,27
10903,-44.02009085501896,5.325757003415333,86589,-49.93530245157272,-0.19848027172185767,2
10904,-45.94295545711192,3.5939789922519476,86592,-49.93530245157272,-0.19848027172185767,2
10905,-147.08663839281175,2.495295853509381,86597,-146.59606179012786,4.113086925586259,4
10906,734.5835561004582,-6.807474046204511,86599,861.6475783799328,6.515082937232454,35
10907,-132.0827981362072,1.6188328333434165,86601,-129.1025175244067,1.5488809909733745,1
10908,-130.9953842714388,-0.2666360985010984,86612,-129.1025175244067,1.5488809909733745,1
10909,-95.2271976831024,6.463810416829335,86642,-96.6939343764425,2.7165835152131033,15
10910,306.52466237049225,-20.93654097352124,86645,302.44973475302317,-5.405747081354008,25
10911,52.40890037870693,1.6508768522681116,86671,47.997068783449585,1.2679199422360634,13
10912,-147.28085745887364,5.72758359544753,86676,-146.59606179012786,4.113086925586259,4
10913,-125.29613096337931,6.917715168419441,86693,-123.80894152337959,5.566802721935252,23
10914,229.06212475820843,-2.4810517050828214,86697,227.03647807555316,-5.020718083634986,26
10915,-95.51881422925199,-4.972438704721277,86702,-95.36861679384212,-10.95784818293233,28
10916,-29.93042591558217,3.598890287184035,86704,-29.714479793685786,-1.264748112657314,8
10917,-21.898021039105892,3.5470362839907823,86705,-29.714479793685786,-1.264748112657314,8
10918,-38.233235794449264,7.539469546275546,86709,-29.714479793685786,-1.264748112657314,8
10919,196.96038712658014,-1.8504241630951606,86713,172.66355239880147,-2.7112682595768685,38
10920,-89.13069807573406,4.935052531013387,86724,-85.91178621041317,3.2728237667350073,24
10921,-72.87806635639221,0.19898372392566066,86731,-66.8889597803445,2.169628081691683,14
10922,-123.21613330488816,-10.018879791585992,86744,-115.69510858146283,-11.595084171039186,39
10923,-134.07304218174244,1.39397457714258,86746,-134.89656831690453,-0.030690791204986433,34
10924,-6.26569829446754,9.808958100591695,86758,-6.878718007946434,-1.0926682779646681,10
10925,-90.94175388301379,1.8026948797371396,86759,-85.91178621041317,3.2728237667350073,24
10926,-83.91195103112591,1.26670161144837,86761,-85.91178621041317,3.2728237667350073,24
10927,513.8272917386536,-17.920600272279337,86773,586.0312761189704,-1.722944617346204,30
10928,-100.07043247030478,2.434359209492602,86775,-96.6939343764425,2.7165835152131033,15
10929,234.17992839288155,-18.183074316931254,86785,227.03647807555316,-5.020718083634986,26
10930,-149.01417798020316,1.3875614134232865,86811,-148.09620948762597,-1.1157003398540595,36
10931,-132.08867786793982,3.3048344052921625,86823,-132.1080396739421,5.887059356646324,17
10932,-147.0065388836499,1.2393251017880007,86846,-148.09620948762597,-1.1157003398540595,36
10933,52.836868905480834,10.087398134231208,86857,47.997068783449585,1.2679199422360634,13
10934,-80.00988083866913,3.4653492937181527,86858,-85.91178621041317,3.2728237667350073,24
10935,562.4194323586682,3.9995823626805813,86861,586.0312761189704,-1.722944617346204,30
10936,159.4841810817037,19.621443122587557,86864,172.66355239880147,-2.7112682595768685,38
10937,265.27954280811815,-47.24655767463477,86866,302.44973475302317,-5.405747081354008,25
10938,44.83939522575902,10.41329747858579,86867,47.997068783449585,1.2679199422360634,13
10939,-136.35689469288326,7.561237274756487,86869,-137.57400940459857,4.493303950559668,20
10940,-104.04028508458103,2.719682267524321,86875,-104.7190727296112,3.8815952186994593,7
10941,389.0549538048535,3.428682882779409,86882,417.6915390220547,-4.11857226961515,29
10942,-139.11960616508844,2.3205911818290237,86885,-137.57400940459857,4.493303950559668,20
10943,-92.10054952326647,4.238943397667065,86886,-96.6939343764425,2.7165835152131033,15
10944,-87.79341409050083,-0.8875356536162847,86888,-85.91178621041317,3.2728237667350073,24
10945,-133.89550532827084,0.06259226591890721,86893,-134.89656831690453,-0.030690791204986433,34
10946,165.5789755337182,-26.54551539422537,86896,172.66355239880147,-2.7112682595768685,38
10947,-75.40672013824812,9.693701421840295,86903,-66.8889597803445,2.169628081691683,14
10948,277.33443567765204,-18.797681786284024,86915,302.44973475302317,-5.405747081354008,25
10949,267.4888099007442,-7.097252346421826,86934,302.44973475302317,-5.405747081354008,25
10950,-144.20118717358602,4.541556951763793,86938,-142.14616351708418,5.245197398204194,22
10951,-54.10984465580427,5.609468419079259,86941,-49.93530245157272,-0.19848027172185767,2
10952,-152.0989905000817,2.175520490545136,86949,-152.23629829764135,4.213482038439798,37
10953,-124.0633302853852,2.8897519064260093,86964,-123.80894152337959,5.566802721935252,23
10954,-104.85097664086659,-0.4240506473403943,86972,-104.7190727296112,3.8815952186994593,7
10955,90.8883265867785,-4.615218031095802,86984,104.96211155305676,-0.5414592591613776,31
10956,-126.24066895471462,5.715885459300178,86989,-123.80894152337959,5.566802721935252,23
10957,-138.87477599000448,-1.5067679846536408,86994,-141.0346653257256,-1.1036168920026446,0
10958,-113.26328708987806,6.418295755933108,86996,-114.33047638704419,5.73481138949136,19
10959,558.7352894445929,-29.36247009189148,87000,586.0312761189704,-1.722944617346204,30
10960,-102.46661608726762,-6.238329609897733,87011,-95.36861679384212,-10.95784818293233,28
10961,143.80217914143208,-30.256428671718282,87027,135.4076551174278,-1.697351881935795,33
10962,33.39977204626221,-14.212116069320665,87030,28.39696760572947,-22.91072472808294,12
10963,1334.9102570103685,52.11440388071416,87033,1342.5649032771717,32.04824045393157,32
10964,-12.487896012484805,-3.2296327150332464,87043,-6.878718007946434,-1.0926682779646681,10
10965,26.979189386816497,7.565700645960571,87057,18.937510567705566,1.034768221250525,27
10966,96.75616957111522,12.59569785259873,87066,104.96211155305676,-0.5414592591613776,31
10967,229.35049806775206,7.44787440921859,87073,227.03647807555316,-5.020718083634986,26
10968,-137.0245404646465,2.831212184283701,87082,-137.57400940459857,4.493303950559668,20
10969,-123.04238398963497,2.4480470956168476,87085,-123.80894152337959,5.566802721935252,23
10970,-128.37591780750049,8.126097166446966,87104,-132.1080396739421,5.887059356646324,17
10971,-64.65655592156561,-0.9413522471874047,87128,-66.8889597803445,2.169628081691683,14
10972,143.44121053387227,4.020012543689011,87139,135.4076551174278,-1.697351881935795,33
10973,39.65613695709928,-2.9530147523781034,87151,47.997068783449585,1.2679199422360634,13
10974,638.5180438734089,5.170796474060244,87154,586.0312761189704,-1.722944617346204,30
10975,-16.733269892531958,1.559656367142819,87179,-6.878718007946434,-1.0926682779646681,10
10976,-119.39752814076485,8.74467336135909,87193,-123.80894152337959,5.566802721935252,23
10977,-109.14030387486136,4.815495102108283,87199,-104.7190727296112,3.8815952186994593,7
10978,-141.129180863295,3.5335200332022314,87210,-142.14616351708418,5.245197398204194,22
10979,-93.9296243802678,1.481948544503258,87219,-96.6939343764425,2.7165835152131033,15
10980,-101.72119644938226,-2.705553234899696,87220,-104.7190727296112,3.8815952186994593,7
10981,-83.33833321552773,-6.685394204065751,87236,-77.6204452281073,-4.536559244831727,5
10982,-116.9004459778417,0.9742028677822715,87237,-118.09857507912784,0.7103841694799473,11
10983,396.07843463148794,-11.6955246570131,87240,417.6915390220547,-4.11857226961515,29
10984,-154.11868882577403,2.5496203331743583,87248,-152.23629829764135,4.213482038439798,37
10985,-25.211963378551005,8.30064940606239,87253,-29.714479793685786,-1.264748112657314,8
10986,385.7170879035507,8.210909460714365,87255,417.6915390220547,-4.11857226961515,29
10987,-128.87909788924594,-0.7103014375898697,87280,-129.1025175244067,1.5488809909733745,1
10988,60.13261045936686,5.787875011027963,87281,47.997068783449585,1.2679199422360634,13
10989,-120.2364838829432,5.720835768126241,87290,-123.80894152337959,5.566802721935252,23
10990,295.9478585414277,1.6458816996275536,87311,302.44973475302317,-5.405747081354008,25
10991,220.78555669783344,16.090943387663497,87320,227.03647807555316,-5.020718083634986,26
10992,-127.20778201878525,4.963893550775339,87343,-123.80894152337959,5.566802721935252,23
10993,-96.72790369633897,-2.483020180485364,87346,-96.6939343764425,2.7165835152131033,15
10994,196.3485287892431,-22.003237881595037,87349,172.66355239880147,-2.7112682595768685,38
10995,186.5829835009399,-39.97739930450442,87351,172.66355239880147,-2.7112682595768685,38
10996,-139.3526352458384,7.428079510705275,87362,-137.57400940459857,4.493303950559668,20
10997,-17.052238893929587,4.951171858235719,87367,-6.878718007946434,-1.0926682779646681,10
10998,-103.19024318349877,4.993729643028406,87368,-104.7190727296112,3.8815952186994593,7
10999,-69.87383315659449,0.13664111835135162,87371,-66.8889597803445,2.169628081691683,14
11000,98.66978888048982,-0.7085205908926863,87376,104.96211155305676,-0.5414592591613776,31
11001,288.5518883645529,-21.828702908709875,87378,302.44973475302317,-5.405747081354008,25
11002,-135.01175512275617,0.015029197868505432,87382,-134.89656831690453,-0.030690791204986433,34
11003,-145.02651499571775,0.6889804818854989,87404,-148.09620948762597,-1.1157003398540595,36
11004,-85.19199639012585,5.3095312434099275,87420,-85.91178621041317,3.2728237667350073,24
11005,-114.24872276923065,6.1008746639133955,87422,-114.33047638704419,5.73481138949136,19
11006,-123.32214563838777,7.541283714795014,87430,-123.80894152337959,5.566802721935252,23
11007,-136.36159120801918,7.68257753401746,87433,-137.57400940459857,4.493303950559668,20
11008,-115.06436690285813,3.042754073074904,87469,-114.33047638704419,5.73481138949136,19
11009,146.00469581816478,10.56260083916945,87482,135.4076551174278,-1.697351881935795,33
11010,312.95730989690844,-12.498301195149601,87495,302.44973475302317,-5.405747081354008,25
11011,-27.712541346202247,-0.10553653412788538,87501,-29.714479793685786,-1.264748112657314,8
11012,-57.99375652318486,2.976261428160353,87519,-49.93530245157272,-0.19848027172185767,2
11013,-111.75123548829349,-2.7273993969208403,87529,-109.71624596876933,-1.0040630408538558,16
11014,-111.23788238616459,5.884848357917343,87536,-114.33047638704419,5.73481138949136,19
11015,56.66235393110081,13.464837942028819,87544,47.997068783449585,1.2679199422360634,13
11016,53.004134634522465,-7.259213695896955,87549,47.997068783449585,1.2679199422360634,13
11017,142.63211532949597,0.33850468501973524,87561,135.4076551174278,-1.697351881935795,33
11018,-119.410935282721,-8.258461770180526,87566,-115.69510858146283,-11.595084171039186,39
11019,-124.38777575570803,8.4586755097134,87574,-123.80894152337959,5.566802721935252,23
11020,-98.92219993442045,0.7198141681630498,87576,-96.6939343764425,2.7165835152131033,15
11021,-120.17902874203855,4.4642060357569395,87577,-123.80894152337959,5.566802721935252,23
11022,-96.12572045900824,4.203853180815167,87586,-96.6939343764425,2.7165835152131033,15
11023,-125.36042849239796,7.8487883471442155,87603,-123.80894152337959,5.566802721935252,23
11024,-48.169654302250876,4.953149250512632,87608,-49.93530245157272,-0.19848027172185767,2
11025,400.08402650790896,2.9783559300569813,87618,417.6915390220547,-4.11857226961515,29
11026,-31.481519443878792,-3.1863942663420053,87635,-29.714479793685786,-1.264748112657314,8
11027,-138.01117604948723,-0.04290743634718306,87642,-134.89656831690453,-0.030690791204986433,34
11028,-78.03237392040968,4.021037611373334,87650,-85.91178621041317,3.2728237667350073,24
11029,-142.146430797464,4.400762371140119,87655,-142.14616351708418,5.245197398204194,22
11030,-0.8388578961438891,3.1020394811049865,87665,-6.878718007946434,-1.0926682779646681,10
11031,3.9188258383244015,-8.277126562852828,87677,-6.878718007946434,-1.0926682779646681,10
11032,-133.25603994688228,5.92182137701131,87682,-132.1080396739421,5.887059356646324,17
11033,-149.19757946455394,3.835014266365775,87691,-146.59606179012786,4.113086925586259,4
11034,-78.12904513067667,3.558883726513989,87695,-85.91178621041317,3.2728237667350073,24
11035,-99.99885338516847,2.4010752555826533,87708,-96.6939343764425,2.7165835152131033,15
11036,-115.4101192558607,9.089262402307268,87714,-114.33047638704419,5.73481138949136,19
11037,-134.25861954799106,5.461602904750399,87720,-132.1080396739421,5.887059356646324,17
11038,-64.13908926980646,6.067963958675577,87732,-66.8889597803445,2.169628081691683,14
11039,156.46607814846104,-10.522739256293557,87735,172.66355239880147,-2.7112682595768685,38
11040,-19.212881018080164,-21.53344451508469,87741,-29.714479793685786,-1.264748112657314,8
11041,188.2688612179003,-6.688811552536793,87749,172.66355239880147,-2.7112682595768685,38
11042,-147.10213328256117,1.816048340756593,87753,-146.59606179012786,4.113086925586259,4
11043,77.51266171146679,-13.892472390609612,87754,70.166569844569,-14.692630117552799,9
11044,-152.32116931632373,6.5265966782664435,87760,-152.23629829764135,4.213482038439798,37
11045,-91.10183397931371,-10.960701090040072,87761,-95.36861679384212,-10.95784818293233,28
11046,-138.05812778186697,2.5516077435210107,87763,-137.57400940459857,4.493303950559668,20
11047,-112.0106195936832,1.9458670248740664,87771,-109.71624596876933,-1.0040630408538558,16
11048,515.6738061287726,27.59953364926701,87776,586.0312761189704,-1.722944617346204,30
11049,-112.24288295932102,6.0017567608102675,87781,-114.33047638704419,5.73481138949136,19
11050,-116.66367427380881,-3.6849001229237923,87803,-118.09857507912784,0.7103841694799473,11
11051,-127.26972926588098,6.3276765397287065,87804,-123.80894152337959,5.566802721935252,23
11052,-43.96872929579535,-25.761480636066246,87816,-49.93530245157272,-0.19848027172185767,2
11053,-111.50229848063321,-6.630726217825681,87820,-109.71624596876933,-1.0040630408538558,16
11054,88.14916737198563,6.4049035846736055,87870,78.01149217232324,3.6022338347977136,6
11055,-0.46100001741733176,-2.0803666093570974,87874,-6.878718007946434,-1.0926682779646681,10
11056,310.17435163801133,-1.024541665886204,87875,302.44973475302317,-5.405747081354008,25
11057,-12.343812995322207,-4.341148750896098,87890,-6.878718007946434,-1.0926682779646681,10
11058,-111.15019135950016,5.516317938906733,87893,-114.33047638704419,5.73481138949136,19
11059,-145.24550141202516,4.970728345026927,87899,-146.59606179012786,4.113086925586259,4
11060,428.2805829713897,1.7070368845567434,87901,417.6915390220547,-4.11857226961515,29
11061,152.75185887011602,-0.06068725828588537,87904,135.4076551174278,-1.697351881935795,33
11062,-47.307221409771785,-5.733165874481174,87907,-49.93530245157272,-0.19848027172185767,2
11063,-113.40086986716985,-6.335267729785134,87910,-115.69510858146283,-11.595084171039186,39
11064,494.25804783273105,-10.392385736599472,87911,417.6915390220547,-4.11857226961515,29
11065,41.24537980182727,2.993615761266086,87912,47.997068783449585,1.2679199422360634,13
11066,-45.4528921135456,-4.03441014214281,87916,-49.93530245157272,-0.19848027172185767,2
11067,-101.9337607069442,0.9300732985770205,87921,-104.7190727296112,3.8815952186994593,7
11068,-39.52758483221467,-3.3316876759175975,87928,-29.714479793685786,-1.264748112657314,8
11069,-65.78297492645379,0.27079132767168446,87934,-66.8889597803445,2.169628081691683,14
11070,203.45538836284246,5.749725837242814,87939,227.03647807555316,-5.020718083634986,26
11071,-12.70616957029322,1.0368234680490351,87943,-6.878718007946434,-1.0926682779646681,10
11072,118.46857836649278,-26.46372183772939,87944,110.19899446847099,-35.665903512662624,21
11073,-76.74059708437785,-1.3422639966295014,87954,-77.6204452281073,-4.536559244831727,5
11074,-75.97309813139742,1.7366079908627052,87966,-77.6204452281073,-4.536559244831727,5
11075,-125.32635993698881,7.080725100442202,87967,-123.80894152337959,5.566802721935252,23
11076,-71.9775917657436,2.3923428801966446,87972,-66.8889597803445,2.169628081691683,14
11077,49.48738744100254,-0.11542389382740613,87975,47.997068783449585,1.2679199422360634,13
11078,-124.99735618503598,2.431140586521906,87977,-123.80894152337959,5.566802721935252,23
11079,-78.2131553125481,-8.302480035267866,87980,-77.6204452281073,-4.536559244831727,5
11080,-148.13416793853662,3.0000237656514974,87981,-146.59606179012786,4.113086925586259,4
11081,-120.77993447983647,-1.2224463760019764,87990,-123.94204162798616,-1.5144507595891967,3
11082,-10.557057047986348,-1.6796754993216507,87992,-6.878718007946434,-1.0926682779646681,10
11083,-25.395182386830292,-18.672238977667888,88002,-29.714479793685786,-1.264748112657314,8
11084,-133.77302864877916,-1.5952118569604612,88004,-134.89656831690453,-0.030690791204986433,34
11085,241.41047250415772,-64.21806414087038,88008,227.03647807555316,-5.020718083634986,26
11086,-112.13281109051601,4.091465100061236,88012,-114.33047638704419,5.73481138949136,19
11087,-132.96865497974912,-0.9011041136209473,88015,-134.89656831690453,-0.030690791204986433,34
11088,-100.60911865518801,-5.139867677742698,88017,-95.36861679384212,-10.95784818293233,28
11089,329.5327238494557,-34.42305731876502,88027,302.44973475302317,-5.405747081354008,25
11090,-96.98645907415423,2.677266970965811,88028,-96.6939343764425,2.7165835152131033,15
11091,-134.93490093664872,0.3872194758008379,88030,-134.89656831690453,-0.030690791204986433,34
11092,-46.26990064977527,8.72900181282181,88032,-49.93530245157272,-0.19848027172185767,2
11093,-96.13720221866191,3.954794605573825,88034,-96.6939343764425,2.7165835152131033,15
11094,-142.9511867907396,-0.9090693763219637,88038,-141.0346653257256,-1.1036168920026446,0
11095,-75.93293138462568,2.8940445048256382,88041,-77.6204452281073,-4.536559244831727,5
11096,-25.323554582091493,10.25878805541816,88048,-29.714479793685786,-1.264748112657314,8
11097,-106.21681140815784,5.497659496810442,88056,-104.7190727296112,3.8815952186994593,7
11098,-102.61023532668604,-4.128587640864481,88058,-109.71624596876933,-1.0040630408538558,16
11099,-28.987643358514738,-10.372495544338701,88062,-29.714479793685786,-1.264748112657314,8
11100,-100.26154806128366,-8.126327800773439,88067,-95.36861679384212,-10.95784818293233,28
11101,-121.13885073473834,4.079268372094509,88068,-123.80894152337959,5.566802721935252,23
11102,-105.04698681066664,3.3581293533222647,88070,-104.7190727296112,3.8815952186994593,7
11103,356.10054804341934,1.3658815198439127,88071,302.44973475302317,-5.405747081354008,25
11104,-129.96891970457926,-0.29699614225172954,88076,-129.1025175244067,1.5488809909733745,1
11105,-119.33448833117755,-7.872924487715097,88087,-115.69510858146283,-11.595084171039186,39
11106,-57.51211210011167,-3.4636731234975455,88093,-49.93530245157272,-0.19848027172185767,2
11107,-114.89816957227059,-14.285924543679881,88098,-115.69510858146283,-11.595084171039186,39
11108,-104.96385199102066,-0.006661733964583236,88117,-104.7190727296112,3.8815952186994593,7
11109,644.4230078278,6.830358320342074,88131,586.0312761189704,-1.722944617346204,30
11110,-130.0431630431574,1.3181822160896224,88133,-129.1025175244067,1.5488809909733745,1
11111,2.694925391373059,-4.416039176095952,88142,-6.878718007946434,-1.0926682779646681,10
11112,52.23934745780435,-11.404641027072609,88153,47.997068783449585,1.2679199422360634,13
11113,-68.18588970656137,6.489624570033164,88155,-66.8889597803445,2.169628081691683,14
11114,9.052959856594208,4.60851327359952,88161,18.937510567705566,1.034768221250525,27
11115,12.008035891857377,6.69009993199295,88165,18.937510567705566,1.034768221250525,27
11116,30.6710975803276,-2.9144777123795422,88200,18.937510567705566,1.034768221250525,27
11117,-143.9670323848323,-0.5835746179455686,88213,-141.0346653257256,-1.1036168920026446,0
11118,-117.10007388882276,2.2657284203979544,88222,-118.09857507912784,0.7103841694799473,11
11119,-138.01369997305616,2.0727524098602217,88224,-137.57400940459857,4.493303950559668,20
11120,-127.20772405863485,4.452780942984435,88229,-129.1025175244067,1.5488809909733745,1
11121,371.0377652499327,2.9920975656356545,88239,417.6915390220547,-4.11857226961515,29
11122,-81.90990665824499,0.7301947006500417,88245,-85.91178621041317,3.2728237667350073,24
11123,-150.18532649323427,3.579665978442922,88252,-152.23629829764135,4.213482038439798,37
11124,-93.7896517058052,-2.0903311389286623,88253,-96.6939343764425,2.7165835152131033,15
11125,-130.37177691662242,7.990980804455535,88255,-132.1080396739421,5.887059356646324,17
11126,107.33377424887524,-11.017717851354266,88265,104.96211155305676,-0.5414592591613776,31
11127,-45.752785044743334,-0.5528154497582164,88280,-49.93530245157272,-0.19848027172185767,2
11128,-21.87825181588965,3.6161866193497993,88287,-29.714479793685786,-1.264748112657314,8
11129,363.4896407924212,10.76674300738646,88288,417.6915390220547,-4.11857226961515,29
11130,62.803298504336105,9.450614940075047,88292,78.01149217232324,3.6022338347977136,6
11131,-61.02511676201707,-10.594375294488067,88312,-66.8889597803445,2.169628081691683,14
11132,-85.2452821577247,6.497188567471357,88320,-85.91178621041317,3.2728237667350073,24
11133,1514.5744478742072,48.785031035685996,88322,1342.5649032771717,32.04824045393157,32
11134,-85.01893956261708,2.034070667678705,88326,-85.91178621041317,3.2728237667350073,24
11135,33.56296626255542,-1.5186857179061621,88334,47.997068783449585,1.2679199422360634,13
11136,57.14644796169018,5.9576736142994635,88336,47.997068783449585,1.2679199422360634,13
11137,399.8634855157453,6.267461821865351,88344,417.6915390220547,-4.11857226961515,29
11138,103.00081217309163,8.392334214726986,88349,104.96211155305676,-0.5414592591613776,31
11139,-120.25142526501556,5.52606825628192,88356,-123.80894152337959,5.566802721935252,23
11140,-135.18205230917943,3.7633384509527725,88357,-137.57400940459857,4.493303950559668,20
11141,26.403406160400504,-13.90533388813811,88360,28.39696760572947,-22.91072472808294,12
11142,-126.31490465680066,7.332310993115519,88367,-123.80894152337959,5.566802721935252,23
11143,-60.92053792611667,1.3092086703413985,88377,-66.8889597803445,2.169628081691683,14
11144,-118.0138418308026,0.8514880727162587,88390,-118.09857507912784,0.7103841694799473,11
11145,-82.8714831372593,1.4249062373561379,88397,-85.91178621041317,3.2728237667350073,24
11146,-145.83656192591076,-3.495793798874664,88400,-148.09620948762597,-1.1157003398540595,36
11147,-126.35862216443248,7.765966363174638,88407,-123.80894152337959,5.566802721935252,23
11148,35.10477991696437,4.9575175821629225,88417,47.997068783449585,1.2679199422360634,13
11149,179.17070743400785,8.49642196457177,88426,172.66355239880147,-2.7112682595768685,38
11150,-138.2405400650286,4.971682117742149,88427,-137.57400940459857,4.493303950559668,20
11151,-78.71469285078085,-15.654891875105958,88434,-77.6204452281073,-4.536559244831727,5
11152,190.92531556848502,-16.41483049285013,88436,172.66355239880147,-2.7112682595768685,38
11153,-132.09789819923384,3.507938545134169,88459,-132.1080396739421,5.887059356646324,17
11154,-43.51005652269418,-3.26751772867958,88481,-49.93530245157272,-0.19848027172185767,2
11155,243.54467083053316,-66.09520921670996,88491,227.03647807555316,-5.020718083634986,26
11156,-60.91075002159611,2.647017334469958,88501,-66.8889597803445,2.169628081691683,14
11157,-97.95308733775994,0.9104753024233706,88507,-96.6939343764425,2.7165835152131033,15
11158,-117.07180069570592,1.642859745031483,88509,-118.09857507912784,0.7103841694799473,11
11159,-99.62417206646614,-3.2543311920031956,88510,-96.6939343764425,2.7165835152131033,15
11160,47.64110743784233,12.75628755317194,88516,47.997068783449585,1.2679199422360634,13
11161,-117.07380425397216,3.749511542281638,88524,-118.09857507912784,0.7103841694799473,11
11162,13.848009843056428,-6.557611746724761,88528,18.937510567705566,1.034768221250525,27
11163,-145.06879822939524,1.6140234684232329,88540,-146.59606179012786,4.113086925586259,4
11164,-108.30536424503386,7.408564010698892,88542,-104.7190727296112,3.8815952186994593,7
11165,22.313179505777516,1.710384646611147,88543,18.937510567705566,1.034768221250525,27
11166,-68.53098135427456,-3.752331653233016,88550,-66.8889597803445,2.169628081691683,14
11167,-82.83266284742402,1.0876691792748605,88556,-85.91178621041317,3.2728237667350073,24
11168,350.807224882956,5.653649715651454,88558,302.44973475302317,-5.405747081354008,25
11169,-95.21882454519545,5.727100426160909,88561,-96.6939343764425,2.7165835152131033,15
11170,-102.75488448956364,-1.4675694779948811,88563,-104.7190727296112,3.8815952186994593,7
11171,-129.976869958165,-0.15681610515606054,88565,-129.1025175244067,1.5488809909733745,1
11172,-127.1658890110063,5.070497979600822,88576,-123.80894152337959,5.566802721935252,23
11173,-115.0647917469817,3.593366265198494,88579,-114.33047638704419,5.73481138949136,19
11174,-74.46213715599401,-19.57263621456217,88590,-77.6204452281073,-4.536559244831727,5
11175,-113.9145471769103,1.8441366951439242,88593,-114.33047638704419,5.73481138949136,19
11176,-13.677566189126221,0.9064815774160133,88594,-6.878718007946434,-1.0926682779646681,10
11177,-83.94909575157996,2.601847252993659,88599,-85.91178621041317,3.2728237667350073,24
11178,-12.130667033696033,7.266007155763822,88623,-6.878718007946434,-1.0926682779646681,10
11179,2.879549880095607,-7.953169731100446,88634,-6.878718007946434,-1.0926682779646681,10
11180,-48.89599833393029,2.0209933255015256,88643,-49.93530245157272,-0.19848027172185767,2
11181,-71.94968679171282,2.805750784090594,88647,-66.8889597803445,2.169628081691683,14
11182,-91.19604510068126,6.849189198055055,88650,-85.91178621041317,3.2728237667350073,24
11183,524.0043755405876,23.077631519051987,88662,586.0312761189704,-1.722944617346204,30
11184,-77.5429701701537,-3.1173296892262523,88664,-77.6204452281073,-4.536559244831727,5
11185,-151.04071316145632,1.402274852911899,88667,-152.23629829764135,4.213482038439798,37
11186,121.98733976270444,10.526075766032356,88673,135.4076551174278,-1.697351881935795,33
11187,192.0827151479284,-3.573773247216558,88674,172.66355239880147,-2.7112682595768685,38
11188,-85.25956867092656,6.803198560389488,88676,-85.91178621041317,3.2728237667350073,24
11189,210.73771565202,-12.98443982532911,88684,227.03647807555316,-5.020718083634986,26
11190,-93.47916892529501,-4.779366616966083,88699,-95.36861679384212,-10.95784818293233,28
11191,-115.85601672438015,-1.5244585691522645,88702,-118.09857507912784,0.7103841694799473,11
11192,-78.90337305406905,-13.573829692554213,88703,-77.6204452281073,-4.536559244831727,5
11193,40.25381327737097,2.8025747522263202,88717,47.997068783449585,1.2679199422360634,13
11194,-34.73452720660298,-14.474870515697088,88718,-29.714479793685786,-1.264748112657314,8
11195,-127.15765219681724,3.8682103714816236,88721,-129.1025175244067,1.5488809909733745,1
11196,366.530042357178,-4.286287399836783,88725,417.6915390220547,-4.11857226961515,29
11197,-106.04122999327778,2.703579208529927,88727,-104.7190727296112,3.8815952186994593,7
11198,-140.34789070960036,7.295876529876846,88728,-142.14616351708418,5.245197398204194,22
11199,-69.51334120418177,-4.1479587284154915,88743,-66.8889597803445,2.169628081691683,14
11200,-128.69349527525424,-3.761363234909842,88785,-130.75996572568545,-6.6137591708523855,18
11201,-101.94053537895067,1.5707530191615051,88786,-104.7190727296112,3.8815952186994593,7
11202,-34.06749395287605,6.023741324851362,88788,-29.714479793685786,-1.264748112657314,8
11203,-86.39017483210672,9.125291762853001,88789,-85.91178621041317,3.2728237667350073,24
11204,-73.65758854040048,-2.0779668137555367,88805,-77.6204452281073,-4.536559244831727,5
11205,-126.90830865033678,-0.05421696987610676,88810,-129.1025175244067,1.5488809909733745,1
11206,-147.26687036658512,5.404077045556811,88814,-146.59606179012786,4.113086925586259,4
11207,-64.09823495578573,4.135148629764673,88818,-66.8889597803445,2.169628081691683,14
11208,-17.64601512403011,-0.360472526675955,88832,-6.878718007946434,-1.0926682779646681,10
11209,-93.2031985486571,6.46762443789077,88852,-96.6939343764425,2.7165835152131033,15
11210,-135.00114223716977,0.816636608967059,88858,-134.89656831690453,-0.030690791204986433,34
11211,-78.82899519012655,0.06018830696335206,88860,-77.6204452281073,-4.536559244831727,5
11212,-141.61412054286163,-4.703405797545974,88865,-141.0346653257256,-1.1036168920026446,0
11213,-72.71491270831645,-0.8142956304149194,88880,-77.6204452281073,-4.536559244831727,5
11214,138.3503827874959,4.912249430744437,88881,135.4076551174278,-1.697351881935795,33
11215,-138.17396788547003,3.521813038613919,88885,-137.57400940459857,4.493303950559668,20
11216,-141.27890695691315,6.27026940635558,88889,-142.14616351708418,5.245197398204194,22
11217,132.35884875135153,5.137732590069953,88895,135.4076551174278,-1.697351881935795,33
11218,-83.3656739521391,-7.094069969177757,88899,-77.6204452281073,-4.536559244831727,5
11219,-114.16129849553575,4.679721261210806,88931,-114.33047638704419,5.73481138949136,19
11220,-82.88838595360161,1.2702620888006342,88935,-85.91178621041317,3.2728237667350073,24
11221,-98.11693769402956,-10.750080582948284,88960,-95.36861679384212,-10.95784818293233,28
11222,154.227608077949,7.85110429190551,88967,135.4076551174278,-1.697351881935795,33
11223,-102.84100649859936,-0.09549870400947438,88973,-104.7190727296112,3.8815952186994593,7
11224,-107.74064302230767,-2.3733463722594577,88974,-109.71624596876933,-1.0040630408538558,16
11225,-125.04766536107674,0.9774553262922085,88982,-123.94204162798616,-1.5144507595891967,3
11226,-141.10007205426137,1.8665256391414822,88984,-141.0346653257256,-1.1036168920026446,0
11227,105.25789502610455,-9.387122797607526,88990,104.96211155305676,-0.5414592591613776,31
11228,-117.11195983054331,3.5557638249546453,88998,-118.09857507912784,0.7103841694799473,11
11229,63.39143402484859,1.7135708886876464,89006,78.01149217232324,3.6022338347977136,6
11230,-47.03886292143151,4.665704335469564,89009,-49.93530245157272,-0.19848027172185767,2
11231,-0.23732510973524615,8.77588745758755,89010,-6.878718007946434,-1.0926682779646681,10
11232,115.996636985271,-34.481290290234874,89021,110.19899446847099,-35.665903512662624,21
11233,-35.46878569786223,12.237987704781066,89034,-29.714479793685786,-1.264748112657314,8
11234,-98.2316996744159,5.971577462771736,89036,-96.6939343764425,2.7165835152131033,15
11235,-82.9353958146311,1.2988013122743887,89038,-85.91178621041317,3.2728237667350073,24
11236,-43.70495178662955,-1.0443473902505,89051,-49.93530245157272,-0.19848027172185767,2
11237,-94.31775902307163,-7.308985094686363,89053,-95.36861679384212,-10.95784818293233,28
11238,-136.2879126060545,6.07213805476543,89054,-137.57400940459857,4.493303950559668,20
11239,-53.61513360664992,-1.656476304249785,89070,-49.93530245157272,-0.19848027172185767,2
11240,96.39109557737032,2.285364092535022,89075,104.96211155305676,-0.5414592591613776,31
11241,-128.2172524099115,5.681815521626551,89086,-132.1080396739421,5.887059356646324,17
11242,44.18691990344323,4.33167258120903,89112,47.997068783449585,1.2679199422360634,13
11243,-37.21598479771183,8.19762091137972,89113,-29.714479793685786,-1.264748112657314,8
11244,-115.08507628218757,2.464275254829149,89114,-114.33047638704419,5.73481138949136,19
11245,-27.901251011507277,3.5153761390019094,89115,-29.714479793685786,-1.264748112657314,8
11246,-80.89228191537222,1.907890839671469,89117,-85.91178621041317,3.2728237667350073,24
11247,-92.0996886493117,4.729032069735968,89120,-96.6939343764425,2.7165835152131033,15
11248,-15.41174586319901,-3.9239952561878555,89126,-6.878718007946434,-1.0926682779646681,10
11249,-37.77793670421416,0.6445170842529893,89127,-29.714479793685786,-1.264748112657314,8
11250,-134.05150429029578,2.4405016294730255,89134,-134.89656831690453,-0.030690791204986433,34
11251,-118.26335825207829,6.83384797507429,89168,-114.33047638704419,5.73481138949136,19
11252,-41.092719704973824,4.420112014796065,89183,-49.93530245157272,-0.19848027172185767,2
11253,-127.95983623877726,0.5378277655116432,89185,-129.1025175244067,1.5488809909733745,1
11254,-147.11913320595258,2.6833853087611903,89190,-146.59606179012786,4.113086925586259,4
11255,-122.2441152470379,5.862046247072397,89192,-123.80894152337959,5.566802721935252,23
11256,-110.17134160405512,5.483232135115938,89206,-114.33047638704419,5.73481138949136,19
11257,615.6663318959595,31.495752149950246,89212,586.0312761189704,-1.722944617346204,30
11258,-81.85736766441853,-0.4334954577756463,89219,-85.91178621041317,3.2728237667350073,24
11259,-103.24368059301273,6.682963889137312,89223,-104.7190727296112,3.8815952186994593,7
11260,-56.89605626420593,1.8783296653522918,89227,-49.93530245157272,-0.19848027172185767,2
11261,178.98001101446297,11.661654260665554,89230,172.66355239880147,-2.7112682595768685,38
11262,-61.627380058682085,-1.5165419188637905,89231,-66.8889597803445,2.169628081691683,14
11263,-110.19470325936437,4.956806380733748,89241,-114.33047638704419,5.73481138949136,19
11264,-96.13632036118292,3.941901334361358,89243,-96.6939343764425,2.7165835152131033,15
11265,-48.03322146925867,4.534146075870316,89250,-49.93530245157272,-0.19848027172185767,2
11266,41.027373036150024,6.24700563479123,89258,47.997068783449585,1.2679199422360634,13
11267,382.16305479607604,1.4496110977582364,89261,417.6915390220547,-4.11857226961515,29
11268,-151.91084331794954,-2.459767763949299,89268,-148.09620948762597,-1.1157003398540595,36
11269,45.71029888662758,-3.0044321803110545,89276,47.997068783449585,1.2679199422360634,13
11270,-97.68418205095493,-3.451070817223101,89281,-96.6939343764425,2.7165835152131033,15
11271,-70.00290715103417,3.9987434256840584,89294,-66.8889597803445,2.169628081691683,14
11272,36.16199267596279,4.218395959523867,89298,47.997068783449585,1.2679199422360634,13
11273,289.6832355276074,-23.660451253529814,89307,302.44973475302317,-5.405747081354008,25
11274,-151.1910212753044,4.713260637847762,89329,-152.23629829764135,4.213482038439798,37
11275,-129.16923965492583,4.0929679285033345,89334,-129.1025175244067,1.5488809909733745,1
11276,176.19194978115965,-6.24246942278022,89340,172.66355239880147,-2.7112682595768685,38
11277,-138.35393913859562,7.467850151297322,89355,-137.57400940459857,4.493303950559668,20
11278,-81.05228099812756,3.3604377120232893,89358,-85.91178621041317,3.2728237667350073,24
11279,2.893551081355404,8.014212628954583,89359,-6.878718007946434,-1.0926682779646681,10
11280,418.54109837190913,11.592540483179835,89380,417.6915390220547,-4.11857226961515,29
11281,-91.10869001244122,3.3970579857949863,89389,-85.91178621041317,3.2728237667350073,24
11282,389.2010390024709,0.7412135360497136,89395,417.6915390220547,-4.11857226961515,29
11283,-151.32256552670773,6.559738928331536,89425,-152.23629829764135,4.213482038439798,37
11284,-82.08948741814669,3.1424070971968994,89426,-85.91178621041317,3.2728237667350073,24
11285,90.79542704297843,-3.0943489984495076,89427,104.96211155305676,-0.5414592591613776,31
11286,-88.03475624650454,4.414389842540455,89429,-85.91178621041317,3.2728237667350073,24
11287,669.88455888403,-13.467100625678873,89431,586.0312761189704,-1.722944617346204,30
11288,1137.5129744928731,22.40012098963503,89439,1342.5649032771717,32.04824045393157,32
11289,148.75214447587115,-0.6559008933641469,89440,135.4076551174278,-1.697351881935795,33
11290,-115.15337072711026,3.98735873052147,89444,-114.33047638704419,5.73481138949136,19
11291,-130.30608538466353,7.072052546159811,89448,-132.1080396739421,5.887059356646324,17
11292,69.54977770920082,-14.845394600236261,89467,70.166569844569,-14.692630117552799,9
11293,-117.37155339424754,-8.058320210462492,89473,-115.69510858146283,-11.595084171039186,39
11294,281.96409623419595,15.78191157122106,89487,302.44973475302317,-5.405747081354008,25
11295,-28.07351834113682,6.258759300084151,89488,-29.714479793685786,-1.264748112657314,8
11296,-84.05352096243995,4.361116815223521,89492,-85.91178621041317,3.2728237667350073,24
11297,-81.55742399669535,-3.3879201801666725,89494,-77.6204452281073,-4.536559244831727,5
11298,-107.29454248278518,-8.04741947805776,89496,-109.71624596876933,-1.0040630408538558,16
11299,112.41419343815643,3.05476848246834,89505,104.96211155305676,-0.5414592591613776,31
11300,-31.010611572087075,-10.402137756898867,89528,-29.714479793685786,-1.264748112657314,8
11301,-74.8921270745977,1.4975451906602089,89542,-77.6204452281073,-4.536559244831727,5
11302,-141.96314197299372,0.8972727011081423,89547,-141.0346653257256,-1.1036168920026446,0
11303,-96.14513172708561,5.144018205333218,89561,-96.6939343764425,2.7165835152131033,15
11304,194.1896390505813,9.36568346498747,89570,172.66355239880147,-2.7112682595768685,38
11305,432.9479411666798,-22.423823818752837,89574,417.6915390220547,-4.11857226961515,29
11306,143.30128636533917,5.549685290078771,89576,135.4076551174278,-1.697351881935795,33
11307,383.8409738103579,21.22461156089592,89580,417.6915390220547,-4.11857226961515,29
11308,237.16736545746912,11.079150310156958,89596,227.03647807555316,-5.020718083634986,26
11309,928.5926415505771,14.056587196419041,89602,861.6475783799328,6.515082937232454,35
11310,-42.885693824275315,1.8970517321775096,89607,-49.93530245157272,-0.19848027172185767,2
11311,-121.31451927496019,7.390879715629139,89617,-123.80894152337959,5.566802721935252,23
11312,-26.468560826135224,-3.374430420642848,89622,-29.714479793685786,-1.264748112657314,8
11313,78.0663291787847,7.5442271761688735,89625,78.01149217232324,3.6022338347977136,6
11314,-120.18636564537832,5.132191018043787,89632,-123.80894152337959,5.566802721935252,23
11315,-122.28046297378539,-10.137676785342025,89640,-115.69510858146283,-11.595084171039186,39
11316,-85.21748160358919,-9.367038615667358,89646,-77.6204452281073,-4.536559244831727,5
11317,-35.45340944570947,-3.85018215311396,89647,-29.714479793685786,-1.264748112657314,8
11318,-119.96554708453453,0.8224065487071485,89650,-118.09857507912784,0.7103841694799473,11
11319,-152.1604198975055,3.4968198687158383,89656,-152.23629829764135,4.213482038439798,37
11320,-16.968820574841427,4.6606317325565145,89661,-6.878718007946434,-1.0926682779646681,10
11321,-50.85549592205654,1.086776391128996,89663,-49.93530245157272,-0.19848027172185767,2
11322,219.7470372397635,1.6736804411806572,89664,227.03647807555316,-5.020718083634986,26
11323,-43.01341164820386,3.14110796678563,89666,-49.93530245157272,-0.19848027172185767,2
11324,-52.869325768905036,1.3593967745407922,89670,-49.93530245157272,-0.19848027172185767,2
11325,1164.446912983203,38.506458603025735,89671,1342.5649032771717,32.04824045393157,32
11326,-116.20790042165227,4.646189610611089,89677,-114.33047638704419,5.73481138949136,19
11327,-10.900854431818953,-11.446439404119712,89684,-6.878718007946434,-1.0926682779646681,10
11328,864.4667375017985,13.682415658042986,89686,861.6475783799328,6.515082937232454,35
11329,-91.7970555110577,-0.36425646654996435,89689,-96.6939343764425,2.7165835152131033,15
11330,-90.9720158153434,2.4706929528314974,89701,-85.91178621041317,3.2728237667350073,24
11331,-31.31239528178096,9.883449529034952,89712,-29.714479793685786,-1.264748112657314,8
11332,80.06044961193206,-7.535145139919751,89713,78.01149217232324,3.6022338347977136,6
11333,-69.86250459888906,0.4172622791028677,89718,-66.8889597803445,2.169628081691683,14
11334,-94.13688304268378,3.957805435965432,89733,-96.6939343764425,2.7165835152131033,15
11335,-83.09045118499218,4.669476695124535,89743,-85.91178621041317,3.2728237667350073,24
11336,284.39517094861264,-5.7869991727729255,89746,302.44973475302317,-5.405747081354008,25
11337,90.87923598698866,-19.130702740888978,89750,70.166569844569,-14.692630117552799,9
11338,-99.33069170633254,-7.111049503894647,89751,-95.36861679384212,-10.95784818293233,28
11339,-93.71408063259999,-3.2379663220551476,89755,-96.6939343764425,2.7165835152131033,15
11340,143.30497380620196,5.9846776345232335,89765,135.4076551174278,-1.697351881935795,33
11341,-111.99101632266256,1.5160717339700458,89766,-109.71624596876933,-1.0040630408538558,16
11342,260.1867741302331,-17.379105389908887,89784,227.03647807555316,-5.020718083634986,26
11343,-125.7941518418378,-2.5263694423755796,89787,-123.94204162798616,-1.5144507595891967,3
11344,673.5627163265041,-37.34481979377655,89799,586.0312761189704,-1.722944617346204,30
11345,-122.03080096265842,1.1610122275347408,89810,-123.94204162798616,-1.5144507595891967,3
11346,215.1583449851061,-4.333858371516787,89816,227.03647807555316,-5.020718083634986,26
11347,-117.10991535128419,3.4893076765105033,89819,-118.09857507912784,0.7103841694799473,11
11348,-24.42629804766451,-3.7605198927705694,89828,-29.714479793685786,-1.264748112657314,8
11349,-136.04537209288227,0.7455891778244911,89830,-134.89656831690453,-0.030690791204986433,34
11350,-76.57493003809405,-2.92211655337623,89837,-77.6204452281073,-4.536559244831727,5
11351,-121.02543075970964,0.5539790479474831,89840,-118.09857507912784,0.7103841694799473,11
11352,58.652906005817854,12.68563814590269,89842,47.997068783449585,1.2679199422360634,13
11353,29.292782527762995,-12.447192812807637,89849,28.39696760572947,-22.91072472808294,12
11354,-52.48604512084406,12.334749846474988,89851,-49.93530245157272,-0.19848027172185767,2
11355,-137.82024789644916,-1.6589894456708834,89854,-141.0346653257256,-1.1036168920026446,0
11356,-139.96136435584287,0.3829061834511609,89863,-141.0346653257256,-1.1036168920026446,0
11357,-107.83721827248179,-1.801297005871396,89868,-109.71624596876933,-1.0040630408538558,16
11358,-97.33347146920836,8.23160497573772,89879,-96.6939343764425,2.7165835152131033,15
11359,-59.00506517681275,3.210390016824856,89881,-66.8889597803445,2.169628081691683,14
11360,-149.08255752303072,1.3243483953965858,89882,-148.09620948762597,-1.1157003398540595,36
11361,-147.92973193931627,-1.9841459329180406,89888,-148.09620948762597,-1.1157003398540595,36
11362,244.82931783104718,1.844345940844991,89894,227.03647807555316,-5.020718083634986,26
11363,61.347847521091595,3.138558593971524,89897,47.997068783449585,1.2679199422360634,13
11364,-102.82937258793108,0.1589827345635732,89898,-104.7190727296112,3.8815952186994593,7
11365,-86.98530093961897,1.2619717702382802,89899,-85.91178621041317,3.2728237667350073,24
11366,203.57235663556372,-10.512461071841921,89900,227.03647807555316,-5.020718083634986,26
11367,79.82367523730221,10.336701907293504,89911,78.01149217232324,3.6022338347977136,6
11368,51.8106055176123,11.164146787286285,89912,47.997068783449585,1.2679199422360634,13
11369,-119.5512869244956,-6.198777914738989,89923,-123.94204162798616,-1.5144507595891967,3
11370,-136.95747634434142,-1.2045982382464864,89925,-134.89656831690453,-0.030690791204986433,34
11371,165.48637677984505,3.912692374069999,89933,172.66355239880147,-2.7112682595768685,38
11372,-69.83434462495751,-0.20623350498269935,89945,-66.8889597803445,2.169628081691683,14
11373,260.0115871018878,-29.29295721247763,89946,227.03647807555316,-5.020718083634986,26
11374,158.4560020721697,4.474148704135174,89947,172.66355239880147,-2.7112682595768685,38
11375,-102.97440517053919,0.7821818458180877,89948,-104.7190727296112,3.8815952186994593,7
11376,-136.3595253122724,7.638538001054615,89950,-137.57400940459857,4.493303950559668,20
11377,-137.193006721421,3.981979229799358,89967,-137.57400940459857,4.493303950559668,20
11378,-3.0543385566142316,6.77702279854978,89968,-6.878718007946434,-1.0926682779646681,10
11379,-84.03847617359746,1.9834339416574172,89997,-85.91178621041317,3.2728237667350073,24
11380,-88.09362879443502,4.139311492343194,90005,-85.91178621041317,3.2728237667350073,24
11381,-83.72059474962748,-1.3919267448980495,90009,-85.91178621041317,3.2728237667350073,24
11382,-33.708218052732256,-14.519119007754426,90020,-29.714479793685786,-1.264748112657314,8
11383,-116.96897930577802,0.41416795165081366,90049,-118.09857507912784,0.7103841694799473,11
11384,54.61729359887339,-1.3259920241709238,90053,47.997068783449585,1.2679199422360634,13
11385,-77.13412014830998,5.206537958678936,90054,-85.91178621041317,3.2728237667350073,24
11386,39.14190406274709,4.728122657931553,90061,47.997068783449585,1.2679199422360634,13
11387,-105.80813760589703,-0.8618019067791267,90076,-109.71624596876933,-1.0040630408538558,16
11388,53.18888955182223,4.463770678692904,90079,47.997068783449585,1.2679199422360634,13
11389,-59.092017753031975,5.1052439864750605,90092,-66.8889597803445,2.169628081691683,14
11390,-59.948106786021356,-11.756993706896539,90104,-49.93530245157272,-0.19848027172185767,2
11391,-61.84489391695136,0.16042930845206715,90106,-66.8889597803445,2.169628081691683,14
11392,-49.378863795030014,10.028694675622814,90112,-49.93530245157272,-0.19848027172185767,2
11393,109.11614861027229,8.017139479527835,90114,104.96211155305676,-0.5414592591613776,31
11394,-16.01026689602137,-24.37602450272418,90131,-6.878718007946434,-1.0926682779646681,10
11395,-148.17359961559123,4.359227482494996,90154,-146.59606179012786,4.113086925586259,4
11396,76.39035884949175,2.4599710567796396,90155,78.01149217232324,3.6022338347977136,6
11397,-101.23882259715658,7.125683626411916,90156,-104.7190727296112,3.8815952186994593,7
11398,-99.89375115463858,0.5837743027316631,90157,-96.6939343764425,2.7165835152131033,15
11399,137.91283197880924,10.885109925453687,90179,135.4076551174278,-1.697351881935795,33
11400,-95.79702498649306,-0.9459910156712764,90181,-96.6939343764425,2.7165835152131033,15
11401,-44.037321434534235,5.193268116578982,90217,-49.93530245157272,-0.19848027172185767,2
11402,-143.33984077361723,7.048867044448634,90222,-142.14616351708418,5.245197398204194,22
11403,-146.58852454799683,-6.87468027777604,90242,-148.09620948762597,-1.1157003398540595,36
11404,171.5929306315313,2.206907927729648,90257,172.66355239880147,-2.7112682595768685,38
11405,-139.09413036612517,2.272867826999481,90260,-137.57400940459857,4.493303950559668,20
11406,-133.41133401175145,-7.460227321688516,90264,-130.75996572568545,-6.6137591708523855,18
11407,-81.05594420807994,5.001124455549138,90266,-85.91178621041317,3.2728237667350073,24
11408,-28.087689145867657,6.064412444658489,90278,-29.714479793685786,-1.264748112657314,8
11409,-100.78924813890819,-0.17265199159419364,90287,-96.6939343764425,2.7165835152131033,15
11410,-13.012712669211675,4.65818061701832,90292,-6.878718007946434,-1.0926682779646681,10
11411,-91.39374747009246,-35.58077647063882,90300,-95.36861679384212,-10.95784818293233,28
11412,-66.37280070029158,9.618222182556043,90310,-66.8889597803445,2.169628081691683,14
11413,-121.2697852698068,-9.851135762073495,90321,-115.69510858146283,-11.595084171039186,39
11414,90.59006689183687,-14.847712030198542,90326,104.96211155305676,-0.5414592591613776,31
11415,-69.00018696315138,3.96128114936388,90327,-66.8889597803445,2.169628081691683,14
11416,-58.24826920756233,8.04195388295988,90329,-66.8889597803445,2.169628081691683,14
11417,-113.08512199818928,3.023760630149804,90330,-114.33047638704419,5.73481138949136,19
11418,-73.05323491091534,4.5423086862553745,90334,-66.8889597803445,2.169628081691683,14
11419,-132.5557332590745,-5.8279224491290345,90340,-130.75996572568545,-6.6137591708523855,18
11420,50.49221321366037,-0.18790678959792062,90344,47.997068783449585,1.2679199422360634,13
11421,50.3836937162433,2.177841872139115,90350,47.997068783449585,1.2679199422360634,13
11422,611.7018955309527,15.929646423286286,90355,586.0312761189704,-1.722944617346204,30
11423,-111.2115221891953,5.320061981995963,90362,-114.33047638704419,5.73481138949136,19
11424,40.985131637497894,-22.301589965008894,90377,28.39696760572947,-22.91072472808294,12
11425,-121.93134998850157,0.5253449289011094,90397,-123.94204162798616,-1.5144507595891967,3
11426,-142.34298239807075,7.139166548995147,90400,-142.14616351708418,5.245197398204194,22
11427,-39.14790919410113,7.203241603078827,90414,-29.714479793685786,-1.264748112657314,8
11428,-5.701523713236838,0.017408445021156325,90426,-6.878718007946434,-1.0926682779646681,10
11429,-105.00890474884622,3.0407336067333697,90436,-104.7190727296112,3.8815952186994593,7
11430,-130.27187100924382,5.793358941909339,90441,-132.1080396739421,5.887059356646324,17
11431,-29.527104376757386,-2.1495201604624357,90452,-29.714479793685786,-1.264748112657314,8
11432,-125.25152329793201,6.466692640104737,90458,-123.80894152337959,5.566802721935252,23
11433,-73.3526663998646,9.57394674125405,90472,-66.8889597803445,2.169628081691683,14
11434,-76.65352639030625,-3.2374884111827216,90488,-77.6204452281073,-4.536559244831727,5
11435,343.0017769415591,2.789919765359452,90492,302.44973475302317,-5.405747081354008,25
11436,547.6368517007146,-14.195200996067266,90498,586.0312761189704,-1.722944617346204,30
11437,-74.09664718115286,4.9627359339332795,90499,-66.8889597803445,2.169628081691683,14
11438,-50.28929438591,8.551970110593949,90523,-49.93530245157272,-0.19848027172185767,2
11439,-49.04986738014727,4.881674510715552,90535,-49.93530245157272,-0.19848027172185767,2
11440,-109.34680058578614,8.337339832169949,90542,-114.33047638704419,5.73481138949136,19
11441,497.96682930514095,-49.15871018263297,90555,417.6915390220547,-4.11857226961515,29
11442,307.867671153485,-11.125998189136817,90560,302.44973475302317,-5.405747081354008,25
11443,-15.961433652485296,-24.94887727298399,90564,-6.878718007946434,-1.0926682779646681,10
11444,-45.15455365789965,-22.740936088920357,90567,-49.93530245157272,-0.19848027172185767,2
11445,-147.0717279538443,1.1509617508848267,90570,-148.09620948762597,-1.1157003398540595,36
11446,22.055497802607103,-23.635130956187194,90576,28.39696760572947,-22.91072472808294,12
11447,22.716979386310133,-19.289567252799987,90582,28.39696760572947,-22.91072472808294,12
11448,-147.13194804810684,2.9663598308163555,90591,-146.59606179012786,4.113086925586259,4
11449,525.4590671441933,16.72812905465593,90593,586.0312761189704,-1.722944617346204,30
11450,-69.13107061792388,5.808775660031715,90598,-66.8889597803445,2.169628081691683,14
11451,-27.96884767080528,3.958488399302306,90604,-29.714479793685786,-1.264748112657314,8
11452,-82.09902636921446,4.877091722052611,90619,-85.91178621041317,3.2728237667350073,24
11453,180.68417066727,17.132829490465166,90630,172.66355239880147,-2.7112682595768685,38
11454,-126.59229038787582,-3.888497578069231,90631,-123.94204162798616,-1.5144507595891967,3
11455,-42.871218707536016,1.064789544559005,90646,-49.93530245157272,-0.19848027172185767,2
11456,706.1860391736029,-16.380218694617124,90652,586.0312761189704,-1.722944617346204,30
11457,-128.0638625499698,2.826421179602223,90655,-129.1025175244067,1.5488809909733745,1
11458,-3.019717203713919,6.006081940590298,90656,-6.878718007946434,-1.0926682779646681,10
11459,49.25611247860157,-11.320922803853652,90669,47.997068783449585,1.2679199422360634,13
11460,93.59280531167762,-29.081060323626534,90671,110.19899446847099,-35.665903512662624,21
11461,-87.99521659792876,1.4527005613119521,90681,-85.91178621041317,3.2728237667350073,24
11462,-123.18848387703525,4.614164702947494,90685,-123.80894152337959,5.566802721935252,23
11463,-93.27671339341062,7.562225697557625,90691,-96.6939343764425,2.7165835152131033,15
11464,-120.98630750134474,2.2818352105188477,90728,-118.09857507912784,0.7103841694799473,11
11465,-84.75136852024404,-15.969131005464067,90737,-95.36861679384212,-10.95784818293233,28
11466,-89.28257325314641,7.742749546275806,90741,-85.91178621041317,3.2728237667350073,24
11467,183.71901082573578,16.438338305223326,90744,172.66355239880147,-2.7112682595768685,38
11468,-123.00178427890982,1.5475825050839191,90748,-123.94204162798616,-1.5144507595891967,3
11469,56.199270271216236,-10.471375869369625,90753,47.997068783449585,1.2679199422360634,13
11470,-14.918901158271591,4.099744468468827,90755,-6.878718007946434,-1.0926682779646681,10
11471,-126.24832678457119,6.376696538544193,90763,-123.80894152337959,5.566802721935252,23
11472,-130.27711994151545,6.429960634207221,90764,-132.1080396739421,5.887059356646324,17
11473,-145.05005645824352,1.7071598785293913,90771,-146.59606179012786,4.113086925586259,4
11474,-134.11877881501798,2.3951574683017802,90773,-134.89656831690453,-0.030690791204986433,34
11475,-14.198523262142594,-6.526168130960647,90775,-6.878718007946434,-1.0926682779646681,10
11476,-104.18181050471682,5.811232919593105,90778,-104.7190727296112,3.8815952186994593,7
11477,56.78723747105443,-4.0055302940708915,90784,47.997068783449585,1.2679199422360634,13
11478,125.67111182790234,-14.498972439390357,90786,135.4076551174278,-1.697351881935795,33
11479,-91.88912249569084,1.6664581126266735,90787,-96.6939343764425,2.7165835152131033,15
11480,-117.13158195465549,3.9798487723583578,90794,-114.33047638704419,5.73481138949136,19
11481,-69.58221890588302,-3.668702120805752,90796,-66.8889597803445,2.169628081691683,14
11482,78.80989563974137,-4.115714082460337,90800,78.01149217232324,3.6022338347977136,6
11483,-82.83707399185991,-14.050359963320338,90809,-77.6204452281073,-4.536559244831727,5
11484,-30.016207605568802,4.965423763655768,90810,-29.714479793685786,-1.264748112657314,8
11485,-119.30255251417975,6.659273533129759,90820,-123.80894152337959,5.566802721935252,23
11486,-70.19332610327537,6.645559801969682,90836,-66.8889597803445,2.169628081691683,14
11487,-129.3088085846615,7.14817697118555,90839,-132.1080396739421,5.887059356646324,17
11488,891.3495740205943,1.9825283931959994,90856,861.6475783799328,6.515082937232454,35
11489,328.53630609394423,-20.306914242452542,90860,302.44973475302317,-5.405747081354008,25
11490,273.75533544106924,2.9268396767590876,90863,302.44973475302317,-5.405747081354008,25
11491,28.732309390228203,-3.773287280840976,90864,18.937510567705566,1.034768221250525,27
11492,-78.05877823857668,4.584654685520073,90871,-85.91178621041317,3.2728237667350073,24
11493,71.93439813273334,8.791823138253486,90886,78.01149217232324,3.6022338347977136,6
11494,-31.578334619221312,-1.0677396743627559,90888,-29.714479793685786,-1.264748112657314,8
11495,-71.25832235536654,7.517880051358543,90898,-66.8889597803445,2.169628081691683,14
11496,-127.15864685517293,4.3896709013368564,90914,-129.1025175244067,1.5488809909733745,1
11497,448.78558901566294,9.300223730897219,90927,417.6915390220547,-4.11857226961515,29
11498,-120.34010646647856,7.469316983564768,90928,-123.80894152337959,5.566802721935252,23
11499,-53.961807933184076,3.880834484379791,90938,-49.93530245157272,-0.19848027172185767,2
11500,-54.22801929824645,7.156219587130352,90943,-49.93530245157272,-0.19848027172185767,2
11501,-128.1173480517165,4.008247748574805,90963,-129.1025175244067,1.5488809909733745,1
11502,45.15240353769965,5.1160899338793335,90967,47.997068783449585,1.2679199422360634,13
11503,-142.21003700973193,5.275915912862433,90983,-142.14616351708418,5.245197398204194,22
11504,-114.0089224611189,0.8218615009297024,90987,-118.09857507912784,0.7103841694799473,11
11505,-137.0495327266674,2.357091085102657,90990,-137.57400940459857,4.493303950559668,20
11506,-76.21756158693265,-8.173649869536938,90998,-77.6204452281073,-4.536559244831727,5
11507,-146.90158987210583,-1.5818185396711841,91000,-148.09620948762597,-1.1157003398540595,36
11508,-107.15616261193924,3.6688997030508994,91020,-104.7190727296112,3.8815952186994593,7
11509,-127.69320301463418,-2.2229271024176454,91021,-123.94204162798616,-1.5144507595891967,3
11510,-47.04310762174655,4.240310595626583,91025,-49.93530245157272,-0.19848027172185767,2
11511,-99.44698495555726,10.164528198034912,91033,-96.6939343764425,2.7165835152131033,15
11512,405.1839779041694,-55.47597783533467,91035,417.6915390220547,-4.11857226961515,29
11513,-98.12747294852491,4.7151620295078756,91050,-96.6939343764425,2.7165835152131033,15
11514,26.37635999556248,1.418289308372162,91063,18.937510567705566,1.034768221250525,27
11515,-56.07255827384456,5.234736010576506,91069,-49.93530245157272,-0.19848027172185767,2
11516,-102.11040296854512,3.2663428619375767,91083,-104.7190727296112,3.8815952186994593,7
11517,-129.0422757383814,1.3061115849786418,91085,-129.1025175244067,1.5488809909733745,1
11518,-109.14227979541545,4.340943968081434,91088,-104.7190727296112,3.8815952186994593,7
11519,-122.18706208327617,5.619559273797739,91089,-123.80894152337959,5.566802721935252,23
11520,3.554055625922016,-2.8640901471788442,91092,-6.878718007946434,-1.0926682779646681,10
11521,-61.74627747570291,-0.9625932141827476,91095,-66.8889597803445,2.169628081691683,14
11522,-75.06127919248382,3.1462019158236485,91110,-77.6204452281073,-4.536559244831727,5
11523,-86.75627817176319,-1.672951109182812,91138,-85.91178621041317,3.2728237667350073,24
11524,118.51206754106859,2.04690098967474,91150,104.96211155305676,-0.5414592591613776,31
11525,-136.36017106572226,7.647155341087962,91151,-137.57400940459857,4.493303950559668,20
11526,-93.86948264259065,-0.8496560045885829,91161,-96.6939343764425,2.7165835152131033,15
11527,4.882465888184793,7.261017050213501,91166,-6.878718007946434,-1.0926682779646681,10
11528,-63.877515310412825,0.8507050790413645,91174,-66.8889597803445,2.169628081691683,14
11529,5.390835880559005,-0.2759302454165098,91178,-6.878718007946434,-1.0926682779646681,10
11530,161.3933710525774,-9.367411486175403,91179,172.66355239880147,-2.7112682595768685,38
11531,-97.64436659337655,-3.296392298551662,91189,-96.6939343764425,2.7165835152131033,15
11532,-144.14316461588666,3.77776503239675,91195,-146.59606179012786,4.113086925586259,4
11533,-64.3292578988083,-6.553756780075899,91199,-66.8889597803445,2.169628081691683,14
11534,-85.09130207601827,4.673514399690813,91202,-85.91178621041317,3.2728237667350073,24
11535,-148.0990724735113,2.2263734559721398,91206,-146.59606179012786,4.113086925586259,4
11536,-149.32668066688038,6.683804261167189,91218,-146.59606179012786,4.113086925586259,4
11537,-121.71821339551329,-3.114051567344214,91219,-123.94204162798616,-1.5144507595891967,3
11538,-124.98982158070191,1.258301191359108,91225,-123.94204162798616,-1.5144507595891967,3
11539,139.65716489567646,-28.689946113437227,91234,135.4076551174278,-1.697351881935795,33
11540,-135.14228288201426,2.8943904016654294,91238,-137.57400940459857,4.493303950559668,20
11541,-132.34999941683964,7.49585921961917,91240,-132.1080396739421,5.887059356646324,17
11542,185.95618563007017,12.794458613713726,91245,172.66355239880147,-2.7112682595768685,38
11543,53.85436899518793,-5.509066648156941,91247,47.997068783449585,1.2679199422360634,13
11544,-136.1465168284777,3.470151209169429,91274,-137.57400940459857,4.493303950559668,20
11545,-81.14725944063403,5.96166707119673,91279,-85.91178621041317,3.2728237667350073,24
11546,92.47524073338113,-27.545711654206023,91283,110.19899446847099,-35.665903512662624,21
11547,120.3332049092494,4.974175275321737,91285,104.96211155305676,-0.5414592591613776,31
11548,-108.78775691556211,-1.3706704020800213,91292,-109.71624596876933,-1.0040630408538558,16
11549,-120.66910744454195,-3.636787341097964,91325,-123.94204162798616,-1.5144507595891967,3
11550,-26.45510744901244,-3.152246782403687,91329,-29.714479793685786,-1.264748112657314,8
11551,-120.26953973979923,5.904238046533666,91343,-123.80894152337959,5.566802721935252,23
11552,-47.17337590378448,7.110631761652728,91358,-49.93530245157272,-0.19848027172185767,2
11553,83.46212561857571,0.4966530862503426,91363,78.01149217232324,3.6022338347977136,6
11554,64.95725000931648,-6.033248062962819,91370,70.166569844569,-14.692630117552799,9
11555,-130.3327325540196,-8.09988997097059,91374,-130.75996572568545,-6.6137591708523855,18
11556,236.33174368643182,9.00376674753053,91387,227.03647807555316,-5.020718083634986,26
11557,179.17311007079496,-19.98442280760081,91388,172.66355239880147,-2.7112682595768685,38
11558,-117.0909030453367,2.5948618011596305,91414,-118.09857507912784,0.7103841694799473,11
11559,42.91249444510118,8.261497042608317,91416,47.997068783449585,1.2679199422360634,13
11560,-46.45303401292607,11.687055598919784,91428,-49.93530245157272,-0.19848027172185767,2
11561,-99.01280743942549,2.2014846586713483,91453,-96.6939343764425,2.7165835152131033,15
11562,-150.32634055927764,6.663894139221502,91484,-152.23629829764135,4.213482038439798,37
11563,-75.13573941428233,4.276786679463571,91487,-66.8889597803445,2.169628081691683,14
11564,-69.46063132441145,-4.274411803098646,91505,-66.8889597803445,2.169628081691683,14
11565,-47.726339142183654,-14.359820120787065,91512,-49.93530245157272,-0.19848027172185767,2
11566,-97.02115562004724,2.927006523615404,91522,-96.6939343764425,2.7165835152131033,15
11567,-130.25761106602266,5.488551729755788,91527,-132.1080396739421,5.887059356646324,17
11568,81.34341918504865,2.5409829329048224,91538,78.01149217232324,3.6022338347977136,6
11569,-3.1395099505705644,7.102899798599704,91539,-6.878718007946434,-1.0926682779646681,10
11570,-143.98642679325874,-0.6550720529712896,91540,-141.0346653257256,-1.1036168920026446,0
11571,-125.05507698871841,3.211348590948403,91552,-123.80894152337959,5.566802721935252,23
11572,-106.07117055685964,2.34846268018186,91564,-104.7190727296112,3.8815952186994593,7
11573,43.00441752044101,-7.960825170840479,91579,47.997068783449585,1.2679199422360634,13
11574,-98.26578064601718,-8.011068068875367,91582,-95.36861679384212,-10.95784818293233,28
11575,13.62609306317166,-3.2457461932342877,91590,18.937510567705566,1.034768221250525,27
11576,-147.11585545558086,2.1117628077537023,91618,-146.59606179012786,4.113086925586259,4
11577,86.40297803170198,-11.85563190709357,91625,70.166569844569,-14.692630117552799,9
11578,305.179698900206,-1.2234314682861356,91629,302.44973475302317,-5.405747081354008,25
11579,-96.15861710268001,4.943937004052012,91645,-96.6939343764425,2.7165835152131033,15
11580,-140.08182050175378,2.523785085796087,91647,-137.57400940459857,4.493303950559668,20
11581,-125.0802840920175,2.196587528722926,91652,-123.80894152337959,5.566802721935252,23
11582,-51.96841696360308,2.5247780985962,91671,-49.93530245157272,-0.19848027172185767,2
11583,-57.87765749768933,0.9562238043569056,91674,-49.93530245157272,-0.19848027172185767,2
11584,-109.76760605267498,-1.3053316929941283,91676,-109.71624596876933,-1.0040630408538558,16
11585,-132.05200941781465,0.9842942097478294,91684,-129.1025175244067,1.5488809909733745,1
11586,-121.03935911681923,2.9337321612161826,91686,-118.09857507912784,0.7103841694799473,11
11587,-12.099788030115075,-8.137838426811348,91690,-6.878718007946434,-1.0926682779646681,10
11588,-150.26234452456092,5.7938061661574185,91715,-152.23629829764135,4.213482038439798,37
11589,-101.60250645482564,-4.269935525275965,91721,-96.6939343764425,2.7165835152131033,15
11590,-44.03633292406056,3.6433462911252046,91730,-49.93530245157272,-0.19848027172185767,2
11591,-69.76325698348478,-0.7371693550831842,91733,-66.8889597803445,2.169628081691683,14
11592,33.19374704567831,4.512643266884003,91744,18.937510567705566,1.034768221250525,27
11593,-109.13957836143783,3.7849830148404844,91760,-104.7190727296112,3.8815952186994593,7
11594,-58.34203608484168,9.576571187684372,91777,-66.8889597803445,2.169628081691683,14
11595,419.3600798924264,14.552236148379416,91784,417.6915390220547,-4.11857226961515,29
11596,-73.13086995722954,5.722522391057853,91802,-66.8889597803445,2.169628081691683,14
11597,252.27302266047872,10.569785481722244,91807,227.03647807555316,-5.020718083634986,26
11598,96.64289238003398,-44.34434652508743,91820,110.19899446847099,-35.665903512662624,21
11599,460.13924060565995,19.038187792578142,91826,417.6915390220547,-4.11857226961515,29
11600,-44.85746684174188,1.7405993502591468,91829,-49.93530245157272,-0.19848027172185767,2
11601,-105.37411557460854,8.468021189793205,91832,-104.7190727296112,3.8815952186994593,7
11602,-140.96572791295554,0.459702825357716,91834,-141.0346653257256,-1.1036168920026446,0
11603,-141.16154779819803,4.207764408567391,91854,-142.14616351708418,5.245197398204194,22
11604,-24.960514647739043,4.34075882972521,91858,-29.714479793685786,-1.264748112657314,8
11605,-65.04739463213323,-10.185761352834499,91864,-66.8889597803445,2.169628081691683,14
11606,-140.05446762332372,1.3966847237785678,91878,-141.0346653257256,-1.1036168920026446,0
11607,-155.31262725659485,6.272672725681326,91882,-152.23629829764135,4.213482038439798,37
11608,-22.254373377080853,-6.966139507462446,91902,-29.714479793685786,-1.264748112657314,8
11609,276.2245876497729,-17.425281216102345,91928,302.44973475302317,-5.405747081354008,25
11610,-119.37494525600961,-8.5421789226224,91945,-115.69510858146283,-11.595084171039186,39
11611,-106.16275109050702,-10.40100048440569,91946,-115.69510858146283,-11.595084171039186,39
11612,-59.521364934430686,-3.7996535534349776,91954,-66.8889597803445,2.169628081691683,14
11613,-139.35000477961123,7.35631313290279,91962,-137.57400940459857,4.493303950559668,20
11614,-122.20336869402217,4.965467917077057,91969,-123.80894152337959,5.566802721935252,23
11615,31.821196720363336,-5.15068392668282,91980,18.937510567705566,1.034768221250525,27
11616,520.8157100343548,-17.546261656155128,91989,586.0312761189704,-1.722944617346204,30
11617,-138.2197660685728,5.555766404081498,91990,-137.57400940459857,4.493303950559668,20
11618,-54.77886225385069,0.37394123772283855,91994,-49.93530245157272,-0.19848027172185767,2
11619,54.71795087666888,11.704655175087199,92006,47.997068783449585,1.2679199422360634,13
11620,-139.18456210939132,4.763292964628633,92007,-137.57400940459857,4.493303950559668,20
11621,-8.564003574108359,-0.9906667261611627,92014,-6.878718007946434,-1.0926682779646681,10
11622,123.48540840850515,2.2023954100636054,92017,135.4076551174278,-1.697351881935795,33
11623,-69.81747288241098,0.9576372187303397,92030,-66.8889597803445,2.169628081691683,14
11624,-56.173933866939265,6.95297305631004,92045,-49.93530245157272,-0.19848027172185767,2
11625,131.04899238858354,8.81943693035044,92054,135.4076551174278,-1.697351881935795,33
11626,-85.76406080005258,-29.925120127766142,92059,-95.36861679384212,-10.95784818293233,28
11627,-127.25104248595773,5.910401345345404,92069,-123.80894152337959,5.566802721935252,23
11628,-15.430076749596564,-3.0089233348702695,92078,-6.878718007946434,-1.0926682779646681,10
11629,488.8748279912191,23.261542487476117,92083,417.6915390220547,-4.11857226961515,29
11630,-75.08602291110012,-11.041419490849348,92090,-77.6204452281073,-4.536559244831727,5
11631,192.69821914687157,1.273117725426721,92099,172.66355239880147,-2.7112682595768685,38
11632,511.30432984814246,18.33255365125,92108,586.0312761189704,-1.722944617346204,30
11633,165.15122484870034,-6.050471577398869,92109,172.66355239880147,-2.7112682595768685,38
11634,-30.905263803791303,2.5230322440038573,92112,-29.714479793685786,-1.264748112657314,8
11635,29.85093090008467,8.891071832129757,92116,18.937510567705566,1.034768221250525,27
11636,-78.96691450443483,-12.166474995490352,92127,-77.6204452281073,-4.536559244831727,5
11637,-86.76154688770687,-15.272589116912787,92134,-95.36861679384212,-10.95784818293233,28
11638,125.84698825774113,-2.5864958796111446,92138,135.4076551174278,-1.697351881935795,33
11639,-145.97531957150971,-0.9692276901043314,92140,-148.09620948762597,-1.1157003398540595,36
11640,-29.37233130739553,-5.533758551376364,92144,-29.714479793685786,-1.264748112657314,8
11641,-36.107852146654025,5.856926823059396,92146,-29.714479793685786,-1.264748112657314,8
11642,-5.765501938743148,0.9071376656125683,92164,-6.878718007946434,-1.0926682779646681,10
11643,-85.40301924877815,9.947749354594537,92169,-85.91178621041317,3.2728237667350073,24
11644,-5.0905659274636,6.5063455208127134,92181,-6.878718007946434,-1.0926682779646681,10
11645,-112.99445068483848,0.006166240768666375,92183,-109.71624596876933,-1.0040630408538558,16
11646,517.629243258611,13.88200765158903,92210,586.0312761189704,-1.722944617346204,30
11647,225.32750219314462,-6.3189668540790445,92226,227.03647807555316,-5.020718083634986,26
11648,81.84243535188976,9.429607063164768,92228,78.01149217232324,3.6022338347977136,6
11649,-46.09331359148595,-9.37468104620313,92246,-49.93530245157272,-0.19848027172185767,2
11650,12.123963739789524,4.656399586443714,92247,18.937510567705566,1.034768221250525,27
11651,22.052838594257725,-8.860345100172601,92271,18.937510567705566,1.034768221250525,27
11652,-84.14158675210413,-10.494293315732861,92274,-77.6204452281073,-4.536559244831727,5
11653,-142.13957650235386,3.215745736956671,92285,-142.14616351708418,5.245197398204194,22
11654,-68.10828866184447,4.821669811970797,92286,-66.8889597803445,2.169628081691683,14
11655,-115.14321418671045,4.284990278281746,92288,-114.33047638704419,5.73481138949136,19
11656,-138.26611191629013,5.553266028336137,92289,-137.57400940459857,4.493303950559668,20
11657,-121.00556347639554,1.1318748180460483,92290,-118.09857507912784,0.7103841694799473,11
11658,942.2674399875696,33.58297004634546,92294,861.6475783799328,6.515082937232454,35
11659,-126.27690459125124,5.987975148635975,92296,-123.80894152337959,5.566802721935252,23
11660,-126.04073992356736,1.8260768233074884,92319,-129.1025175244067,1.5488809909733745,1
11661,-138.17819660360817,4.110794207603875,92321,-137.57400940459857,4.493303950559668,20
11662,13.948714589818794,6.483221104283705,92329,18.937510567705566,1.034768221250525,27
11663,-20.366056184518914,11.257609978876284,92333,-29.714479793685786,-1.264748112657314,8
11664,-117.4016308354048,-6.37914622315073,92350,-115.69510858146283,-11.595084171039186,39
11665,-151.06764417923682,1.004180205129914,92351,-152.23629829764135,4.213482038439798,37
11666,126.5176607954716,2.060063038843707,92354,135.4076551174278,-1.697351881935795,33
11667,-70.2265873648779,5.829407615495733,92357,-66.8889597803445,2.169628081691683,14
11668,-132.21222051710546,4.9699541783258505,92358,-132.1080396739421,5.887059356646324,17
11669,171.66941454177373,1.535908747044918,92368,172.66355239880147,-2.7112682595768685,38
11670,16.56912961698043,-2.9563548078640687,92376,18.937510567705566,1.034768221250525,27
11671,-142.88826295945907,-2.297279379151142,92380,-141.0346653257256,-1.1036168920026446,0
11672,0.5501668584365165,13.45551082532031,92394,-6.878718007946434,-1.0926682779646681,10
11673,341.81832697176753,5.258683476452082,92395,302.44973475302317,-5.405747081354008,25
11674,225.99401332002407,-15.781806962293166,92401,227.03647807555316,-5.020718083634986,26
11675,-128.12729553856963,4.191675150008646,92402,-129.1025175244067,1.5488809909733745,1
11676,-150.88556359747304,-3.0056587809383464,92406,-148.09620948762597,-1.1157003398540595,36
11677,-113.0377403300644,2.005711942504895,92411,-114.33047638704419,5.73481138949136,19
11678,38.506186280278875,-1.2266865485209053,92420,47.997068783449585,1.2679199422360634,13
11679,-75.17262471687631,6.09918308159056,92425,-66.8889597803445,2.169628081691683,14
11680,-43.13786863903839,6.378785524360779,92427,-49.93530245157272,-0.19848027172185767,2
11681,13.73401728842067,-5.085418478155523,92430,18.937510567705566,1.034768221250525,27
11682,-100.06127731251357,4.264589726592286,92438,-96.6939343764425,2.7165835152131033,15
11683,-61.963882146666734,2.769936005606996,92442,-66.8889597803445,2.169628081691683,14
11684,-121.1583887786225,3.4662432097450306,92443,-123.80894152337959,5.566802721935252,23
11685,799.2861176194609,13.978068677214196,92502,861.6475783799328,6.515082937232454,35
11686,116.04140161452474,-6.511155707004888,92516,104.96211155305676,-0.5414592591613776,31
11687,-104.43573572986024,9.865489964065553,92524,-104.7190727296112,3.8815952186994593,7
11688,-138.07280260151222,1.8326536637055377,92545,-137.57400940459857,4.493303950559668,20
11689,-53.06172256245091,4.554274069709681,92548,-49.93530245157272,-0.19848027172185767,2
11690,-107.73592925586675,-2.47874842318876,92552,-109.71624596876933,-1.0040630408538558,16
11691,-139.0942377401562,1.7677198774970855,92560,-137.57400940459857,4.493303950559668,20
11692,-118.91299432737401,-0.8519016131619929,92563,-118.09857507912784,0.7103841694799473,11
11693,-64.4058580818242,-6.43559181446702,92565,-66.8889597803445,2.169628081691683,14
11694,191.7684313967475,0.22207860649843392,92569,172.66355239880147,-2.7112682595768685,38
11695,-114.87362218314897,-1.1224408680569389,92588,-118.09857507912784,0.7103841694799473,11
11696,-95.9983348970021,1.4316328569571863,92603,-96.6939343764425,2.7165835152131033,15
11697,-96.02173513445345,2.9460515377932213,92606,-96.6939343764425,2.7165835152131033,15
11698,124.3385189856996,4.923931029884164,92611,135.4076551174278,-1.697351881935795,33
11699,-146.322819723715,6.64979028078115,92613,-146.59606179012786,4.113086925586259,4
11700,338.2895764151874,-16.26976476370568,92619,302.44973475302317,-5.405747081354008,25
11701,-19.138434924423784,-8.43428051684383,92623,-29.714479793685786,-1.264748112657314,8
11702,-143.97840068920132,0.6872657002420253,92627,-141.0346653257256,-1.1036168920026446,0
11703,167.94899689740026,-17.829786868658328,92630,172.66355239880147,-2.7112682595768685,38
11704,837.0225621419702,-9.590294660303096,92638,861.6475783799328,6.515082937232454,35
11705,-146.0117260193952,1.388487364721158,92644,-146.59606179012786,4.113086925586259,4
11706,-79.02515293078599,3.8391102260763983,92654,-85.91178621041317,3.2728237667350073,24
11707,-125.95354526576259,-0.07634298324719235,92655,-123.94204162798616,-1.5144507595891967,3
11708,-74.74179951719212,0.2541957410306638,92665,-77.6204452281073,-4.536559244831727,5
11709,116.53429770924544,2.054215432050175,92669,104.96211155305676,-0.5414592591613776,31
11710,-121.29714924029572,6.50194826050602,92671,-123.80894152337959,5.566802721935252,23
11711,-101.64875407102323,-17.988651492156183,92685,-95.36861679384212,-10.95784818293233,28
11712,-43.94799279115331,3.7442828672385393,92695,-49.93530245157272,-0.19848027172185767,2
11713,1048.0002966713562,-1.9499154141255124,92699,861.6475783799328,6.515082937232454,35
11714,-129.04225369712086,2.8447501437397165,92708,-129.1025175244067,1.5488809909733745,1
11715,-118.9073777253066,-0.4593669783242964,92712,-118.09857507912784,0.7103841694799473,11
11716,-132.30022584488904,6.91532116586714,92713,-132.1080396739421,5.887059356646324,17
11717,-133.78232995797705,-2.9365291186275178,92716,-134.89656831690453,-0.030690791204986433,34
11718,-107.53784826044809,-5.273468905972998,92728,-109.71624596876933,-1.0040630408538558,16
11719,173.2962846176892,6.153565192864054,92752,172.66355239880147,-2.7112682595768685,38
11720,-110.91383678515633,0.8639244108806751,92756,-109.71624596876933,-1.0040630408538558,16
11721,-97.15153180628455,4.763700391467746,92759,-96.6939343764425,2.7165835152131033,15
11722,-20.28185734938641,-5.818552709123758,92763,-29.714479793685786,-1.264748112657314,8
11723,-108.40714885328347,-6.611045873321217,92776,-109.71624596876933,-1.0040630408538558,16
11724,-140.03602378722388,0.4559355935045498,92780,-141.0346653257256,-1.1036168920026446,0
11725,-112.15342601041688,4.565674931674582,92793,-114.33047638704419,5.73481138949136,19
11726,-115.91701133995795,1.3618192039553547,92809,-118.09857507912784,0.7103841694799473,11
11727,131.68965992698844,-0.07794230574015504,92820,135.4076551174278,-1.697351881935795,33
11728,-132.2548845873001,5.918096967467531,92829,-132.1080396739421,5.887059356646324,17
11729,-116.30209442920881,6.69427864436469,92860,-114.33047638704419,5.73481138949136,19
11730,-52.92118060170041,3.0144997723592293,92866,-49.93530245157272,-0.19848027172185767,2
11731,-139.1014400371236,1.91777783296312,92869,-137.57400940459857,4.493303950559668,20
11732,175.93078442196315,-2.048249402336421,92878,172.66355239880147,-2.7112682595768685,38
11733,78.88541787199668,-4.736961645847739,92879,78.01149217232324,3.6022338347977136,6
11734,-135.18670991483648,4.356376239539591,92884,-137.57400940459857,4.493303950559668,20
11735,-79.43806522915641,-5.9641021820290305,92886,-77.6204452281073,-4.536559244831727,5
11736,-72.10163705965559,5.6106282945703105,92887,-66.8889597803445,2.169628081691683,14
11737,-119.0058194002678,0.6715526093202506,92889,-118.09857507912784,0.7103841694799473,11
11738,-117.38496899836194,8.471446585966076,92893,-114.33047638704419,5.73481138949136,19
11739,-51.583499244492444,-1.2857617080504278,92894,-49.93530245157272,-0.19848027172185767,2
11740,597.5470033977376,3.3304027713073014,92896,586.0312761189704,-1.722944617346204,30
11741,89.9850577106958,-6.224646565249457,92898,78.01149217232324,3.6022338347977136,6
11742,-79.99850950625921,2.2015235822563204,92904,-85.91178621041317,3.2728237667350073,24
11743,-125.53784050417623,-5.584036337084653,92922,-123.94204162798616,-1.5144507595891967,3
11744,-101.08146732414221,4.170307550941023,92940,-104.7190727296112,3.8815952186994593,7
11745,-75.21836895281366,6.589619207148823,92941,-66.8889597803445,2.169628081691683,14
11746,42.849445249761025,10.157376598035636,92945,47.997068783449585,1.2679199422360634,13
11747,-111.78405527968822,-1.4928689507263837,92949,-109.71624596876933,-1.0040630408538558,16
11748,603.6141235598532,2.4743946468517,92954,586.0312761189704,-1.722944617346204,30
11749,-129.37478501727796,8.066589047431618,92959,-132.1080396739421,5.887059356646324,17
11750,-92.90975917323058,1.5687484538125012,92962,-96.6939343764425,2.7165835152131033,15
11751,-94.32263809091208,8.044141536720359,92977,-96.6939343764425,2.7165835152131033,15
11752,-64.93036567948582,2.5005850086183763,92987,-66.8889597803445,2.169628081691683,14
11753,660.7807304705349,16.573743375993487,92991,586.0312761189704,-1.722944617346204,30
11754,-94.96423840079366,2.2437181949447704,93010,-96.6939343764425,2.7165835152131033,15
11755,-106.5211917486873,-6.15898341356979,93034,-109.71624596876933,-1.0040630408538558,16
11756,-94.82233662111814,-0.8907452698534275,93044,-96.6939343764425,2.7165835152131033,15
11757,-78.39704202029684,-6.855677004018124,93051,-77.6204452281073,-4.536559244831727,5
11758,331.253039886185,13.347655262355536,93055,302.44973475302317,-5.405747081354008,25
11759,-78.116788448258,4.842650413770845,93063,-85.91178621041317,3.2728237667350073,24
11760,-133.32598156663636,6.938447823651517,93069,-132.1080396739421,5.887059356646324,17
11761,-3.706236597353893,-14.056794517780864,93070,-6.878718007946434,-1.0926682779646681,10
11762,-105.91220702566633,-0.6430050953919286,93081,-109.71624596876933,-1.0040630408538558,16
11763,-65.52872859810792,-3.728998129805725,93110,-66.8889597803445,2.169628081691683,14
11764,513.1298540108761,6.430352518588206,93119,586.0312761189704,-1.722944617346204,30
11765,-89.08089556044335,-11.395370245901507,93124,-95.36861679384212,-10.95784818293233,28
11766,547.4639120280564,17.506603791760018,93127,586.0312761189704,-1.722944617346204,30
11767,-84.033687530149,3.4119146063921995,93134,-85.91178621041317,3.2728237667350073,24
11768,-100.19040287237188,-10.199005421491659,93142,-95.36861679384212,-10.95784818293233,28
11769,-110.63746298930019,-17.868854501526105,93143,-115.69510858146283,-11.595084171039186,39
11770,-102.93047286820538,1.3608773528559541,93144,-104.7190727296112,3.8815952186994593,7
11771,-134.86067773359858,-2.265417782061925,93148,-134.89656831690453,-0.030690791204986433,34
11772,-14.219146777987534,-7.100020007091479,93157,-6.878718007946434,-1.0926682779646681,10
11773,-155.0159866342895,-0.2229022274421444,93161,-152.23629829764135,4.213482038439798,37
11774,-103.85636516036092,0.21563538025334136,93172,-104.7190727296112,3.8815952186994593,7
11775,21.184492666924033,-25.97473514634336,93174,28.39696760572947,-22.91072472808294,12
11776,132.09858664868332,8.77023325580386,93175,135.4076551174278,-1.697351881935795,33
11777,56.48286849485522,-14.621174935731048,93176,70.166569844569,-14.692630117552799,9
11778,-56.94014321783905,-12.904508028866928,93178,-49.93530245157272,-0.19848027172185767,2
11779,531.6300968948273,-0.11492507555326271,93186,586.0312761189704,-1.722944617346204,30
11780,74.71181912570786,-17.278053644919996,93192,70.166569844569,-14.692630117552799,9
11781,65.5495593371902,-0.16432551508243842,93194,78.01149217232324,3.6022338347977136,6
11782,122.92992930319052,-18.66909911237197,93213,135.4076551174278,-1.697351881935795,33
11783,168.56282485387854,2.28718442639048,93237,172.66355239880147,-2.7112682595768685,38
11784,-120.04058533029792,-12.279828126461917,93239,-115.69510858146283,-11.595084171039186,39
11785,-78.93027920014364,2.2700328513449426,93246,-77.6204452281073,-4.536559244831727,5
11786,-101.27679376391981,6.408413961570043,93265,-104.7190727296112,3.8815952186994593,7
11787,373.00857959383524,-11.064312160404842,93266,417.6915390220547,-4.11857226961515,29
11788,253.7468749939098,-25.667046092105636,93273,227.03647807555316,-5.020718083634986,26
11789,-140.35128475214987,7.381229292837487,93278,-142.14616351708418,5.245197398204194,22
11790,102.33719009360888,4.5743306450207575,93285,104.96211155305676,-0.5414592591613776,31
11791,-126.31512156918939,7.33274978990683,93287,-123.80894152337959,5.566802721935252,23
11792,-18.042132475278454,6.244277336736153,93288,-6.878718007946434,-1.0926682779646681,10
11793,-145.08253987944917,1.9260677867034501,93300,-146.59606179012786,4.113086925586259,4
11794,115.97256761559369,-4.4832465615332575,93305,104.96211155305676,-0.5414592591613776,31
11795,-122.24168182352426,5.302014335867484,93306,-123.80894152337959,5.566802721935252,23
11796,13.34333248058453,0.903861299497263,93310,18.937510567705566,1.034768221250525,27
11797,-133.36803406303167,7.885615792434787,93332,-132.1080396739421,5.887059356646324,17
11798,-105.72264686988626,-1.710693586339342,93392,-109.71624596876933,-1.0040630408538558,16
11799,346.16209949814345,15.08166170509855,93415,302.44973475302317,-5.405747081354008,25
11800,446.55914461910083,-2.0229830063944623,93419,417.6915390220547,-4.11857226961515,29
11801,-46.158447032459435,-7.945258822677851,93422,-49.93530245157272,-0.19848027172185767,2
11802,1056.4399353116937,6.370507535993947,93461,861.6475783799328,6.515082937232454,35
11803,-17.859548599857504,3.2877864249867397,93465,-6.878718007946434,-1.0926682779646681,10
11804,119.73965113411055,-0.8757575940863819,93466,104.96211155305676,-0.5414592591613776,31
11805,-99.27586784311141,6.921024624415506,93475,-96.6939343764425,2.7165835152131033,15
11806,-45.00283740953315,4.926708723994165,93477,-49.93530245157272,-0.19848027172185767,2
11807,13.386661588093252,0.4790688422098991,93486,18.937510567705566,1.034768221250525,27
11808,-152.25573741881794,5.605248660144489,93498,-152.23629829764135,4.213482038439798,37
11809,883.8903710463921,8.339346981381576,93502,861.6475783799328,6.515082937232454,35
11810,-85.99328077657303,1.9772250101182332,93509,-85.91178621041317,3.2728237667350073,24
11811,-126.29744461872309,-8.813551194869754,93513,-130.75996572568545,-6.6137591708523855,18
11812,-81.66617251359206,-3.0414719717936434,93522,-77.6204452281073,-4.536559244831727,5
11813,-42.37729727842595,-34.071266162976926,93524,-49.93530245157272,-0.19848027172185767,2
11814,-119.36346828995995,-7.248118116977615,93539,-115.69510858146283,-11.595084171039186,39
11815,345.3029942355387,13.019546495003638,93554,302.44973475302317,-5.405747081354008,25
11816,-64.07363596551751,4.6242464780657615,93557,-66.8889597803445,2.169628081691683,14
11817,-106.07601389954596,1.9134196204539045,93560,-104.7190727296112,3.8815952186994593,7
11818,-68.40839957665324,-6.429090164054168,93564,-66.8889597803445,2.169628081691683,14
11819,-141.046183734113,0.679309114665072,93565,-141.0346653257256,-1.1036168920026446,0
11820,11.296822452919557,-13.349054592075309,93601,18.937510567705566,1.034768221250525,27
11821,723.4302499607742,-33.609448995361355,93608,586.0312761189704,-1.722944617346204,30
11822,-138.25567131228198,5.31944224484084,93625,-137.57400940459857,4.493303950559668,20
11823,-5.1453193577586065,7.18306781293506,93626,-6.878718007946434,-1.0926682779646681,10
11824,92.09207510182152,-6.992824217385858,93632,104.96211155305676,-0.5414592591613776,31
11825,-61.741205156569244,0.4524742908042656,93633,-66.8889597803445,2.169628081691683,14
11826,-118.40040002672411,8.821696609041297,93634,-114.33047638704419,5.73481138949136,19
11827,-45.346928605833206,9.917155383703324,93648,-49.93530245157272,-0.19848027172185767,2
11828,-118.39909531502414,8.801292952778631,93650,-114.33047638704419,5.73481138949136,19
11829,82.54402836603631,15.987725166465841,93661,78.01149217232324,3.6022338347977136,6
11830,-54.20107098110893,-8.157951718854505,93675,-49.93530245157272,-0.19848027172185767,2
11831,-82.22944727253113,6.710660783157209,93682,-85.91178621041317,3.2728237667350073,24
11832,-116.00058431007467,1.6581625907686746,93688,-118.09857507912784,0.7103841694799473,11
11833,35.17237563792252,3.9805273760908433,93694,47.997068783449585,1.2679199422360634,13
11834,-112.96989626681153,0.0006112056053921589,93695,-109.71624596876933,-1.0040630408538558,16
11835,71.89676185469403,9.625274687456528,93698,78.01149217232324,3.6022338347977136,6
11836,-117.40279856521543,8.888044329003833,93714,-114.33047638704419,5.73481138949136,19
11837,-150.90805244799375,-0.4550459018668602,93716,-148.09620948762597,-1.1157003398540595,36
11838,-124.15678158785384,4.428139231924815,93722,-123.80894152337959,5.566802721935252,23
11839,-146.33483248153516,6.906059188055132,93723,-146.59606179012786,4.113086925586259,4
11840,217.262124752676,-5.543162717730439,93725,227.03647807555316,-5.020718083634986,26
11841,-151.28601412713792,5.761801909471185,93732,-152.23629829764135,4.213482038439798,37
11842,-138.12505457776345,3.4802521736311838,93735,-137.57400940459857,4.493303950559668,20
11843,-88.40288665778073,9.886515455914285,93736,-85.91178621041317,3.2728237667350073,24
11844,-119.92117880816413,-0.16750759614526742,93741,-118.09857507912784,0.7103841694799473,11
11845,-135.15152135653773,4.106206903256757,93749,-137.57400940459857,4.493303950559668,20
11846,-27.843991185559332,-12.473353850644173,93750,-29.714479793685786,-1.264748112657314,8
11847,-137.05754512348392,1.5148136864923756,93754,-134.89656831690453,-0.030690791204986433,34
11848,-106.90305529972676,0.6802576051106414,93763,-109.71624596876933,-1.0040630408538558,16
11849,-16.120046437602102,-7.769151855128131,93770,-6.878718007946434,-1.0926682779646681,10
11850,29.104665353926492,4.347759836340497,93776,18.937510567705566,1.034768221250525,27
11851,98.00279275565886,9.273247765687325,93788,104.96211155305676,-0.5414592591613776,31
11852,-24.628034496816426,-1.900023460167052,93792,-29.714479793685786,-1.264748112657314,8
11853,-7.505730700738477,-16.45534317849686,93796,-6.878718007946434,-1.0926682779646681,10
11854,116.30825970233393,5.453201983428534,93798,104.96211155305676,-0.5414592591613776,31
11855,-91.06813233991983,4.057340379237257,93799,-85.91178621041317,3.2728237667350073,24
11856,-109.02935962373581,1.8757263699514306,93804,-109.71624596876933,-1.0040630408538558,16
11857,165.33779010716114,-22.79077964975448,93811,172.66355239880147,-2.7112682595768685,38
11858,-152.96046305666798,-1.3987401712855738,93825,-148.09620948762597,-1.1157003398540595,36
11859,267.27977477521057,-4.059516366682822,93834,302.44973475302317,-5.405747081354008,25
11860,-125.04057771420172,0.8284328787774863,93835,-123.94204162798616,-1.5144507595891967,3
11861,-149.32761109182087,6.689622125976045,93837,-146.59606179012786,4.113086925586259,4
11862,-67.14483832685272,6.132572558719354,93843,-66.8889597803445,2.169628081691683,14
11863,-9.085129848786329,-8.401489727572352,93846,-6.878718007946434,-1.0926682779646681,10
11864,204.14507810361656,-18.963068159357206,93865,227.03647807555316,-5.020718083634986,26
11865,173.90231888365415,12.745222059591901,93871,172.66355239880147,-2.7112682595768685,38
11866,-105.29714061359712,-7.934013490368548,93874,-109.71624596876933,-1.0040630408538558,16
11867,-7.6789320393674645,1.0240599211217891,93883,-6.878718007946434,-1.0926682779646681,10
11868,-34.85113285789559,2.2944840471463808,93894,-29.714479793685786,-1.264748112657314,8
11869,-27.16928653359175,7.339658749516213,93895,-29.714479793685786,-1.264748112657314,8
11870,-52.65665843230351,-0.7253213009889754,93903,-49.93530245157272,-0.19848027172185767,2
11871,-31.673339299337812,-0.0113553233304381,93904,-29.714479793685786,-1.264748112657314,8
11872,1099.5377104001705,20.69687736918838,93906,861.6475783799328,6.515082937232454,35
11873,350.9563962076446,17.62568045045651,93914,302.44973475302317,-5.405747081354008,25
11874,-40.91502487712222,2.5724650577137353,93935,-49.93530245157272,-0.19848027172185767,2
11875,-59.96068773731753,4.26459421263609,93945,-66.8889597803445,2.169628081691683,14
11876,-99.84111608265522,-0.022223463012860854,93947,-96.6939343764425,2.7165835152131033,15
11877,-137.81159501728794,-1.3387364872139051,93952,-134.89656831690453,-0.030690791204986433,34
11878,-115.40477611243519,-21.51695561136124,93976,-115.69510858146283,-11.595084171039186,39
11879,-150.1669577061426,3.1579690542266374,93984,-152.23629829764135,4.213482038439798,37
11880,-106.36136197541508,8.678088477684685,94010,-104.7190727296112,3.8815952186994593,7
11881,288.49561790701205,-6.382880848030603,94019,302.44973475302317,-5.405747081354008,25
11882,352.9552356927349,3.4521662863779876,94062,302.44973475302317,-5.405747081354008,25
11883,-62.905065067806284,2.489774268340221,94074,-66.8889597803445,2.169628081691683,14
11884,-114.21132008451215,4.742039243935315,94085,-114.33047638704419,5.73481138949136,19
11885,-145.90169987218636,-2.587158636898514,94091,-148.09620948762597,-1.1157003398540595,36
11886,9.042544328808518,5.380946885649506,94093,18.937510567705566,1.034768221250525,27
11887,-73.0646283363997,3.7578873480825914,94095,-66.8889597803445,2.169628081691683,14
11888,-44.756312048671965,0.569053793807676,94099,-49.93530245157272,-0.19848027172185767,2
11889,-111.00516084982476,2.8697840559479375,94106,-109.71624596876933,-1.0040630408538558,16
11890,-126.11289870302879,3.4384307661132967,94107,-123.80894152337959,5.566802721935252,23
11891,-122.0987007372015,2.147665258990067,94114,-123.80894152337959,5.566802721935252,23
11892,-69.6353298599153,-1.9894118098607028,94121,-66.8889597803445,2.169628081691683,14
11893,-111.22904970368076,5.1977813878773365,94123,-114.33047638704419,5.73481138949136,19
11894,-114.27909197335273,6.7566872409884615,94132,-114.33047638704419,5.73481138949136,19
11895,86.98055557730882,-20.400723358644182,94141,70.166569844569,-14.692630117552799,9
11896,139.29391405675148,-8.566801584453145,94147,135.4076551174278,-1.697351881935795,33
11897,-99.89672265832564,0.15477135761677097,94154,-96.6939343764425,2.7165835152131033,15
11898,-144.87087896104111,-1.1794283658131546,94161,-148.09620948762597,-1.1157003398540595,36
11899,-120.39659293305664,8.69479887996524,94170,-123.80894152337959,5.566802721935252,23
11900,-132.59926978805905,-5.395210289782403,94184,-130.75996572568545,-6.6137591708523855,18
11901,-78.47774221474032,-4.050879284689196,94191,-77.6204452281073,-4.536559244831727,5
11902,-136.219018642121,4.547170596773991,94198,-137.57400940459857,4.493303950559668,20
11903,8.70309498277418,-5.013774269069609,94219,18.937510567705566,1.034768221250525,27
11904,-9.8111953859165,1.8459331048527698,94223,-6.878718007946434,-1.0926682779646681,10
11905,-98.37028905981326,9.005965118057723,94224,-96.6939343764425,2.7165835152131033,15
11906,-125.27623289863145,6.479219541708767,94225,-123.80894152337959,5.566802721935252,23
11907,44.308409521597476,-26.745067528484427,94228,28.39696760572947,-22.91072472808294,12
11908,-85.35964142447258,-6.7566099731854905,94229,-77.6204452281073,-4.536559244831727,5
11909,-85.18969516438942,4.766736814878442,94236,-85.91178621041317,3.2728237667350073,24
11910,120.0526344618042,8.552245693107611,94238,104.96211155305676,-0.5414592591613776,31
11911,90.62200590769761,-1.3482629523228464,94244,78.01149217232324,3.6022338347977136,6
11912,-97.79733527616348,-0.45546338768336975,94254,-96.6939343764425,2.7165835152131033,15
11913,4.902189859152187,6.845362314306634,94272,-6.878718007946434,-1.0926682779646681,10
11914,-46.52961690838952,-3.9109290183958962,94279,-49.93530245157272,-0.19848027172185767,2
11915,-95.03801465827404,3.3213578389580927,94282,-96.6939343764425,2.7165835152131033,15
11916,-129.1017483748734,2.0829374087073744,94283,-129.1025175244067,1.5488809909733745,1
11917,-44.04966436973972,4.9475388507313545,94294,-49.93530245157272,-0.19848027172185767,2
11918,-96.03554999184924,3.2521990554648608,94307,-96.6939343764425,2.7165835152131033,15
11919,-42.75258571151399,1.0355375913029103,94308,-49.93530245157272,-0.19848027172185767,2
11920,-116.79472841043905,-0.8318618769539603,94313,-118.09857507912784,0.7103841694799473,11
11921,233.3550649222435,-49.4323985326824,94316,227.03647807555316,-5.020718083634986,26
11922,130.26775156366185,-8.660628602880655,94334,135.4076551174278,-1.697351881935795,33
11923,225.79268534444154,17.05037852984151,94344,227.03647807555316,-5.020718083634986,26
11924,263.4450363858804,6.982968198196223,94348,227.03647807555316,-5.020718083634986,26
11925,-138.05608022397885,2.9964150364971975,94353,-137.57400940459857,4.493303950559668,20
11926,-111.37749006721027,8.445780533706293,94363,-114.33047638704419,5.73481138949136,19
11927,-142.08224010796607,2.4671433931783233,94365,-142.14616351708418,5.245197398204194,22
11928,-129.93471171184498,-1.0527005084304664,94399,-129.1025175244067,1.5488809909733745,1
11929,-98.33300247343949,7.672974671354068,94402,-96.6939343764425,2.7165835152131033,15
11930,-80.26163078843697,7.968113405343569,94404,-85.91178621041317,3.2728237667350073,24
11931,-11.554065565781729,-17.010712271737294,94405,-6.878718007946434,-1.0926682779646681,10
11932,-133.36335994667803,7.74750550734843,94423,-132.1080396739421,5.887059356646324,17
11933,133.63530593422317,0.6323878051764564,94425,135.4076551174278,-1.697351881935795,33
11934,-110.91074517401195,-0.7483524469614602,94444,-109.71624596876933,-1.0040630408538558,16
11935,112.58287106930334,-13.821698797445519,94463,104.96211155305676,-0.5414592591613776,31
11936,178.50115639352512,3.810109844524959,94465,172.66355239880147,-2.7112682595768685,38
11937,-93.58823474414926,-4.4450370373683326,94493,-95.36861679384212,-10.95784818293233,28
11938,-100.39984812868585,-6.639371898688098,94494,-95.36861679384212,-10.95784818293233,28
11939,-154.04667427988647,0.9861859715762334,94498,-152.23629829764135,4.213482038439798,37
11940,-68.14390174583417,5.594845685910979,94507,-66.8889597803445,2.169628081691683,14
11941,-139.04434150518256,0.6606040897558594,94523,-141.0346653257256,-1.1036168920026446,0
11942,-131.35756049677397,7.669554597376247,94524,-132.1080396739421,5.887059356646324,17
11943,480.1773338259693,-24.09789247837584,94533,417.6915390220547,-4.11857226961515,29
11944,-134.1326484502237,2.6860285291943073,94538,-134.89656831690453,-0.030690791204986433,34
11945,-113.16776188848176,-10.911484782585548,94549,-115.69510858146283,-11.595084171039186,39
11946,-136.293128115341,6.693897127941413,94562,-137.57400940459857,4.493303950559668,20
11947,349.328956426395,-2.219439290737846,94572,302.44973475302317,-5.405747081354008,25
11948,-93.1087420036532,5.428565740197448,94590,-96.6939343764425,2.7165835152131033,15
11949,-98.19189589734391,5.114149898214229,94598,-96.6939343764425,2.7165835152131033,15
11950,-54.1695769631515,6.379883008225444,94604,-49.93530245157272,-0.19848027172185767,2
11951,-127.97288334690715,0.3115694967492804,94635,-129.1025175244067,1.5488809909733745,1
11952,-77.09958686004596,5.49377006426833,94643,-85.91178621041317,3.2728237667350073,24
11953,-113.12176740149278,3.3172530464303325,94659,-114.33047638704419,5.73481138949136,19
11954,-136.0713277220435,1.317500604284304,94663,-134.89656831690453,-0.030690791204986433,34
11955,-21.735874508810763,0.5088656922822598,94677,-29.714479793685786,-1.264748112657314,8
11956,21.346553198565083,1.489441461654704,94679,18.937510567705566,1.034768221250525,27
11957,-0.5159549576711426,-1.3873056381435553,94680,-6.878718007946434,-1.0926682779646681,10
11958,597.1847181809488,-20.250422739922662,94686,586.0312761189704,-1.722944617346204,30
11959,-49.89519177225028,1.4681881727776331,94689,-49.93530245157272,-0.19848027172185767,2
11960,-32.54628342748929,-2.807086550887111,94690,-29.714479793685786,-1.264748112657314,8
11961,-52.35806667279701,-5.727048571293669,94715,-49.93530245157272,-0.19848027172185767,2
11962,-97.52813026981104,-4.809468137812478,94719,-95.36861679384212,-10.95784818293233,28
11963,-62.36124642573169,-5.311126926586759,94720,-66.8889597803445,2.169628081691683,14
11964,540.2734395613709,-37.87202069553472,94723,586.0312761189704,-1.722944617346204,30
11965,-130.30656260166427,7.088979704363635,94739,-132.1080396739421,5.887059356646324,17
11966,117.53649915109025,-12.712152175805759,94744,104.96211155305676,-0.5414592591613776,31
11967,-61.88695363575298,1.5942473281384675,94752,-66.8889597803445,2.169628081691683,14
11968,-136.0996885150064,2.959703368399664,94756,-137.57400940459857,4.493303950559668,20
11969,-118.86534740501874,0.1588938046601601,94767,-118.09857507912784,0.7103841694799473,11
11970,-80.33718694612378,8.60933968146466,94774,-85.91178621041317,3.2728237667350073,24
11971,-115.16619646816919,4.768352469764899,94778,-114.33047638704419,5.73481138949136,19
11972,37.34091676973834,1.87387016893222,94787,47.997068783449585,1.2679199422360634,13
11973,-79.01518317836393,3.6171464095369372,94788,-85.91178621041317,3.2728237667350073,24
11974,-118.71036613233612,-2.7093281080626825,94801,-118.09857507912784,0.7103841694799473,11
11975,-137.28657067302424,6.002632601991557,94807,-137.57400940459857,4.493303950559668,20
11976,-30.609798722859324,-0.8621282652892405,94813,-29.714479793685786,-1.264748112657314,8
11977,242.47448971301534,-7.717153832566658,94825,227.03647807555316,-5.020718083634986,26
11978,-131.15228944901992,3.1853892319782293,94827,-129.1025175244067,1.5488809909733745,1
11979,27.21654902807502,2.367508210030069,94828,18.937510567705566,1.034768221250525,27
11980,53.66512300854026,-2.392225206646367,94832,47.997068783449585,1.2679199422360634,13
11981,-3.5654899820489936,-0.8649247951062634,94834,-6.878718007946434,-1.0926682779646681,10
11982,-94.95171627308876,1.9514636429093204,94837,-96.6939343764425,2.7165835152131033,15
11983,5.166065319474362,-12.138572130208624,94838,-6.878718007946434,-1.0926682779646681,10
11984,-128.37675936141042,8.141372923500201,94842,-132.1080396739421,5.887059356646324,17
11985,-51.008168875134885,4.434374479887532,94845,-49.93530245157272,-0.19848027172185767,2
11986,134.42895219032258,-10.580418445996179,94865,135.4076551174278,-1.697351881935795,33
11987,-92.24424692387758,6.373249817616251,94867,-96.6939343764425,2.7165835152131033,15
11988,334.09217758095633,-13.555791240233411,94872,302.44973475302317,-5.405747081354008,25
11989,-114.58865377593123,-4.781564480584236,94877,-109.71624596876933,-1.0040630408538558,16
11990,-113.71875837398746,-2.430699861226553,94878,-109.71624596876933,-1.0040630408538558,16
11991,319.4202748998773,-4.213011412675753,94884,302.44973475302317,-5.405747081354008,25
11992,-125.31570437943425,7.344064171668888,94885,-123.80894152337959,5.566802721935252,23
11993,-22.42367715544064,-3.26706656211257,94887,-29.714479793685786,-1.264748112657314,8
11994,237.67382590563383,3.584036221723066,94888,227.03647807555316,-5.020718083634986,26
11995,-116.17775747838006,5.005962902478769,94904,-114.33047638704419,5.73481138949136,19
11996,86.69031624069589,-1.3634162342448928,94909,78.01149217232324,3.6022338347977136,6
11997,-67.61475264169793,-17.134016792258446,94911,-77.6204452281073,-4.536559244831727,5
11998,-70.69068343443621,-1.3086784047824713,94912,-66.8889597803445,2.169628081691683,14
11999,201.86869089337807,-0.24933657129472842,94919,227.03647807555316,-5.020718083634986,26
12000,88.59904555804813,-0.3620589831851138,94926,78.01149217232324,3.6022338347977136,6
12001,-34.9888654786833,-9.931408566436023,94935,-29.714479793685786,-1.264748112657314,8
12002,177.1766439757881,9.363067226560341,94941,172.66355239880147,-2.7112682595768685,38
12003,101.0316915832661,8.685508647137715,94944,104.96211155305676,-0.5414592591613776,31
12004,-53.03326635773859,4.959213831348088,94954,-49.93530245157272,-0.19848027172185767,2
12005,-129.1420451917587,4.025718020994954,94966,-129.1025175244067,1.5488809909733745,1
12006,-97.95300102834844,0.9150054947764077,94975,-96.6939343764425,2.7165835152131033,15
12007,-126.02085544585535,0.38282434016128697,94984,-123.94204162798616,-1.5144507595891967,3
12008,-53.08322822941653,5.546586409475107,94995,-49.93530245157272,-0.19848027172185767,2
12009,1190.546150155938,52.521187205105306,95028,1342.5649032771717,32.04824045393157,32
12010,-2.3140001227756533,10.415862872564885,95034,-6.878718007946434,-1.0926682779646681,10
12011,74.96250882742872,-78.08967488044948,95062,110.19899446847099,-35.665903512662624,21
12012,-74.56088595083139,-3.1976460281248884,95071,-77.6204452281073,-4.536559244831727,5
12013,-129.07284259363922,1.4663831120821198,95080,-129.1025175244067,1.5488809909733745,1
12014,-5.691180242145977,0.3236354559714957,95083,-6.878718007946434,-1.0926682779646681,10
12015,-96.43028903175359,-5.916568248653106,95088,-95.36861679384212,-10.95784818293233,28
12016,105.70815343060032,-0.9189130683418346,95089,104.96211155305676,-0.5414592591613776,31
12017,-58.132713953899376,6.035797360291576,95090,-66.8889597803445,2.169628081691683,14
12018,106.41417199026206,2.9435361226534456,95099,104.96211155305676,-0.5414592591613776,31
12019,-134.2653282466363,5.610250956830363,95102,-132.1080396739421,5.887059356646324,17
12020,-31.602690304844682,-1.5528821952186618,95106,-29.714479793685786,-1.264748112657314,8
12021,-122.03502423966073,3.3225658427556284,95109,-123.80894152337959,5.566802721935252,23
12022,-80.77495008715408,-0.1569777343953575,95121,-77.6204452281073,-4.536559244831727,5
12023,-124.03936412348551,1.334161151341462,95134,-123.94204162798616,-1.5144507595891967,3
12024,175.14783763705648,8.921402161029139,95136,172.66355239880147,-2.7112682595768685,38
12025,-126.21987300356578,4.727885338576144,95138,-123.80894152337959,5.566802721935252,23
12026,-90.6499702463562,-3.042770263437332,95156,-85.91178621041317,3.2728237667350073,24
12027,-58.81041395245011,0.4907174410638332,95163,-66.8889597803445,2.169628081691683,14
12028,-117.10187889786664,2.303745503950881,95165,-118.09857507912784,0.7103841694799473,11
12029,-21.089501829343995,6.2178049083435365,95169,-29.714479793685786,-1.264748112657314,8
12030,-36.055517776771126,6.242491704768793,95174,-29.714479793685786,-1.264748112657314,8
12031,973.138731110138,7.454433065975975,95188,861.6475783799328,6.515082937232454,35
12032,41.66230624757643,-17.26656499104691,95196,28.39696760572947,-22.91072472808294,12
12033,-93.69637758556969,-3.1167101896500213,95204,-96.6939343764425,2.7165835152131033,15
12034,251.90225648418087,0.869217483616988,95205,227.03647807555316,-5.020718083634986,26
12035,26.640075976993216,-2.820059152446475,95210,18.937510567705566,1.034768221250525,27
12036,-134.9567985683474,-0.6589239967138326,95211,-134.89656831690453,-0.030690791204986433,34
12037,-126.85242926325958,-1.271811553510335,95231,-123.94204162798616,-1.5144507595891967,3
12038,-93.01206689201229,3.8352605162234332,95233,-96.6939343764425,2.7165835152131033,15
12039,-132.29903485745564,6.877633680039423,95240,-132.1080396739421,5.887059356646324,17
12040,151.46445926383984,17.342305808691272,95241,135.4076551174278,-1.697351881935795,33
12041,-129.6146155689169,-4.990908944084344,95258,-130.75996572568545,-6.6137591708523855,18
12042,-123.05337235258641,2.1649971889968844,95259,-123.80894152337959,5.566802721935252,23
12043,-25.93435497607727,3.244209252631759,95264,-29.714479793685786,-1.264748112657314,8
12044,292.5023074874606,-6.469453971004971,95268,302.44973475302317,-5.405747081354008,25
12045,-0.11448843308324279,6.060226138740118,95279,-6.878718007946434,-1.0926682779646681,10
12046,-49.354541108245435,9.497816712288095,95281,-49.93530245157272,-0.19848027172185767,2
12047,-63.16776332655653,-9.051183958828071,95284,-66.8889597803445,2.169628081691683,14
12048,-96.13315074532913,4.374892723780899,95285,-96.6939343764425,2.7165835152131033,15
12049,-121.1336440855971,4.478281948220139,95290,-123.80894152337959,5.566802721935252,23
12050,-53.0746281433046,-9.374828059563049,95300,-49.93530245157272,-0.19848027172185767,2
12051,-103.93248360068179,0.3583295983617551,95312,-104.7190727296112,3.8815952186994593,7
12052,-102.84621905564359,-1.5115372646699237,95316,-104.7190727296112,3.8815952186994593,7
12053,-92.39377279666134,9.623224906424847,95343,-96.6939343764425,2.7165835152131033,15
12054,-152.0524478378216,1.1421987197710695,95348,-152.23629829764135,4.213482038439798,37
12055,-153.86715300159614,-2.9493900537534383,95370,-148.09620948762597,-1.1157003398540595,36
12056,-127.25171051008364,5.406882167304486,95379,-123.80894152337959,5.566802721935252,23
12057,-66.99366647519093,3.341979907052281,95384,-66.8889597803445,2.169628081691683,14
12058,1.2952459407424417,1.7595857616919182,95400,-6.878718007946434,-1.0926682779646681,10
12059,-71.72238573934109,-15.358400300170608,95406,-77.6204452281073,-4.536559244831727,5
12060,-11.468689482736355,-2.6217713965334704,95428,-6.878718007946434,-1.0926682779646681,10
12061,-119.26517822961544,-8.885968748105714,95431,-115.69510858146283,-11.595084171039186,39
12062,-118.26437013223061,5.853153474684832,95436,-114.33047638704419,5.73481138949136,19
12063,-139.05898447751687,2.0290620247774354,95440,-137.57400940459857,4.493303950559668,20
12064,-113.05651847623372,2.9195125791357426,95443,-114.33047638704419,5.73481138949136,19
12065,44.79134351625336,10.451055886268314,95453,47.997068783449585,1.2679199422360634,13
12066,-74.9758773622476,3.333401729769472,95454,-66.8889597803445,2.169628081691683,14
12067,-87.98783772112046,2.351088769868514,95456,-85.91178621041317,3.2728237667350073,24
12068,222.64045537828017,-11.693653527674309,95461,227.03647807555316,-5.020718083634986,26
12069,-92.94561143336199,0.2922895748522073,95462,-96.6939343764425,2.7165835152131033,15
12070,-45.78040536307787,1.0787859177546835,95468,-49.93530245157272,-0.19848027172185767,2
12071,-115.39876184889206,8.845274210485657,95473,-114.33047638704419,5.73481138949136,19
12072,-106.74229188531774,-2.824910904877077,95484,-109.71624596876933,-1.0040630408538558,16
12073,-20.911579085010146,3.342712346026694,95493,-29.714479793685786,-1.264748112657314,8
12074,20.44079814517719,-0.09151038515426885,95499,18.937510567705566,1.034768221250525,27
12075,327.8614717729836,4.082961239129212,95512,302.44973475302317,-5.405747081354008,25
12076,952.7332019506016,41.86568232997812,95513,861.6475783799328,6.515082937232454,35
12077,30.85541391869089,7.780574961543976,95515,18.937510567705566,1.034768221250525,27
12078,21.134831560613403,4.572396139958815,95520,18.937510567705566,1.034768221250525,27
12079,-139.92175663391066,-1.5220614077361523,95522,-141.0346653257256,-1.1036168920026446,0
12080,60.51878014979817,0.407217699384688,95524,47.997068783449585,1.2679199422360634,13
12081,-71.14078400488103,5.4814399317084455,95528,-66.8889597803445,2.169628081691683,14
12082,-88.98127195785831,2.6881428345025267,95544,-85.91178621041317,3.2728237667350073,24
12083,-106.94261694787652,0.5326978694420709,95546,-109.71624596876933,-1.0040630408538558,16
12084,13.031320304448663,6.205776167969218,95549,18.937510567705566,1.034768221250525,27
12085,79.1935454336517,-23.664342970213863,95552,70.166569844569,-14.692630117552799,9
12086,-113.81470456968506,-1.3685588778772544,95555,-109.71624596876933,-1.0040630408538558,16
12087,-136.1486222386655,4.051429916559081,95578,-137.57400940459857,4.493303950559668,20
12088,2.2121348091594415,3.0937300165699164,95585,-6.878718007946434,-1.0926682779646681,10
12089,-101.06685007812543,3.3477659795621073,95587,-104.7190727296112,3.8815952186994593,7
12090,-135.2948122639605,6.227857705708165,95588,-137.57400940459857,4.493303950559668,20
12091,-141.19306193850204,4.398113191022675,95593,-142.14616351708418,5.245197398204194,22
12092,108.94617818997015,9.140197732158995,95594,104.96211155305676,-0.5414592591613776,31
12093,-63.18163882733514,-8.734640668795894,95604,-66.8889597803445,2.169628081691683,14
12094,-94.20808723037837,5.53896811724324,95613,-96.6939343764425,2.7165835152131033,15
12095,710.0875813759301,-0.46482915035032624,95620,586.0312761189704,-1.722944617346204,30
12096,-43.144702896455904,6.0200847226236585,95627,-49.93530245157272,-0.19848027172185767,2
12097,-110.13376254731962,4.662402682782805,95629,-114.33047638704419,5.73481138949136,19
12098,-148.0386797183563,0.39897921355831156,95643,-148.09620948762597,-1.1157003398540595,36
12099,-89.24586075311828,-8.292083249901449,95665,-95.36861679384212,-10.95784818293233,28
12100,-99.86329316041262,-0.5795377610303023,95669,-96.6939343764425,2.7165835152131033,15
12101,-125.29953542558083,6.497749456724977,95670,-123.80894152337959,5.566802721935252,23
12102,-132.29186610613306,6.224227445364069,95671,-132.1080396739421,5.887059356646324,17
12103,552.4693848935211,-11.471989603881646,95678,586.0312761189704,-1.722944617346204,30
12104,-95.24103704962333,-9.5280532593616,95686,-95.36861679384212,-10.95784818293233,28
12105,303.55299565930056,-6.888829482449772,95692,302.44973475302317,-5.405747081354008,25
12106,-4.586128891296632,-15.667448624428394,95693,-6.878718007946434,-1.0926682779646681,10
12107,-123.49680174623134,-5.429525499273208,95706,-123.94204162798616,-1.5144507595891967,3
12108,901.6357370196262,26.879708560597486,95710,861.6475783799328,6.515082937232454,35
12109,815.6670983114514,-5.221712396959965,95738,861.6475783799328,6.515082937232454,35
12110,378.5958906484152,9.193982415622434,95739,417.6915390220547,-4.11857226961515,29
12111,-133.16986529065863,4.034921796799666,95747,-132.1080396739421,5.887059356646324,17
12112,-146.2013805687655,4.519855217842239,95752,-146.59606179012786,4.113086925586259,4
12113,-89.73532774653978,-0.6331515391999051,95762,-85.91178621041317,3.2728237667350073,24
12114,-21.72716186912657,-0.20331325597088518,95774,-29.714479793685786,-1.264748112657314,8
12115,-124.08166218309049,1.7425763193146988,95775,-123.94204162798616,-1.5144507595891967,3
12116,-93.18883299110615,5.63363035630192,95796,-96.6939343764425,2.7165835152131033,15
12117,-78.81677074381305,-0.7353558471989983,95810,-77.6204452281073,-4.536559244831727,5
12118,94.31519795409785,4.427345911398745,95811,104.96211155305676,-0.5414592591613776,31
12119,-103.12346959032718,4.0198073197841655,95820,-104.7190727296112,3.8815952186994593,7
12120,-79.149517361042,6.0360911998359095,95829,-85.91178621041317,3.2728237667350073,24
12121,15.930514201526513,-7.826796955742607,95833,18.937510567705566,1.034768221250525,27
12122,-107.35712747091449,8.55571069827094,95853,-104.7190727296112,3.8815952186994593,7
12123,-72.93550788645686,2.4793004565632177,95868,-66.8889597803445,2.169628081691683,14
12124,-59.72155239091457,-0.4390651656945686,95880,-66.8889597803445,2.169628081691683,14
12125,-1.0954473673554066,7.707986826872668,95885,-6.878718007946434,-1.0926682779646681,10
12126,4.008794805317061,-9.220031877905662,95895,-6.878718007946434,-1.0926682779646681,10
12127,-112.84922592076687,-1.6411075496503433,95906,-109.71624596876933,-1.0040630408538558,16
12128,-124.06240982783633,1.3150919955316722,95918,-123.94204162798616,-1.5144507595891967,3
12129,35.97655350704062,7.789654746863512,95936,47.997068783449585,1.2679199422360634,13
12130,-87.07067640233207,3.123871285963164,95954,-85.91178621041317,3.2728237667350073,24
12131,-105.15712687567977,4.227763974327539,95955,-104.7190727296112,3.8815952186994593,7
12132,492.53266719349676,-14.386104282806413,95958,417.6915390220547,-4.11857226961515,29
12133,-135.1437513302697,2.9292254393355877,95960,-137.57400940459857,4.493303950559668,20
12134,-107.12742532745334,4.058626179253684,95971,-104.7190727296112,3.8815952186994593,7
12135,-48.40713317351637,-19.82058418152218,95976,-49.93530245157272,-0.19848027172185767,2
12136,6.967066048749639,5.44693215379269,95982,18.937510567705566,1.034768221250525,27
12137,-140.88784290375875,-1.250827249754992,95988,-141.0346653257256,-1.1036168920026446,0
12138,-119.23390770166506,5.658360192824009,95993,-123.80894152337959,5.566802721935252,23
12139,-69.38090216091724,10.24929162728318,96002,-66.8889597803445,2.169628081691683,14
12140,101.09931148998369,-7.506555397971026,96008,104.96211155305676,-0.5414592591613776,31
12141,-113.15608697451944,3.5707148234642134,96016,-114.33047638704419,5.73481138949136,19
12142,110.39013419698357,3.5485720931538487,96018,104.96211155305676,-0.5414592591613776,31
12143,-79.288154958743,8.049862015659894,96028,-85.91178621041317,3.2728237667350073,24
12144,155.04204233061913,-4.334283798636416,96036,172.66355239880147,-2.7112682595768685,38
12145,-7.183377033364263,-6.735237510574445,96038,-6.878718007946434,-1.0926682779646681,10
12146,-144.0246738005925,1.1832568279465863,96041,-141.0346653257256,-1.1036168920026446,0
12147,-66.02417660709645,-25.43253068163824,96045,-77.6204452281073,-4.536559244831727,5
12148,29.044391893004825,6.698053699316901,96053,18.937510567705566,1.034768221250525,27
12149,577.8681069234252,-1.9858544994014955,96058,586.0312761189704,-1.722944617346204,30
12150,736.6703554569937,20.784560594530486,96110,861.6475783799328,6.515082937232454,35
12151,154.14542550042387,9.14858282880414,96113,135.4076551174278,-1.697351881935795,33
12152,110.34729174280069,-24.952668709953887,96123,110.19899446847099,-35.665903512662624,21
12153,184.10091320561597,10.105019181950924,96136,172.66355239880147,-2.7112682595768685,38
12154,-50.130546733402184,5.601771901616119,96137,-49.93530245157272,-0.19848027172185767,2
12155,-55.05646807088035,4.906961777360864,96145,-49.93530245157272,-0.19848027172185767,2
12156,-127.37800279404362,8.184482581788304,96146,-123.80894152337959,5.566802721935252,23
12157,-153.02159776410133,-0.06150642426392565,96152,-152.23629829764135,4.213482038439798,37
12158,-31.736316446702947,0.35347851481198156,96161,-29.714479793685786,-1.264748112657314,8
12159,258.68832682830794,19.37340502514361,96169,227.03647807555316,-5.020718083634986,26
12160,-103.10691677703893,4.196174460839698,96178,-104.7190727296112,3.8815952186994593,7
12161,-120.96417547310907,0.24583396027115278,96181,-118.09857507912784,0.7103841694799473,11
12162,326.0963171414381,-13.775738869781595,96186,302.44973475302317,-5.405747081354008,25
12163,62.32978270912353,3.0564542240619588,96193,47.997068783449585,1.2679199422360634,13
12164,-92.89772806683374,0.2808007970351508,96201,-96.6939343764425,2.7165835152131033,15
12165,659.6801813514825,3.509182858358679,96216,586.0312761189704,-1.722944617346204,30
12166,36.03020235754915,6.6152083847211145,96222,47.997068783449585,1.2679199422360634,13
12167,221.7390129747399,-12.332287266928814,96227,227.03647807555316,-5.020718083634986,26
12168,-57.79972229697646,1.2955980933458868,96233,-49.93530245157272,-0.19848027172185767,2
12169,-49.3086164382392,-6.748432572569924,96247,-49.93530245157272,-0.19848027172185767,2
12170,-121.08466883638351,2.8800236493332383,96254,-118.09857507912784,0.7103841694799473,11
12171,49.87795101486191,8.123244289922887,96261,47.997068783449585,1.2679199422360634,13
12172,-41.047454289732194,4.46609506364847,96292,-49.93530245157272,-0.19848027172185767,2
12173,25.05138987661218,5.955440737111651,96315,18.937510567705566,1.034768221250525,27
12174,-13.241495366806822,9.172814918873586,96322,-6.878718007946434,-1.0926682779646681,10
12175,139.54997366525166,-26.854544601593087,96328,135.4076551174278,-1.697351881935795,33
12176,-120.11369539720357,4.052886100338694,96334,-118.09857507912784,0.7103841694799473,11
12177,-50.63299144445355,-1.2054908120522032,96340,-49.93530245157272,-0.19848027172185767,2
12178,-33.87361638448993,-12.441127969767148,96366,-29.714479793685786,-1.264748112657314,8
12179,-121.20453917580413,5.014459436815954,96372,-123.80894152337959,5.566802721935252,23
12180,-24.67763319616928,0.22688223428065585,96389,-29.714479793685786,-1.264748112657314,8
12181,28.15998516798855,-10.590732924219724,96395,28.39696760572947,-22.91072472808294,12
12182,-37.98523773216653,3.1286548631435407,96399,-29.714479793685786,-1.264748112657314,8
12183,-113.03453097690453,2.4308042608279705,96402,-114.33047638704419,5.73481138949136,19
12184,289.9872114053652,-56.693517203454675,96403,302.44973475302317,-5.405747081354008,25
12185,-108.91337713030275,1.3766359837658357,96417,-109.71624596876933,-1.0040630408538558,16
12186,22.0275381567427,-9.85814946858954,96434,18.937510567705566,1.034768221250525,27
12187,-1.8018853596958113,-26.653171549384147,96436,-6.878718007946434,-1.0926682779646681,10
12188,-25.66442887248795,-0.0974677101053901,96465,-29.714479793685786,-1.264748112657314,8
12189,-70.43157789949612,-4.936119936932959,96466,-77.6204452281073,-4.536559244831727,5
12190,-84.31935922703587,8.147083887152885,96480,-85.91178621041317,3.2728237667350073,24
12191,-99.12647783008687,3.6652964478211043,96487,-96.6939343764425,2.7165835152131033,15
12192,4.836514943280817,7.759528578167855,96492,-6.878718007946434,-1.0926682779646681,10
12193,182.20574952948292,7.768566246223104,96501,172.66355239880147,-2.7112682595768685,38
12194,-127.96820892085086,-0.8119581143787589,96505,-129.1025175244067,1.5488809909733745,1
12195,-119.75473437979564,-3.3124569342607346,96506,-118.09857507912784,0.7103841694799473,11
12196,-30.63306962846941,-0.35083832499360174,96509,-29.714479793685786,-1.264748112657314,8
12197,-56.65794454428077,-1.2752083794726117,96516,-49.93530245157272,-0.19848027172185767,2
12198,-88.77364243591634,-1.3416572683357113,96545,-85.91178621041317,3.2728237667350073,24
12199,-51.94389544712872,3.0189790099856877,96555,-49.93530245157272,-0.19848027172185767,2
12200,-150.95343190113834,-0.5007165396860437,96556,-148.09620948762597,-1.1157003398540595,36
12201,-60.42041623790391,-6.03155394279983,96561,-66.8889597803445,2.169628081691683,14
12202,-94.80215629044882,-0.3065949175786055,96566,-96.6939343764425,2.7165835152131033,15
12203,-119.112420649496,3.547858006404406,96570,-118.09857507912784,0.7103841694799473,11
12204,26.031130747816608,6.414027478719451,96573,18.937510567705566,1.034768221250525,27
12205,-110.08649858008707,3.6416634545211592,96606,-109.71624596876933,-1.0040630408538558,16
12206,52.05685323066297,6.289399949344248,96608,47.997068783449585,1.2679199422360634,13
12207,-37.463633076627985,-3.6664493222098407,96611,-29.714479793685786,-1.264748112657314,8
12208,-137.25327552863124,5.7830005219878995,96616,-137.57400940459857,4.493303950559668,20
12209,60.100733044239014,6.4917020567420405,96625,47.997068783449585,1.2679199422360634,13
12210,-104.77048933035387,-1.1663827362375307,96635,-109.71624596876933,-1.0040630408538558,16
12211,-144.91019261823,-2.3469440935783075,96644,-148.09620948762597,-1.1157003398540595,36
12212,214.84266884680582,-14.195012239249493,96660,227.03647807555316,-5.020718083634986,26
12213,577.0338358003365,10.129196559223198,96667,586.0312761189704,-1.722944617346204,30
12214,-113.58854126051865,-3.761195012045364,96670,-109.71624596876933,-1.0040630408538558,16
12215,5.7046675331878545,10.128245859903867,96680,18.937510567705566,1.034768221250525,27
12216,-131.7268300018565,-1.5509176839806271,96694,-134.89656831690453,-0.030690791204986433,34
12217,-55.211462690240545,-22.68670712163547,96697,-49.93530245157272,-0.19848027172185767,2
12218,-152.15934541545343,3.4924556368643813,96715,-152.23629829764135,4.213482038439798,37
12219,-154.2518696165364,5.483359137776888,96722,-152.23629829764135,4.213482038439798,37
12220,80.13162428437585,-22.797538426675278,96726,70.166569844569,-14.692630117552799,9
12221,24.191379143139997,3.390753669789728,96734,18.937510567705566,1.034768221250525,27
12222,-94.9642536026544,1.7013565081369149,96738,-96.6939343764425,2.7165835152131033,15
12223,-59.46237981906517,-5.096878906164658,96771,-66.8889597803445,2.169628081691683,14
12224,-126.79613281679387,-1.4840691078565915,96786,-123.94204162798616,-1.5144507595891967,3
12225,-111.27814670484386,6.779096209534251,96809,-114.33047638704419,5.73481138949136,19
12226,-151.17289736698186,3.284462467422368,96816,-152.23629829764135,4.213482038439798,37
12227,-96.83902799876681,-0.5517239945663394,96823,-96.6939343764425,2.7165835152131033,15
12228,34.650526661067225,-2.8987694778299216,96824,47.997068783449585,1.2679199422360634,13
12229,-131.22872447899513,5.864311950265806,96850,-132.1080396739421,5.887059356646324,17
12230,-70.9907168441705,3.722922995409276,96851,-66.8889597803445,2.169628081691683,14
12231,75.64875354464174,-1.1633208111290483,96854,78.01149217232324,3.6022338347977136,6
12232,-83.20680501711476,6.212296670317434,96855,-85.91178621041317,3.2728237667350073,24
12233,-116.0581095766798,2.386297470453441,96875,-118.09857507912784,0.7103841694799473,11
12234,-131.80083635388107,-0.4359038042482017,96881,-134.89656831690453,-0.030690791204986433,34
12235,-22.464893031138946,-17.612689087973934,96902,-29.714479793685786,-1.264748112657314,8
12236,-102.26239868390373,7.10391445961329,96904,-104.7190727296112,3.8815952186994593,7
12237,-33.89237218610563,2.2001092972655267,96928,-29.714479793685786,-1.264748112657314,8
12238,-55.095651397834615,5.783080522333806,96945,-49.93530245157272,-0.19848027172185767,2
12239,-124.99174225839369,0.7825573360871342,96972,-123.94204162798616,-1.5144507595891967,3
12240,186.8232088330712,-14.753057335292246,96980,172.66355239880147,-2.7112682595768685,38
12241,-99.22870871605947,6.389863453980519,96981,-96.6939343764425,2.7165835152131033,15
12242,-23.043805635625375,6.201974240285578,96986,-29.714479793685786,-1.264748112657314,8
12243,-132.10038834412074,2.5366388539016924,96989,-129.1025175244067,1.5488809909733745,1
12244,-139.24043346159965,5.4863015526517875,96991,-137.57400940459857,4.493303950559668,20
12245,-124.00008969078527,0.9773481919050324,96998,-123.94204162798616,-1.5144507595891967,3
12246,-124.20681514396406,4.496058294185363,97003,-123.80894152337959,5.566802721935252,23
12247,343.4594589778567,-18.36389154247924,97006,302.44973475302317,-5.405747081354008,25
12248,66.12061133783652,6.663802228060456,97024,78.01149217232324,3.6022338347977136,6
12249,-102.21852309984304,5.61714989559926,97028,-104.7190727296112,3.8815952186994593,7
12250,-11.310414955951039,-33.98596745026409,97040,-6.878718007946434,-1.0926682779646681,10
12251,-141.2759320706117,5.715960292296045,97046,-142.14616351708418,5.245197398204194,22
12252,101.00623109611549,-5.486689035352279,97054,104.96211155305676,-0.5414592591613776,31
12253,-90.3884558023749,-6.722939379211054,97057,-95.36861679384212,-10.95784818293233,28
12254,-114.87984726070718,0.03920887555764312,97066,-118.09857507912784,0.7103841694799473,11
12255,-119.60281189452216,-5.083890286051841,97073,-123.94204162798616,-1.5144507595891967,3
12256,288.52683536360917,7.670768460190668,97082,302.44973475302317,-5.405747081354008,25
12257,248.9882617841257,14.700566985045016,97104,227.03647807555316,-5.020718083634986,26
12258,-55.66782573824082,-0.5342024890224399,97107,-49.93530245157272,-0.19848027172185767,2
12259,-19.61153833310856,-0.12955457918187857,97112,-29.714479793685786,-1.264748112657314,8
12260,282.53867448796194,22.033594858351442,97114,302.44973475302317,-5.405747081354008,25
12261,267.2888186653863,-4.7704068295374205,97122,302.44973475302317,-5.405747081354008,25
12262,1.6836239939996005,-18.914847359577585,97135,-6.878718007946434,-1.0926682779646681,10
12263,-118.8625469433363,-0.40086213190707726,97166,-118.09857507912784,0.7103841694799473,11
12264,214.92824568745777,-43.99918242789722,97168,227.03647807555316,-5.020718083634986,26
12265,26.06278368670919,-9.010762801417343,97180,18.937510567705566,1.034768221250525,27
12266,20.389924124333813,0.006451178846461332,97181,18.937510567705566,1.034768221250525,27
12267,-45.35622566349974,-5.644421305890117,97186,-49.93530245157272,-0.19848027172185767,2
12268,-61.78689590565531,0.9456427084985312,97187,-66.8889597803445,2.169628081691683,14
12269,-115.1848023631218,5.170189438998946,97202,-114.33047638704419,5.73481138949136,19
12270,-50.82960142452166,2.078627960652521,97208,-49.93530245157272,-0.19848027172185767,2
12271,18.056414111336696,-9.51259968011467,97225,18.937510567705566,1.034768221250525,27
12272,-140.17508050184114,4.028602715066433,97226,-142.14616351708418,5.245197398204194,22
12273,-82.89781283012844,0.4741775508590079,97242,-85.91178621041317,3.2728237667350073,24
12274,-87.5327407636954,-4.030792119157326,97244,-85.91178621041317,3.2728237667350073,24
12275,68.94911075434939,-5.797244473427881,97251,70.166569844569,-14.692630117552799,9
12276,593.9449533651983,26.569876141912278,97254,586.0312761189704,-1.722944617346204,30
12277,-38.431580423058996,-4.38825473391257,97258,-29.714479793685786,-1.264748112657314,8
12278,171.21936373411413,-6.402322914371402,97278,172.66355239880147,-2.7112682595768685,38
12279,37.62662417040841,-1.8288579679379253,97284,47.997068783449585,1.2679199422360634,13
12280,44.89602477471413,-6.068634465185318,97323,47.997068783449585,1.2679199422360634,13
12281,233.14437650069175,11.514104656622456,97327,227.03647807555316,-5.020718083634986,26
12282,-89.92313411636962,1.9187473940785928,97344,-85.91178621041317,3.2728237667350073,24
12283,-111.0465045001747,2.2333182476257787,97363,-109.71624596876933,-1.0040630408538558,16
12284,-89.29585588176295,8.060032520862757,97365,-85.91178621041317,3.2728237667350073,24
12285,304.5556853110981,-6.910732228013497,97372,302.44973475302317,-5.405747081354008,25
12286,-128.31314800834997,7.267936050044859,97384,-132.1080396739421,5.887059356646324,17
12287,-143.1788354117601,3.5510274501606163,97411,-142.14616351708418,5.245197398204194,22
12288,-129.22004034413064,4.690518954465788,97431,-132.1080396739421,5.887059356646324,17
12289,865.1020176327224,-24.03385087732874,97439,861.6475783799328,6.515082937232454,35
12290,9.822737214366322,9.164393162445682,97473,18.937510567705566,1.034768221250525,27
12291,-2.423066317736223,-2.943259330038303,97479,-6.878718007946434,-1.0926682779646681,10
12292,-136.13983418283277,2.807697676669516,97481,-137.57400940459857,4.493303950559668,20
12293,-120.3296893907398,7.752780895248977,97505,-123.80894152337959,5.566802721935252,23
12294,-75.49736492379675,-5.612242955501488,97515,-77.6204452281073,-4.536559244831727,5
12295,-97.85409983145165,0.8027764517533182,97519,-96.6939343764425,2.7165835152131033,15
12296,-51.22715353498576,-36.489363232888685,97522,-49.93530245157272,-0.19848027172185767,2
12297,-54.66310936152893,-1.1303026955614826,97527,-49.93530245157272,-0.19848027172185767,2
12298,-114.27759315132562,-9.549718732767102,97567,-115.69510858146283,-11.595084171039186,39
12299,-123.04554132485572,2.4979649262714676,97570,-123.80894152337959,5.566802721935252,23
12300,15.681579553265951,-3.9183809914789127,97574,18.937510567705566,1.034768221250525,27
12301,-150.13576411523476,2.4637764858951288,97576,-152.23629829764135,4.213482038439798,37
12302,-115.85561556357476,-1.5191724758425256,97584,-118.09857507912784,0.7103841694799473,11
12303,-120.95785402590353,0.6334180447069254,97587,-118.09857507912784,0.7103841694799473,11
12304,288.2937463239368,-3.495954166123848,97590,302.44973475302317,-5.405747081354008,25
12305,-135.18703609682763,3.8683419481892676,97594,-137.57400940459857,4.493303950559668,20
12306,0.2682591552487386,1.80588538003193,97602,-6.878718007946434,-1.0926682779646681,10
12307,-135.04966498681915,1.8840020498765089,97610,-134.89656831690453,-0.030690791204986433,34
12308,25.74812288307899,-4.174055080214251,97614,18.937510567705566,1.034768221250525,27
12309,-136.03007440204738,2.462603362604336,97615,-137.57400940459857,4.493303950559668,20
12310,-143.1703728937655,4.37806952814849,97616,-142.14616351708418,5.245197398204194,22
12311,-112.19524490362417,4.945493377490521,97640,-114.33047638704419,5.73481138949136,19
12312,-0.6666269223486223,0.8808692052430941,97653,-6.878718007946434,-1.0926682779646681,10
12313,129.75685164772412,-1.0668254573188563,97654,135.4076551174278,-1.697351881935795,33
12314,-91.71573870144402,-16.347070915479122,97659,-95.36861679384212,-10.95784818293233,28
12315,-46.64248299228037,-1.9702310149948217,97660,-49.93530245157272,-0.19848027172185767,2
12316,149.1870055328015,-6.580023640939382,97665,135.4076551174278,-1.697351881935795,33
12317,-31.172455235249345,7.357438255832474,97666,-29.714479793685786,-1.264748112657314,8
12318,676.1987671946089,-31.889148660998167,97669,586.0312761189704,-1.722944617346204,30
12319,-119.18883614020108,5.695282975506506,97671,-123.80894152337959,5.566802721935252,23
12320,348.85125376680617,19.37272420113421,97679,302.44973475302317,-5.405747081354008,25
12321,559.3292309171667,-23.535652333064974,97699,586.0312761189704,-1.722944617346204,30
12322,-98.03057110854421,1.5784456560943798,97701,-96.6939343764425,2.7165835152131033,15
12323,7.146612256407858,2.549547353135503,97702,18.937510567705566,1.034768221250525,27
12324,-125.48893177631611,-6.135194700055947,97704,-123.94204162798616,-1.5144507595891967,3
12325,-113.15026779113748,4.951429230271663,97710,-114.33047638704419,5.73481138949136,19
12326,-125.32516552052596,7.057363266118748,97711,-123.80894152337959,5.566802721935252,23
12327,-96.11649411899401,3.4896210544534125,97722,-96.6939343764425,2.7165835152131033,15
12328,-115.32098315153706,7.139497098077433,97723,-114.33047638704419,5.73481138949136,19
12329,-103.88097223373676,-1.2881541278055437,97724,-104.7190727296112,3.8815952186994593,7
12330,24.229952901991638,2.0316871588965055,97726,18.937510567705566,1.034768221250525,27
12331,58.877682510914106,-5.435540054404534,97734,47.997068783449585,1.2679199422360634,13
12332,252.13685086857123,-16.941590387504043,97739,227.03647807555316,-5.020718083634986,26
12333,388.0301792204889,-10.776796964460251,97742,417.6915390220547,-4.11857226961515,29
12334,-125.18498683333763,5.540939610260728,97760,-123.80894152337959,5.566802721935252,23
12335,-150.25933070142554,5.699730867529251,97775,-152.23629829764135,4.213482038439798,37
12336,-143.17678076645547,-12.752155267483262,97779,-141.0346653257256,-1.1036168920026446,0
12337,441.5588722103118,-2.1043316542182042,97781,417.6915390220547,-4.11857226961515,29
12338,253.09727481697445,-30.785405695769438,97785,227.03647807555316,-5.020718083634986,26
12339,-10.990931681868178,-9.479517776133262,97800,-6.878718007946434,-1.0926682779646681,10
12340,-141.195452657759,3.9182225095067933,97804,-142.14616351708418,5.245197398204194,22
12341,-149.08431429970426,1.3817348982404052,97807,-148.09620948762597,-1.1157003398540595,36
12342,70.02051526505242,-7.349591288310901,97811,70.166569844569,-14.692630117552799,9
12343,-108.3242283923987,7.8410356619355435,97815,-104.7190727296112,3.8815952186994593,7
12344,-144.33755300786916,7.004756085369643,97819,-142.14616351708418,5.245197398204194,22
12345,682.3501063110231,9.081950975285421,97825,586.0312761189704,-1.722944617346204,30
12346,493.746947163972,-31.74105009862351,97846,417.6915390220547,-4.11857226961515,29
12347,-61.07076144843265,5.131363227394864,97860,-66.8889597803445,2.169628081691683,14
12348,-58.989653222710395,4.40276593871248,97863,-66.8889597803445,2.169628081691683,14
12349,-124.9982649913355,1.444788543180189,97868,-123.94204162798616,-1.5144507595891967,3
12350,-67.21684141505433,7.176913671744523,97870,-66.8889597803445,2.169628081691683,14
12351,602.262793166473,7.594039054690441,97894,586.0312761189704,-1.722944617346204,30
12352,-37.81318516468554,1.9337056417837193,97895,-29.714479793685786,-1.264748112657314,8
12353,-90.45104940753478,-5.864697820409087,97897,-95.36861679384212,-10.95784818293233,28
12354,140.34129930868855,5.124165537440789,97909,135.4076551174278,-1.697351881935795,33
12355,362.71608149422553,7.318224867394597,97912,417.6915390220547,-4.11857226961515,29
12356,-110.1273137751149,5.029803762782957,97921,-114.33047638704419,5.73481138949136,19
12357,-130.71031878738327,-1.8906383866430656,97928,-129.1025175244067,1.5488809909733745,1
12358,-143.34271145149123,7.1407524881736055,97930,-142.14616351708418,5.245197398204194,22
12359,97.97228488256566,-5.309117909715516,97936,104.96211155305676,-0.5414592591613776,31
12360,-77.33235418721564,8.553508494207275,97941,-85.91178621041317,3.2728237667350073,24
12361,-85.99833072825439,2.61996818326445,97943,-85.91178621041317,3.2728237667350073,24
12362,-115.73765514255535,-2.072846235471171,97944,-118.09857507912784,0.7103841694799473,11
12363,-144.27330745987263,6.1093436089078486,97955,-142.14616351708418,5.245197398204194,22
12364,13.406541898853659,0.04248352704178083,97961,18.937510567705566,1.034768221250525,27
12365,-122.71235962615846,-3.243867145459687,97962,-123.94204162798616,-1.5144507595891967,3
12366,-127.07956728461465,1.6543136174146507,97966,-129.1025175244067,1.5488809909733745,1
12367,34.86236415671543,8.709686202094636,97973,47.997068783449585,1.2679199422360634,13
12368,14.825818110964635,-6.562700300765068,97975,18.937510567705566,1.034768221250525,27
12369,-48.84414155329354,-13.334866373110088,97986,-49.93530245157272,-0.19848027172185767,2
12370,-22.337903152657958,-5.650199111305004,97987,-29.714479793685786,-1.264748112657314,8
12371,-95.95631725915918,1.5207999390671434,97991,-96.6939343764425,2.7165835152131033,15
12372,-135.1590226780403,3.7621535043921828,97993,-137.57400940459857,4.493303950559668,20
12373,-137.14347556134686,2.882561319327635,98006,-137.57400940459857,4.493303950559668,20
12374,-140.02797420566066,0.29707614821054057,98007,-141.0346653257256,-1.1036168920026446,0
12375,-139.94817624122484,-0.4214437685137813,98012,-141.0346653257256,-1.1036168920026446,0
12376,-85.33879625141181,8.555210808047239,98023,-85.91178621041317,3.2728237667350073,24
12377,-132.09249287310425,2.3621510937913865,98045,-129.1025175244067,1.5488809909733745,1
12378,-82.6913189779392,-1.4953045314516076,98048,-85.91178621041317,3.2728237667350073,24
12379,-24.701826075108123,0.7462210285686701,98069,-29.714479793685786,-1.264748112657314,8
12380,-9.32834102484319,-19.372545828910557,98073,-6.878718007946434,-1.0926682779646681,10
12381,-100.07214890934355,-11.767960366768829,98084,-95.36861679384212,-10.95784818293233,28
12382,-150.26031873876525,5.731368024917057,98122,-152.23629829764135,4.213482038439798,37
12383,-147.03101252180446,0.2637053072758895,98124,-148.09620948762597,-1.1157003398540595,36
12384,121.88487825860172,-17.713389470042014,98126,135.4076551174278,-1.697351881935795,33
12385,-108.30056445399704,7.314879888522947,98136,-104.7190727296112,3.8815952186994593,7
12386,-106.42801693267639,9.636640211044357,98144,-104.7190727296112,3.8815952186994593,7
12387,292.80904806827687,3.6054834768529815,98170,302.44973475302317,-5.405747081354008,25
12388,-142.15156222639055,2.971325742508627,98178,-142.14616351708418,5.245197398204194,22
12389,-104.1531503746228,4.168964164857182,98179,-104.7190727296112,3.8815952186994593,7
12390,31.13283943073134,4.264752070058611,98190,18.937510567705566,1.034768221250525,27
12391,-115.34960565060345,-7.486652914302101,98221,-115.69510858146283,-11.595084171039186,39
12392,-37.277890339500765,8.525906741111845,98233,-29.714479793685786,-1.264748112657314,8
12393,312.45069045020364,-4.9909003892555655,98236,302.44973475302317,-5.405747081354008,25
12394,95.10458529358479,6.988078243351474,98240,104.96211155305676,-0.5414592591613776,31
12395,-100.26716425362423,-8.513654227479876,98241,-95.36861679384212,-10.95784818293233,28
12396,-19.725760001006847,1.3443351660064367,98244,-29.714479793685786,-1.264748112657314,8
12397,385.3673080528143,-16.159178901494258,98248,417.6915390220547,-4.11857226961515,29
12398,-142.33894102663407,7.023559494404925,98251,-142.14616351708418,5.245197398204194,22
12399,-36.139170003687816,6.535309397816342,98252,-29.714479793685786,-1.264748112657314,8
12400,-132.0289841207683,0.9891526607207609,98260,-129.1025175244067,1.5488809909733745,1
12401,-66.27395192700975,-7.8046397242781556,98277,-66.8889597803445,2.169628081691683,14
12402,-88.20611809300588,6.616904347347519,98300,-85.91178621041317,3.2728237667350073,24
12403,-85.34362066055691,-6.592153616249981,98314,-77.6204452281073,-4.536559244831727,5
12404,-35.22040299580883,-7.416958722729711,98332,-29.714479793685786,-1.264748112657314,8
12405,-116.09059389298478,3.6094172894069505,98334,-114.33047638704419,5.73481138949136,19
12406,-71.37201585818875,-20.47320712185816,98341,-77.6204452281073,-4.536559244831727,5
12407,223.9370038418653,-15.084505029166783,98360,227.03647807555316,-5.020718083634986,26
12408,544.7481277420364,-1.4354490030817633,98366,586.0312761189704,-1.722944617346204,30
12409,-68.60316810120942,-2.162249844153687,98373,-66.8889597803445,2.169628081691683,14
12410,-134.36328503581228,7.7360235049159325,98383,-132.1080396739421,5.887059356646324,17
12411,-83.98226315246261,3.325297286740469,98395,-85.91178621041317,3.2728237667350073,24
12412,-84.49369152096084,-4.843700601145079,98399,-77.6204452281073,-4.536559244831727,5
12413,-86.99245241794732,-12.258644774688902,98404,-95.36861679384212,-10.95784818293233,28
12414,-54.943715451976914,3.4671909502644747,98409,-49.93530245157272,-0.19848027172185767,2
12415,593.7490013306403,-42.77680611990381,98411,586.0312761189704,-1.722944617346204,30
12416,-114.14077223972944,4.2418296608576975,98415,-114.33047638704419,5.73481138949136,19
12417,-45.23082371311367,7.877685936972373,98421,-49.93530245157272,-0.19848027172185767,2
12418,-148.96110052955413,-1.3118226643449087,98427,-148.09620948762597,-1.1157003398540595,36
12419,-27.583437607709982,-1.3970600224426961,98432,-29.714479793685786,-1.264748112657314,8
12420,-16.096714403309328,6.972426507885852,98442,-6.878718007946434,-1.0926682779646681,10
12421,-139.13873553994333,2.729801277739153,98447,-137.57400940459857,4.493303950559668,20
12422,-133.94755102225676,-0.3234404454591744,98449,-134.89656831690453,-0.030690791204986433,34
12423,461.8099377612701,24.247864141976113,98454,417.6915390220547,-4.11857226961515,29
12424,-107.14123436189854,3.8324489768303476,98456,-104.7190727296112,3.8815952186994593,7
12425,-55.23806197814883,6.837269696453639,98462,-49.93530245157272,-0.19848027172185767,2
12426,-133.21035090296863,5.420032756443961,98465,-132.1080396739421,5.887059356646324,17
12427,-71.1048230408431,4.688713394594733,98468,-66.8889597803445,2.169628081691683,14
12428,-97.24293241298068,5.7350914715823205,98471,-96.6939343764425,2.7165835152131033,15
12429,12.360282987959522,-0.015463988338769104,98479,18.937510567705566,1.034768221250525,27
12430,400.6792787709672,9.277060215432547,98491,417.6915390220547,-4.11857226961515,29
12431,-90.3315078510412,8.829726081849394,98492,-85.91178621041317,3.2728237667350073,24
12432,159.5098388630683,-25.644503516131298,98503,172.66355239880147,-2.7112682595768685,38
12433,167.07000819054406,9.98450107452648,98509,172.66355239880147,-2.7112682595768685,38
12434,-78.55712718873389,-3.350801416794866,98550,-77.6204452281073,-4.536559244831727,5
12435,61.68784147066566,12.497479700831569,98562,47.997068783449585,1.2679199422360634,13
12436,11.713786982000558,9.550373952868325,98566,18.937510567705566,1.034768221250525,27
12437,-105.70466447656511,-2.6239516259770337,98591,-109.71624596876933,-1.0040630408538558,16
12438,-57.65617418202424,-0.8312413800446772,98596,-49.93530245157272,-0.19848027172185767,2
12439,998.7976599654471,-15.115115154318921,98601,861.6475783799328,6.515082937232454,35
12440,-131.28706969655923,6.642738272586455,98606,-132.1080396739421,5.887059356646324,17
12441,-68.03725819852741,3.250128616589007,98609,-66.8889597803445,2.169628081691683,14
12442,229.50430455936407,-8.59289756863286,98627,227.03647807555316,-5.020718083634986,26
12443,-128.53021685788275,-6.302622485199293,98631,-130.75996572568545,-6.6137591708523855,18
12444,-58.272301725828484,-7.712992483126784,98636,-49.93530245157272,-0.19848027172185767,2
12445,-116.33587529530226,7.461299031013291,98638,-114.33047638704419,5.73481138949136,19
12446,-74.74375326744324,-1.7652474988787223,98646,-77.6204452281073,-4.536559244831727,5
12447,-134.99834342339057,-0.2651817246702384,98653,-134.89656831690453,-0.030690791204986433,34
12448,-93.19148550234182,6.213445460531283,98658,-96.6939343764425,2.7165835152131033,15
12449,-76.98410738894333,1.9408079603010937,98702,-77.6204452281073,-4.536559244831727,5
12450,-102.79156598548246,-0.15158983714757485,98711,-104.7190727296112,3.8815952186994593,7
12451,-115.14225895817003,3.199825790992037,98720,-114.33047638704419,5.73481138949136,19
12452,-43.61724547435844,-1.9468978454893464,98742,-49.93530245157272,-0.19848027172185767,2
12453,21.886612766677306,-6.242702218051481,98745,18.937510567705566,1.034768221250525,27
12454,11.374723113462856,-14.03435452667032,98746,18.937510567705566,1.034768221250525,27
12455,-114.30513352389038,7.324278024062498,98761,-114.33047638704419,5.73481138949136,19
12456,-146.1980990253705,4.957253386655558,98763,-146.59606179012786,4.113086925586259,4
12457,-79.09617726929218,3.852910047904352,98770,-85.91178621041317,3.2728237667350073,24
12458,69.23465765803982,3.716024584103658,98792,78.01149217232324,3.6022338347977136,6
12459,-108.59900317429555,-3.9521782843045217,98818,-109.71624596876933,-1.0040630408538558,16
12460,-65.16650023960342,6.654130461435777,98821,-66.8889597803445,2.169628081691683,14
12461,771.9296995717154,18.25236654750495,98831,861.6475783799328,6.515082937232454,35
12462,150.48103421353542,-10.957562038672858,98847,135.4076551174278,-1.697351881935795,33
12463,348.4354772655751,-3.54632891369537,98868,302.44973475302317,-5.405747081354008,25
12464,3.241835792460246,1.9385897249121034,98877,-6.878718007946434,-1.0926682779646681,10
12465,-128.0360571634893,0.6764188842945579,98880,-129.1025175244067,1.5488809909733745,1
12466,353.8755977999591,-38.44324547460279,98888,302.44973475302317,-5.405747081354008,25
12467,-60.26920642967787,8.980514279252425,98889,-66.8889597803445,2.169628081691683,14
12468,465.12883103228626,-9.596967276379912,98891,417.6915390220547,-4.11857226961515,29
12469,-123.70913674474319,-3.8562512576166643,98901,-123.94204162798616,-1.5144507595891967,3
12470,-114.16692271446982,4.298242295231185,98908,-114.33047638704419,5.73481138949136,19
12471,12.352663661620095,-14.050425218017898,98919,18.937510567705566,1.034768221250525,27
12472,-140.34748908959895,7.282376607061777,98924,-142.14616351708418,5.245197398204194,22
12473,272.3665484876237,8.838544816424692,98929,302.44973475302317,-5.405747081354008,25
12474,-142.89397776400452,-1.1661858800700975,98930,-141.0346653257256,-1.1036168920026446,0
12475,-17.524773766930995,-17.236034936109537,98933,-6.878718007946434,-1.0926682779646681,10
12476,-142.04284012904455,1.0909098885987374,98949,-141.0346653257256,-1.1036168920026446,0
12477,-68.01854550394783,-10.854973631621442,98952,-77.6204452281073,-4.536559244831727,5
12478,-94.95518534775847,1.514045333693017,98956,-96.6939343764425,2.7165835152131033,15
12479,-132.65610247357097,-4.6494384357826295,98957,-130.75996572568545,-6.6137591708523855,18
12480,95.38459880472321,3.4233465428643743,98965,104.96211155305676,-0.5414592591613776,31
12481,706.3663224892889,9.640170146491513,98971,586.0312761189704,-1.722944617346204,30
12482,-34.107483976328,5.8823884765851115,98993,-29.714479793685786,-1.264748112657314,8
12483,-31.95980123470209,3.700083388258647,99003,-29.714479793685786,-1.264748112657314,8
12484,265.7253311795836,3.9592394401659,99005,302.44973475302317,-5.405747081354008,25
12485,-134.86332817763602,-2.716895707337442,99006,-134.89656831690453,-0.030690791204986433,34
12486,32.416796978505246,1.1387025782890046,99008,18.937510567705566,1.034768221250525,27
12487,-9.205074669710905,-6.300625905371947,99009,-6.878718007946434,-1.0926682779646681,10
12488,-130.20415034891678,5.350038068670534,99015,-132.1080396739421,5.887059356646324,17
12489,167.9302876309944,-2.683786031304853,99019,172.66355239880147,-2.7112682595768685,38
12490,135.8034235962039,-1.991637228270515,99023,135.4076551174278,-1.697351881935795,33
12491,-65.0232458556476,2.469277283827143,99026,-66.8889597803445,2.169628081691683,14
12492,269.4856264273619,-35.94090839885817,99042,302.44973475302317,-5.405747081354008,25
12493,-154.19010458389872,3.5965205607991217,99049,-152.23629829764135,4.213482038439798,37
12494,-25.18690960443467,8.807803308898801,99053,-29.714479793685786,-1.264748112657314,8
12495,-95.45350733711902,10.38279697279033,99064,-96.6939343764425,2.7165835152131033,15
12496,-120.87967851872534,-1.0763238006976963,99067,-123.94204162798616,-1.5144507595891967,3
12497,-134.30291777933323,6.403084203398836,99070,-132.1080396739421,5.887059356646324,17
12498,132.4503420739934,3.114661026903037,99072,135.4076551174278,-1.697351881935795,33
12499,400.6569472304011,9.278350489388108,99081,417.6915390220547,-4.11857226961515,29
12500,-118.15745069658917,-11.749104817280932,99083,-115.69510858146283,-11.595084171039186,39
12501,554.5241115655269,2.087179391431522,99106,586.0312761189704,-1.722944617346204,30
12502,-17.77533736213536,1.9558795648502505,99108,-6.878718007946434,-1.0926682779646681,10
12503,-104.26847365585297,6.682854128040936,99109,-104.7190727296112,3.8815952186994593,7
12504,-112.24492933483143,5.527847152762309,99115,-114.33047638704419,5.73481138949136,19
12505,520.4112450915,-11.770765758634905,99119,586.0312761189704,-1.722944617346204,30
12506,-18.817497543852994,1.8261170364078767,99121,-29.714479793685786,-1.264748112657314,8
12507,-133.93370461037142,-0.632747581915258,99123,-134.89656831690453,-0.030690791204986433,34
12508,55.057362494435544,6.323070841777707,99136,47.997068783449585,1.2679199422360634,13
12509,-107.42739282003642,-5.6356568098408335,99141,-109.71624596876933,-1.0040630408538558,16
12510,-139.92680542174978,-1.9211001563982506,99152,-141.0346653257256,-1.1036168920026446,0
12511,-72.92128780181518,2.18213844507654,99157,-66.8889597803445,2.169628081691683,14
12512,60.90729549105716,-6.044153802894218,99167,70.166569844569,-14.692630117552799,9
12513,-92.02960012662601,3.7175207758159075,99171,-96.6939343764425,2.7165835152131033,15
12514,-2.029184266916667,6.254371161101636,99173,-6.878718007946434,-1.0926682779646681,10
12515,-103.17426091422912,4.1256565897394735,99183,-104.7190727296112,3.8815952186994593,7
12516,-143.45000194339704,-6.7971257672746885,99185,-141.0346653257256,-1.1036168920026446,0
12517,218.6756293087043,-26.22658320325304,99191,227.03647807555316,-5.020718083634986,26
12518,-82.8105812912634,-0.4262238398980326,99198,-85.91178621041317,3.2728237667350073,24
12519,180.95907302225396,12.65442999600233,99203,172.66355239880147,-2.7112682595768685,38
12520,-121.90762837099435,0.03765606206721618,99205,-123.94204162798616,-1.5144507595891967,3
12521,-126.25516430781245,-9.230918602904424,99206,-130.75996572568545,-6.6137591708523855,18
12522,51.245252284151356,3.171435004508256,99208,47.997068783449585,1.2679199422360634,13
12523,-147.23758584235154,4.748562839340875,99213,-146.59606179012786,4.113086925586259,4
12524,82.59302759133367,-0.3334487835976858,99218,78.01149217232324,3.6022338347977136,6
12525,81.3536614520007,-26.101198190029617,99225,70.166569844569,-14.692630117552799,9
12526,-134.9764041136607,-0.7639132633845565,99245,-134.89656831690453,-0.030690791204986433,34
12527,585.3919292790357,-9.220032625189672,99253,586.0312761189704,-1.722944617346204,30
12528,375.6469941059934,-5.664439560116798,99269,417.6915390220547,-4.11857226961515,29
12529,-55.28117726532593,-6.949844161763265,99274,-49.93530245157272,-0.19848027172185767,2
12530,-81.17907448598424,5.09137377401654,99283,-85.91178621041317,3.2728237667350073,24
12531,-85.88560025486836,0.1350590966706758,99293,-85.91178621041317,3.2728237667350073,24
12532,72.66854036734918,-16.883088300951858,99305,70.166569844569,-14.692630117552799,9
12533,22.744697850441952,-5.16716402096968,99318,18.937510567705566,1.034768221250525,27
12534,71.85032784528403,-4.602319407575615,99320,70.166569844569,-14.692630117552799,9
12535,-148.84065011498043,-2.945777339454557,99328,-148.09620948762597,-1.1157003398540595,36
12536,-106.87882255580647,-0.35528806101011107,99332,-109.71624596876933,-1.0040630408538558,16
12537,140.1787505162926,-7.061390020162061,99341,135.4076551174278,-1.697351881935795,33
12538,-87.70828868275119,-1.19957014421818,99345,-85.91178621041317,3.2728237667350073,24
12539,-134.45573653830786,-7.016367078239168,99365,-130.75996572568545,-6.6137591708523855,18
12540,364.40337138767796,12.156391773255491,99368,417.6915390220547,-4.11857226961515,29
12541,34.26921552587082,2.886806434653802,99371,47.997068783449585,1.2679199422360634,13
12542,-150.3071090642956,6.250178319894441,99377,-152.23629829764135,4.213482038439798,37
12543,-116.12718562309658,3.392509874860899,99378,-114.33047638704419,5.73481138949136,19
12544,-64.01307427726842,4.335334943987404,99397,-66.8889597803445,2.169628081691683,14
12545,-112.94306535326074,0.9407035703718701,99403,-109.71624596876933,-1.0040630408538558,16
12546,99.55539940652898,0.2768081008847289,99410,104.96211155305676,-0.5414592591613776,31
12547,3.067815408227126,4.195998537194351,99420,-6.878718007946434,-1.0926682779646681,10
12548,212.74592594222457,-41.57826195556805,99423,227.03647807555316,-5.020718083634986,26
12549,-132.28675297965742,6.108141957207137,99440,-132.1080396739421,5.887059356646324,17
12550,160.40368992729512,-10.112091216220595,99441,172.66355239880147,-2.7112682595768685,38
12551,-69.34313441240322,-6.335862259061336,99454,-77.6204452281073,-4.536559244831727,5
12552,-134.3621787205529,7.702553694389669,99456,-132.1080396739421,5.887059356646324,17
12553,-103.06565950788377,-12.470318223869109,99468,-95.36861679384212,-10.95784818293233,28
12554,4.732033948616582,-5.192956395932363,99469,-6.878718007946434,-1.0926682779646681,10
12555,-56.545544138991126,-17.444596680264723,99472,-49.93530245157272,-0.19848027172185767,2
12556,-67.8866868163262,2.011527638993063,99506,-66.8889597803445,2.169628081691683,14
12557,-70.30175509557145,9.00810162833412,99508,-66.8889597803445,2.169628081691683,14
12558,-132.1333543406985,4.281695184731029,99511,-132.1080396739421,5.887059356646324,17
12559,-138.03875878288855,2.0980970261614136,99513,-137.57400940459857,4.493303950559668,20
12560,-146.2833914133683,5.769960613059803,99530,-146.59606179012786,4.113086925586259,4
12561,-98.20207055021989,5.848480266468833,99534,-96.6939343764425,2.7165835152131033,15
12562,7.886300740096181,8.251178868554467,99544,18.937510567705566,1.034768221250525,27
12563,-123.31210928257407,7.3068854170908955,99546,-123.80894152337959,5.566802721935252,23
12564,-120.65771252151599,-4.422297469477973,99548,-123.94204162798616,-1.5144507595891967,3
12565,-129.0312853448145,1.0530389921992134,99561,-129.1025175244067,1.5488809909733745,1
12566,-96.35615405736013,8.234099444766848,99580,-96.6939343764425,2.7165835152131033,15
12567,547.6025413366997,0.7696190680654679,99583,586.0312761189704,-1.722944617346204,30
12568,-27.855390139385893,1.4848298544137482,99585,-29.714479793685786,-1.264748112657314,8
12569,-72.47194722089709,-5.105318451095838,99617,-77.6204452281073,-4.536559244831727,5
12570,128.97293936077637,10.972152374803786,99628,135.4076551174278,-1.697351881935795,33
12571,-118.15819357639491,4.538934993249301,99645,-118.09857507912784,0.7103841694799473,11
12572,-119.33174524086303,7.824655609582358,99648,-123.80894152337959,5.566802721935252,23
12573,-93.23261164288073,7.117391330200731,99660,-96.6939343764425,2.7165835152131033,15
12574,-22.218769965141963,8.516228511464268,99663,-29.714479793685786,-1.264748112657314,8
12575,213.61922106804337,-39.80461053086803,99666,227.03647807555316,-5.020718083634986,26
12576,-76.55512178656656,-3.360691372963707,99685,-77.6204452281073,-4.536559244831727,5
12577,-108.16666215266031,5.410206669202043,99690,-104.7190727296112,3.8815952186994593,7
12578,8.934750484941937,6.179479670580127,99697,18.937510567705566,1.034768221250525,27
12579,-133.231013665824,5.880868913382705,99698,-132.1080396739421,5.887059356646324,17
12580,-132.1769819600732,-11.551944236274554,99699,-130.75996572568545,-6.6137591708523855,18
12581,-81.109373546329,5.135046513193914,99702,-85.91178621041317,3.2728237667350073,24
12582,-102.87907228484903,-0.7948286421145889,99704,-104.7190727296112,3.8815952186994593,7
12583,962.9068648441095,-18.115507605105396,99707,861.6475783799328,6.515082937232454,35
12584,20.078137148825235,5.2819393690364755,99710,18.937510567705566,1.034768221250525,27
12585,477.5911671645507,-30.122779930539775,99735,417.6915390220547,-4.11857226961515,29
12586,-154.15036308659856,2.7444879743288206,99764,-152.23629829764135,4.213482038439798,37
12587,-137.25692846528514,5.878186744732644,99769,-137.57400940459857,4.493303950559668,20
12588,-132.1318944619835,2.7130647176054756,99775,-132.1080396739421,5.887059356646324,17
12589,-140.91241974511055,-0.7118527359715852,99777,-141.0346653257256,-1.1036168920026446,0
12590,110.01500072533197,9.716695966235298,99778,104.96211155305676,-0.5414592591613776,31
12591,66.67815850903379,-2.4626921672981523,99793,70.166569844569,-14.692630117552799,9
12592,-103.87831591688,0.6985451352021746,99801,-104.7190727296112,3.8815952186994593,7
12593,112.16272420719542,5.994519541834062,99809,104.96211155305676,-0.5414592591613776,31
12594,86.38191366779664,3.329619003578717,99813,78.01149217232324,3.6022338347977136,6
12595,247.17642644012423,-17.885539692148004,99817,227.03647807555316,-5.020718083634986,26
12596,-126.15830324769142,3.4096412570533134,99818,-123.80894152337959,5.566802721935252,23
12597,-77.74964857701167,-0.6517055879548936,99819,-77.6204452281073,-4.536559244831727,5
12598,91.61526728120965,-0.6522486037251625,99826,104.96211155305676,-0.5414592591613776,31
12599,-103.28697463027144,6.58742938220969,99838,-104.7190727296112,3.8815952186994593,7
12600,-131.03488478101028,0.593100487885995,99846,-129.1025175244067,1.5488809909733745,1
12601,-78.13916258718109,5.82849614796369,99847,-85.91178621041317,3.2728237667350073,24
12602,-53.440457236492136,11.306587712647415,99851,-49.93530245157272,-0.19848027172185767,2
12603,-35.05847248552538,5.811849541809805,99859,-29.714479793685786,-1.264748112657314,8
12604,95.49362988156301,1.0423113215711104,99861,104.96211155305676,-0.5414592591613776,31
12605,-131.9964561021905,0.27249020117010603,99862,-134.89656831690453,-0.030690791204986433,34
12606,-65.41939482792007,-4.587141045598702,99875,-66.8889597803445,2.169628081691683,14
12607,-67.05682677252638,4.229119208011813,99879,-66.8889597803445,2.169628081691683,14
12608,817.6690729477297,-19.446427232758165,99887,861.6475783799328,6.515082937232454,35
12609,-120.18436114908266,4.037522378963671,99905,-118.09857507912784,0.7103841694799473,11
12610,-109.95149098614914,1.6861944407397673,99911,-109.71624596876933,-1.0040630408538558,16
12611,-30.598656472948452,-1.632675029579652,99916,-29.714479793685786,-1.264748112657314,8
12612,342.0668504225211,16.57797822845009,99924,302.44973475302317,-5.405747081354008,25
12613,89.18686879343471,5.614542003832185,99931,78.01149217232324,3.6022338347977136,6
12614,-68.27440050228905,-7.297215194610176,99938,-66.8889597803445,2.169628081691683,14
12615,-74.22003022636281,6.646066765728449,99964,-66.8889597803445,2.169628081691683,14
12616,201.41397181674972,6.108505285681403,99967,227.03647807555316,-5.020718083634986,26
12617,-47.25365180183199,8.344677503962723,99977,-49.93530245157272,-0.19848027172185767,2
12618,-148.95833614891097,0.6555123955807955,99988,-148.09620948762597,-1.1157003398540595,36
12619,15.648423863005638,-3.1884576324726366,99991,18.937510567705566,1.034768221250525,27
12620,-101.91795407208868,2.1251699787321217,99992,-104.7190727296112,3.8815952186994593,7
12621,6.0127975769716,5.946461477932258,99994,18.937510567705566,1.034768221250525,27
12622,172.33265425206204,-8.35113363312792,99999,172.66355239880147,-2.7112682595768685,38
12623,-115.89609436252262,0.3869661295801309,100004,-118.09857507912784,0.7103841694799473,11
12624,9.81516289356652,8.823730163879173,100009,18.937510567705566,1.034768221250525,27
12625,-5.882261650261501,-11.268211924957457,100012,-6.878718007946434,-1.0926682779646681,10
12626,-15.109469855319329,7.286214594876698,100030,-6.878718007946434,-1.0926682779646681,10
12627,0.5691649707708636,-2.725870809859188,100032,-6.878718007946434,-1.0926682779646681,10
12628,-60.713341547172924,-0.13651632623024143,100035,-66.8889597803445,2.169628081691683,14
12629,-54.2657651891969,-7.25143292368026,100043,-49.93530245157272,-0.19848027172185767,2
12630,-136.98240105189237,0.3736118063835166,100050,-134.89656831690453,-0.030690791204986433,34
12631,-130.88359993366566,-0.14770599607172322,100052,-129.1025175244067,1.5488809909733745,1
12632,149.29060884777206,6.400523622761201,100078,135.4076551174278,-1.697351881935795,33
12633,-100.98083241123017,0.9476403006481405,100081,-96.6939343764425,2.7165835152131033,15
12634,-57.014454251748774,3.9657920476316377,100098,-49.93530245157272,-0.19848027172185767,2
12635,-53.070803782200244,-9.978303096321355,100100,-49.93530245157272,-0.19848027172185767,2
12636,-140.90947766374848,-1.7939807193899446,100102,-141.0346653257256,-1.1036168920026446,0
12637,-152.15175039584895,3.8319123920935096,100120,-152.23629829764135,4.213482038439798,37
12638,-144.9345558854506,-1.8186824278619302,100124,-148.09620948762597,-1.1157003398540595,36
12639,-105.02158390752948,2.801362453579259,100129,-104.7190727296112,3.8815952186994593,7
12640,377.77409538188533,22.074844222145853,100136,417.6915390220547,-4.11857226961515,29
12641,106.04779886668287,8.420321495203195,100139,104.96211155305676,-0.5414592591613776,31
12642,-142.11023893429052,2.5896512013675568,100144,-142.14616351708418,5.245197398204194,22
12643,-100.94806494104735,0.7593381438532743,100149,-96.6939343764425,2.7165835152131033,15
12644,-108.84188508846634,-0.6853273147927371,100158,-109.71624596876933,-1.0040630408538558,16
12645,31.01395252271772,-8.874482728429648,100161,28.39696760572947,-22.91072472808294,12
12646,-15.867870678198653,2.9705295264581166,100164,-6.878718007946434,-1.0926682779646681,10
12647,-82.10861128818095,-10.661660324528773,100167,-77.6204452281073,-4.536559244831727,5
12648,199.920643113973,-0.9144025423371903,100175,172.66355239880147,-2.7112682595768685,38
12649,89.29883730688881,4.7039698404009265,100179,78.01149217232324,3.6022338347977136,6
12650,-85.08205786851649,4.469294979957593,100189,-85.91178621041317,3.2728237667350073,24
12651,-43.41088854877955,11.35257146211806,100204,-49.93530245157272,-0.19848027172185767,2
12652,-82.4825779452371,11.23341985971607,100234,-85.91178621041317,3.2728237667350073,24
12653,-149.98817434163044,0.27621166969391153,100237,-148.09620948762597,-1.1157003398540595,36
12654,57.28445506756707,-11.293186924505708,100243,70.166569844569,-14.692630117552799,9
12655,1294.7400656593923,38.89789043009385,100244,1342.5649032771717,32.04824045393157,32
12656,-130.7968468466111,-3.0778611600050154,100245,-130.75996572568545,-6.6137591708523855,18
12657,42.888303636816026,-5.92939748193458,100246,47.997068783449585,1.2679199422360634,13
12658,572.1212929101115,8.64925932070917,100247,586.0312761189704,-1.722944617346204,30
12659,-148.19871552369455,4.920704819954967,100248,-146.59606179012786,4.113086925586259,4
12660,90.07689637497498,7.502005098430892,100259,78.01149217232324,3.6022338347977136,6
12661,-48.93391495074889,3.351250500763414,100261,-49.93530245157272,-0.19848027172185767,2
12662,-97.37615986671528,9.162614532951803,100271,-96.6939343764425,2.7165835152131033,15
12663,639.9558661441649,-29.748360808395034,100285,586.0312761189704,-1.722944617346204,30
12664,17.57306432240501,-2.5224238533458005,100286,18.937510567705566,1.034768221250525,27
12665,-111.17495895733114,4.512645336890207,100290,-114.33047638704419,5.73481138949136,19
12666,175.51065998500124,4.0709723379458875,100305,172.66355239880147,-2.7112682595768685,38
12667,-126.03878640685542,2.3065062780291408,100323,-129.1025175244067,1.5488809909733745,1
12668,-125.82916608582251,-0.7548000916096319,100334,-123.94204162798616,-1.5144507595891967,3
12669,85.08042728434626,6.320193408572847,100335,78.01149217232324,3.6022338347977136,6
12670,-124.98893771643307,2.270293636208239,100343,-123.80894152337959,5.566802721935252,23
12671,-44.12805040568016,6.158616505415543,100348,-49.93530245157272,-0.19848027172185767,2
12672,-135.2188720437291,-10.68309923553783,100350,-130.75996572568545,-6.6137591708523855,18
12673,10.704505927864554,-3.986498806495004,100382,18.937510567705566,1.034768221250525,27
12674,-131.24877042620446,5.816683500972196,100406,-132.1080396739421,5.887059356646324,17
12675,105.02792053822196,9.358723869822999,100411,104.96211155305676,-0.5414592591613776,31
12676,-104.9250598934145,0.165473296243552,100422,-104.7190727296112,3.8815952186994593,7
12677,-115.48251744312373,-5.595157254292736,100425,-115.69510858146283,-11.595084171039186,39
12678,-123.3834415737117,-7.898057158952912,100453,-123.94204162798616,-1.5144507595891967,3
12679,-54.02296317184494,4.204854142936163,100457,-49.93530245157272,-0.19848027172185767,2
12680,-105.11554593324195,3.834999371640488,100478,-104.7190727296112,3.8815952186994593,7
12681,-68.14394399332822,-9.64423622659037,100492,-77.6204452281073,-4.536559244831727,5
12682,-54.623941692974654,-1.4622515764396111,100513,-49.93530245157272,-0.19848027172185767,2
12683,58.787165445050604,-4.4544560524850105,100529,47.997068783449585,1.2679199422360634,13
12684,-132.07170934653388,1.3910744124241983,100533,-129.1025175244067,1.5488809909733745,1
12685,765.5914030253053,22.984947153009962,100536,861.6475783799328,6.515082937232454,35
12686,-112.90366941889415,0.610257522705722,100537,-109.71624596876933,-1.0040630408538558,16
12687,-14.917482674214945,4.087651600743824,100543,-6.878718007946434,-1.0926682779646681,10
12688,1.0292542236339979,3.9858663385910544,100562,-6.878718007946434,-1.0926682779646681,10
12689,62.0711232528207,7.179625130186231,100563,47.997068783449585,1.2679199422360634,13
12690,-17.042952153664988,5.786942384739273,100564,-6.878718007946434,-1.0926682779646681,10
12691,-43.09385796482566,5.416998294483692,100568,-49.93530245157272,-0.19848027172185767,2
12692,-79.21097117418743,7.376728427110147,100579,-85.91178621041317,3.2728237667350073,24
12693,30.512406690366685,-0.47118801977442737,100583,18.937510567705566,1.034768221250525,27
12694,53.820171637662675,9.969917705063807,100585,47.997068783449585,1.2679199422360634,13
12695,50.36718878219416,-12.703682132522149,100597,47.997068783449585,1.2679199422360634,13
12696,-85.31307402300837,-7.759745572026835,100603,-77.6204452281073,-4.536559244831727,5
12697,-16.756851174370563,-14.200254870352895,100627,-6.878718007946434,-1.0926682779646681,10
12698,-20.151077189813183,-7.140046123425134,100639,-29.714479793685786,-1.264748112657314,8
12699,-94.34868312194098,8.610779738876198,100643,-96.6939343764425,2.7165835152131033,15
12700,-121.90088101938593,-1.1560795869363603,100656,-123.94204162798616,-1.5144507595891967,3
12701,533.5882925903874,15.047384166644035,100675,586.0312761189704,-1.722944617346204,30
12702,-123.18979138218695,5.660510236217414,100686,-123.80894152337959,5.566802721935252,23
12703,-41.105060529641726,6.741754589439991,100695,-49.93530245157272,-0.19848027172185767,2
12704,261.5854008716144,5.925427126631101,100708,227.03647807555316,-5.020718083634986,26
12705,-94.92958341377265,1.466292850068084,100709,-96.6939343764425,2.7165835152131033,15
12706,-44.356332003706264,-5.107178248568868,100728,-49.93530245157272,-0.19848027172185767,2
12707,-136.27648173852256,5.81231212051628,100729,-137.57400940459857,4.493303950559668,20
12708,99.73353601353524,-1.5712466809598988,100733,104.96211155305676,-0.5414592591613776,31
12709,62.988422306422805,-6.751614242769882,100742,70.166569844569,-14.692630117552799,9
12710,-21.982611046812767,5.399517271234703,100758,-29.714479793685786,-1.264748112657314,8
12711,65.38424077770107,-12.81814813775317,100759,70.166569844569,-14.692630117552799,9
12712,22.994724108718767,-23.3255846814118,100765,28.39696760572947,-22.91072472808294,12
12713,-57.27251466404317,-7.670377300225356,100772,-49.93530245157272,-0.19848027172185767,2
12714,1902.737897100963,45.21498864316267,100787,1342.5649032771717,32.04824045393157,32
12715,-45.91771071993821,-11.6716565080583,100807,-49.93530245157272,-0.19848027172185767,2
12716,-100.39483961194797,-6.755918121352833,100817,-95.36861679384212,-10.95784818293233,28
12717,439.5537499572464,-30.978225587053743,100833,417.6915390220547,-4.11857226961515,29
12718,-110.42408462813039,-7.815756190164478,100845,-115.69510858146283,-11.595084171039186,39
12719,-107.46703330852193,-5.296468544058127,100851,-109.71624596876933,-1.0040630408538558,16
12720,19.072523386030454,4.875352951224658,100861,18.937510567705566,1.034768221250525,27
12721,839.1719957958612,17.16139293936003,100875,861.6475783799328,6.515082937232454,35
12722,-125.53721729507093,-4.571346594351254,100884,-123.94204162798616,-1.5144507595891967,3
12723,-150.11346524542563,2.5124738088445024,100885,-152.23629829764135,4.213482038439798,37
12724,-114.05019159969521,-12.480772364379133,100894,-115.69510858146283,-11.595084171039186,39
12725,57.37166719062877,2.0459867239386154,100903,47.997068783449585,1.2679199422360634,13
12726,106.17957867462599,7.091694890518071,100905,104.96211155305676,-0.5414592591613776,31
12727,-67.9563244934123,2.5103299348074954,100910,-66.8889597803445,2.169628081691683,14
12728,-133.06841127207852,2.3201187991696473,100915,-134.89656831690453,-0.030690791204986433,34
12729,-148.33145917420376,6.817043513890314,100918,-146.59606179012786,4.113086925586259,4
12730,-136.21009953172197,5.3522830289804695,100945,-137.57400940459857,4.493303950559668,20
12731,146.92687220729908,-2.9708437368917706,100950,135.4076551174278,-1.697351881935795,33
12732,-133.74844486925096,-2.639717446089108,100952,-134.89656831690453,-0.030690791204986433,34
12733,464.71847243734703,10.541458162534461,100955,417.6915390220547,-4.11857226961515,29
12734,-115.96478836442878,-13.874854761295865,100970,-115.69510858146283,-11.595084171039186,39
12735,12.168200684574684,4.200029137323952,100983,18.937510567705566,1.034768221250525,27
12736,-130.0458172267358,1.8753993117223458,100987,-129.1025175244067,1.5488809909733745,1
12737,341.1587692470696,0.34878546809334854,100993,302.44973475302317,-5.405747081354008,25
12738,213.31240454547049,-20.92203703418451,100998,227.03647807555316,-5.020718083634986,26
12739,-52.79939462010483,0.8623932415516207,101008,-49.93530245157272,-0.19848027172185767,2
12740,235.9999665328877,-29.969861807167945,101010,227.03647807555316,-5.020718083634986,26
12741,184.5189385227959,4.5503533295810055,101012,172.66355239880147,-2.7112682595768685,38
12742,-128.2044761725122,4.873268464125994,101013,-129.1025175244067,1.5488809909733745,1
12743,93.65710382389251,-0.51542484240657,101025,104.96211155305676,-0.5414592591613776,31
12744,-46.68609671478397,-0.48082847368560083,101026,-49.93530245157272,-0.19848027172185767,2
12745,-24.51308128942081,-2.3727409247655733,101029,-29.714479793685786,-1.264748112657314,8
12746,242.8326344984894,0.6979636871472422,101034,227.03647807555316,-5.020718083634986,26
12747,-63.09415530995995,5.104436731000998,101035,-66.8889597803445,2.169628081691683,14
12748,-106.12608909243112,3.0175908263385205,101038,-104.7190727296112,3.8815952186994593,7
12749,-126.0219306688594,1.9595576811600683,101073,-129.1025175244067,1.5488809909733745,1
12750,277.29046467039194,-18.344217101074904,101076,302.44973475302317,-5.405747081354008,25
12751,-142.65828945490168,-4.259600326093597,101078,-141.0346653257256,-1.1036168920026446,0
12752,-6.717114959391286,1.3676266806881805,101079,-6.878718007946434,-1.0926682779646681,10
12753,-52.73088691438353,-0.6423999313519705,101080,-49.93530245157272,-0.19848027172185767,2
12754,-114.18687183876006,4.21010402354067,101085,-114.33047638704419,5.73481138949136,19
12755,954.0105376395433,8.918382279365877,101094,861.6475783799328,6.515082937232454,35
12756,272.79787040293866,-40.15708623972501,101099,302.44973475302317,-5.405747081354008,25
12757,288.0148469073836,0.5582539620469626,101112,302.44973475302317,-5.405747081354008,25
12758,-153.121900435892,3.1695872401978504,101118,-152.23629829764135,4.213482038439798,37
12759,189.75549905075871,0.9879376075605895,101124,172.66355239880147,-2.7112682595768685,38
12760,-140.8512208097107,-2.0309639174494394,101135,-141.0346653257256,-1.1036168920026446,0
12761,20.83769595483908,-6.213212200968865,101143,18.937510567705566,1.034768221250525,27
12762,142.7488056302331,13.037785759797696,101162,135.4076551174278,-1.697351881935795,33
12763,82.5902372056422,15.490963378855117,101166,78.01149217232324,3.6022338347977136,6
12764,-115.2328176608629,5.214452913765702,101167,-114.33047638704419,5.73481138949136,19
12765,-3.0345099957525963,6.3400146680157015,101168,-6.878718007946434,-1.0926682779646681,10
12766,31.490257999401624,-15.210467190174114,101171,28.39696760572947,-22.91072472808294,12
12767,-42.90052246058475,-12.507010233422132,101180,-49.93530245157272,-0.19848027172185767,2
12768,-9.986369697016228,5.695681498767788,101185,-6.878718007946434,-1.0926682779646681,10
12769,-91.3108463136577,-7.934727410472843,101189,-95.36861679384212,-10.95784818293233,28
12770,-58.0830445964689,5.454953355231311,101191,-66.8889597803445,2.169628081691683,14
12771,-78.94177756613793,2.0115219692102073,101192,-77.6204452281073,-4.536559244831727,5
12772,-131.23455743063192,5.9891574105598995,101194,-132.1080396739421,5.887059356646324,17
12773,-122.5801567699666,-5.638791233142183,101195,-123.94204162798616,-1.5144507595891967,3
12774,296.75550555972126,-9.875128449216957,101198,302.44973475302317,-5.405747081354008,25
12775,-114.2730766954518,6.103815094089067,101208,-114.33047638704419,5.73481138949136,19
12776,242.98898767269813,-0.6668132503173269,101218,227.03647807555316,-5.020718083634986,26
12777,0.9685133835364379,-9.409280541054228,101221,-6.878718007946434,-1.0926682779646681,10
12778,-150.21408384172022,4.71300769291936,101226,-152.23629829764135,4.213482038439798,37
12779,-61.022865246590214,4.0819403226680455,101233,-66.8889597803445,2.169628081691683,14
12780,141.23083756357312,7.573327423550969,101234,135.4076551174278,-1.697351881935795,33
12781,650.4631569641826,20.79796237994283,101238,586.0312761189704,-1.722944617346204,30
12782,-135.32975571584433,6.969693852597979,101247,-137.57400940459857,4.493303950559668,20
12783,-132.17322993478862,4.1261125941650265,101248,-132.1080396739421,5.887059356646324,17
12784,-153.18691730263674,4.580923597395574,101266,-152.23629829764135,4.213482038439798,37
12785,-45.73656493276477,-0.9090305458900456,101270,-49.93530245157272,-0.19848027172185767,2
12786,-107.6952090141824,-2.3500683292026814,101274,-109.71624596876933,-1.0040630408538558,16
12787,-98.24678711197066,6.305794178127623,101278,-96.6939343764425,2.7165835152131033,15
12788,-109.13044820577308,3.570383080941691,101282,-104.7190727296112,3.8815952186994593,7
12789,-141.8919743713483,-1.1641200263327955,101285,-141.0346653257256,-1.1036168920026446,0
12790,-125.0654987907867,1.3734184314404978,101293,-123.94204162798616,-1.5144507595891967,3
12791,-137.66344954563738,-4.060856428130218,101295,-141.0346653257256,-1.1036168920026446,0
12792,-69.5733171220459,-3.35512412421514,101298,-66.8889597803445,2.169628081691683,14
12793,-103.05658373786433,3.6051807196927768,101300,-104.7190727296112,3.8815952186994593,7
12794,-107.08864372038143,2.681229861947368,101302,-104.7190727296112,3.8815952186994593,7
12795,-60.75098776674771,-0.33312273291064654,101304,-66.8889597803445,2.169628081691683,14
12796,-78.1185488305544,5.894006722667211,101314,-85.91178621041317,3.2728237667350073,24
12797,-94.18333544769149,5.479969801380723,101316,-96.6939343764425,2.7165835152131033,15
12798,1044.684518543477,-11.863649073077232,101319,861.6475783799328,6.515082937232454,35
12799,452.44460304284695,-28.881024013041202,101330,417.6915390220547,-4.11857226961515,29
12800,0.9546694493656396,-8.084338696190954,101335,-6.878718007946434,-1.0926682779646681,10
12801,-131.97257437650538,0.24145643020088103,101342,-134.89656831690453,-0.030690791204986433,34
12802,-106.5292630282766,-4.942641850882527,101345,-109.71624596876933,-1.0040630408538558,16
12803,-81.11704061272678,-10.990279025301845,101365,-77.6204452281073,-4.536559244831727,5
12804,160.71707129504668,0.3151344273763312,101370,172.66355239880147,-2.7112682595768685,38
12805,0.12471865751187305,2.914166284101358,101372,-6.878718007946434,-1.0926682779646681,10
12806,-79.57069469764251,-2.5396974359448294,101376,-77.6204452281073,-4.536559244831727,5
12807,136.3560947157539,5.256852977910295,101383,135.4076551174278,-1.697351881935795,33
12808,166.43316529570728,5.107998822391035,101392,172.66355239880147,-2.7112682595768685,38
12809,-16.690656044313506,0.6260600699529796,101397,-6.878718007946434,-1.0926682779646681,10
12810,504.22884455976134,19.361434505671003,101406,586.0312761189704,-1.722944617346204,30
12811,-105.11967902676852,4.432700707322095,101409,-104.7190727296112,3.8815952186994593,7
12812,-93.18225245127421,-8.724881490237038,101425,-95.36861679384212,-10.95784818293233,28
12813,-30.865105357719628,1.6562785631298875,101426,-29.714479793685786,-1.264748112657314,8
12814,-103.59734735897183,-4.933097871500673,101429,-109.71624596876933,-1.0040630408538558,16
12815,-31.317169317990135,8.466841876851369,101440,-29.714479793685786,-1.264748112657314,8
12816,-119.75641148673881,-3.2520278557254554,101453,-118.09857507912784,0.7103841694799473,11
12817,-82.01092495848252,2.952207901986304,101454,-85.91178621041317,3.2728237667350073,24
12818,156.77352217592178,-0.46687221896109454,101462,172.66355239880147,-2.7112682595768685,38
12819,-120.5422296051142,-4.369075103610528,101495,-123.94204162798616,-1.5144507595891967,3
12820,41.27784172367409,-11.931526666074854,101498,47.997068783449585,1.2679199422360634,13
12821,-144.73906308597364,-4.566736681700165,101502,-148.09620948762597,-1.1157003398540595,36
12822,-8.63267809835105,-0.521066253598659,101510,-6.878718007946434,-1.0926682779646681,10
12823,-107.20652019151765,5.78735832640801,101519,-104.7190727296112,3.8815952186994593,7
12824,-141.0152872343324,0.5219003524363156,101520,-141.0346653257256,-1.1036168920026446,0
12825,-100.27814163945455,7.4862499752019565,101524,-104.7190727296112,3.8815952186994593,7
12826,10.216531137197807,-11.614799483979315,101526,18.937510567705566,1.034768221250525,27
12827,-125.24105266258927,-11.055287548995826,101531,-130.75996572568545,-6.6137591708523855,18
12828,-95.89950102953203,0.2574556073634881,101546,-96.6939343764425,2.7165835152131033,15
12829,-12.245809028671482,10.285897463933805,101548,-6.878718007946434,-1.0926682779646681,10
12830,-134.9996462332122,2.3465991960527375,101554,-134.89656831690453,-0.030690791204986433,34
12831,-74.7614938346657,-16.092579381821114,101559,-77.6204452281073,-4.536559244831727,5
12832,-57.857645689982675,1.5296367913384012,101577,-49.93530245157272,-0.19848027172185767,2
12833,83.27635067958607,-24.88735178814266,101579,70.166569844569,-14.692630117552799,9
12834,-43.887075476237555,2.926116676690961,101584,-49.93530245157272,-0.19848027172185767,2
12835,-96.15615592003043,5.911085376487018,101634,-96.6939343764425,2.7165835152131033,15
12836,19.09859672827246,3.7891976118732935,101639,18.937510567705566,1.034768221250525,27
12837,392.5435698163313,-3.6321551388511515,101651,417.6915390220547,-4.11857226961515,29
12838,20.5061492243386,-1.0076881558623934,101668,18.937510567705566,1.034768221250525,27
12839,-125.03264927680583,2.6974680112864853,101683,-123.80894152337959,5.566802721935252,23
12840,-139.26196103648036,5.452604336057639,101701,-137.57400940459857,4.493303950559668,20
12841,-127.87258609284724,-1.8838377348932267,101702,-129.1025175244067,1.5488809909733745,1
12842,-25.321416424508357,10.186932119468587,101708,-29.714479793685786,-1.264748112657314,8
12843,-23.046968455379357,-9.989761451514774,101717,-29.714479793685786,-1.264748112657314,8
12844,-99.03653425790759,3.227279813246487,101725,-96.6939343764425,2.7165835152131033,15
12845,354.90301730511396,4.133538504367814,101727,302.44973475302317,-5.405747081354008,25
12846,-37.70165309175123,-1.5510294604817956,101743,-29.714479793685786,-1.264748112657314,8
12847,53.894757264529986,-5.88478383495279,101756,47.997068783449585,1.2679199422360634,13
12848,-87.30346936960149,7.738314897642918,101766,-85.91178621041317,3.2728237667350073,24
12849,-150.0293367722809,1.188503979282724,101768,-148.09620948762597,-1.1157003398540595,36
12850,-36.063044441386424,5.37537749502,101771,-29.714479793685786,-1.264748112657314,8
12851,-96.31853197347188,8.44416834119016,101774,-96.6939343764425,2.7165835152131033,15
12852,-102.17090987564895,5.0843845573502735,101778,-104.7190727296112,3.8815952186994593,7
12853,-136.25837732594923,5.923284385837311,101786,-137.57400940459857,4.493303950559668,20
12854,-19.134181348931588,-8.019275873154909,101789,-29.714479793685786,-1.264748112657314,8
12855,-77.074622764658,3.917072611121369,101802,-77.6204452281073,-4.536559244831727,5
12856,-88.15167057964736,5.410762663662523,101815,-85.91178621041317,3.2728237667350073,24
12857,82.00269992300568,7.9927463399231575,101824,78.01149217232324,3.6022338347977136,6
12858,-109.23902027527166,5.442439258765719,101838,-104.7190727296112,3.8815952186994593,7
12859,16.417498793766306,-0.6936823946464391,101842,18.937510567705566,1.034768221250525,27
12860,-118.38358189007894,8.463344521141526,101844,-114.33047638704419,5.73481138949136,19
12861,-122.23955441070585,5.213669515971248,101858,-123.80894152337959,5.566802721935252,23
12862,-107.23038797107246,6.320169796988862,101864,-104.7190727296112,3.8815952186994593,7
12863,12.765246468613483,10.482056055346128,101865,18.937510567705566,1.034768221250525,27
12864,39.53759048491419,-15.592117885215933,101870,28.39696760572947,-22.91072472808294,12
12865,-110.23221699261937,-8.938622462522085,101877,-115.69510858146283,-11.595084171039186,39
12866,-55.0312018664424,4.874200276667535,101886,-49.93530245157272,-0.19848027172185767,2
12867,50.96498120309513,8.270864687168169,101897,47.997068783449585,1.2679199422360634,13
12868,-69.19080143309795,7.106370522864723,101899,-66.8889597803445,2.169628081691683,14
12869,-53.59081901351498,-1.663282540090994,101903,-49.93530245157272,-0.19848027172185767,2
12870,-124.07057327840106,2.0164241077718055,101906,-123.94204162798616,-1.5144507595891967,3
12871,-23.989513021399315,-10.238759318699133,101917,-29.714479793685786,-1.264748112657314,8
12872,50.35370804793591,-12.415847461706347,101919,47.997068783449585,1.2679199422360634,13
12873,122.0082135764405,-19.38179622457318,101925,110.19899446847099,-35.665903512662624,21
12874,-119.29395696379987,6.463917957331559,101939,-123.80894152337959,5.566802721935252,23
12875,-80.15232878491916,6.082492837751626,101968,-85.91178621041317,3.2728237667350073,24
12876,-43.02453139445044,5.43295650221399,101970,-49.93530245157272,-0.19848027172185767,2
12877,-42.723561632710066,0.40133002083076524,101977,-49.93530245157272,-0.19848027172185767,2
12878,-110.17841379506257,5.638124101866142,101986,-114.33047638704419,5.73481138949136,19
12879,-126.77908153760166,-2.884214748181816,101987,-123.94204162798616,-1.5144507595891967,3
12880,-125.98583720836972,2.7045479308705627,101993,-129.1025175244067,1.5488809909733745,1
12881,-114.34263583649006,7.627881529043938,102012,-114.33047638704419,5.73481138949136,19
12882,-116.3968200555339,8.765843940547137,102029,-114.33047638704419,5.73481138949136,19
12883,8.451168635482759,-1.0400586923334805,102031,18.937510567705566,1.034768221250525,27
12884,-110.18088138842303,4.165086308953023,102035,-114.33047638704419,5.73481138949136,19
12885,-65.94524503034728,-12.93389091080684,102036,-77.6204452281073,-4.536559244831727,5
12886,-134.90813201835,-0.18659822271237983,102041,-134.89656831690453,-0.030690791204986433,34
12887,-142.1314590715547,3.0391095560451795,102045,-142.14616351708418,5.245197398204194,22
12888,-14.635365357387768,-0.5438023164115989,102062,-6.878718007946434,-1.0926682779646681,10
12889,371.4666810153561,-3.3294595886009892,102063,417.6915390220547,-4.11857226961515,29
12890,-87.07952511946833,4.369443476364836,102079,-85.91178621041317,3.2728237667350073,24
12891,247.60674349147172,5.230587460730224,102086,227.03647807555316,-5.020718083634986,26
12892,-104.45280502859819,-6.069608159088448,102099,-109.71624596876933,-1.0040630408538558,16
12893,-112.46608121460662,-5.386599229624871,102112,-109.71624596876933,-1.0040630408538558,16
12894,245.14130782017682,12.30252190976875,102114,227.03647807555316,-5.020718083634986,26
12895,173.42166652275858,5.474122517387793,102119,172.66355239880147,-2.7112682595768685,38
12896,-154.99655010530316,-0.6276161663732615,102121,-152.23629829764135,4.213482038439798,37
12897,-62.25440606230751,8.119843352020133,102123,-66.8889597803445,2.169628081691683,14
12898,-145.91646931452095,-1.2227200901562927,102125,-148.09620948762597,-1.1157003398540595,36
12899,-95.90788992698032,0.9742372206044546,102127,-96.6939343764425,2.7165835152131033,15
12900,-97.95756073502731,1.0037991834922324,102132,-96.6939343764425,2.7165835152131033,15
12901,-52.04981106307981,-9.896837164978555,102134,-49.93530245157272,-0.19848027172185767,2
12902,-108.99422223552291,0.5965146894971354,102140,-109.71624596876933,-1.0040630408538558,16
12903,-94.27889341338424,7.100430119780225,102147,-96.6939343764425,2.7165835152131033,15
12904,114.31846928000667,4.157058955746026,102151,104.96211155305676,-0.5414592591613776,31
12905,-35.29077640931942,-6.9108808814856895,102160,-29.714479793685786,-1.264748112657314,8
12906,0.8872644187063258,-7.632407077969697,102162,-6.878718007946434,-1.0926682779646681,10
12907,-74.3715164795231,9.961451646659874,102165,-66.8889597803445,2.169628081691683,14
12908,-123.16883469158054,5.213072217605977,102184,-123.80894152337959,5.566802721935252,23
12909,28.954644366454968,-7.116186584881565,102210,18.937510567705566,1.034768221250525,27
12910,312.15040673497913,-0.9818262070776013,102211,302.44973475302317,-5.405747081354008,25
12911,71.7950889422951,12.360911845124635,102215,78.01149217232324,3.6022338347977136,6
12912,-108.87184976597052,-0.037166736844730236,102216,-109.71624596876933,-1.0040630408538558,16
12913,-109.16667978171863,5.392488224028464,102226,-104.7190727296112,3.8815952186994593,7
12914,-134.87352302212685,-1.9831257713509804,102231,-134.89656831690453,-0.030690791204986433,34
12915,-117.06593920593284,3.062662236132562,102247,-118.09857507912784,0.7103841694799473,11
12916,-121.84849574585897,-1.8001841358088118,102258,-123.94204162798616,-1.5144507595891967,3
12917,418.819522710747,-6.672484113695282,102259,417.6915390220547,-4.11857226961515,29
12918,-100.08409599965461,3.246621206583703,102269,-96.6939343764425,2.7165835152131033,15
12919,-54.01397172647306,3.9902681227854915,102281,-49.93530245157272,-0.19848027172185767,2
12920,1715.74441731314,81.99855140262612,102282,1342.5649032771717,32.04824045393157,32
12921,311.6069880102651,7.317326835661294,102286,302.44973475302317,-5.405747081354008,25
12922,-65.28032488394639,-7.645579751881521,102295,-66.8889597803445,2.169628081691683,14
12923,-97.82515932574425,-0.35105390821339694,102303,-96.6939343764425,2.7165835152131033,15
12924,-113.20317828918462,5.094114405507407,102309,-114.33047638704419,5.73481138949136,19
12925,329.92505302273247,-25.726939454070266,102318,302.44973475302317,-5.405747081354008,25
12926,-129.0524658377752,3.0740628035319704,102324,-129.1025175244067,1.5488809909733745,1
12927,-107.87771045931315,-1.4309821577385164,102326,-109.71624596876933,-1.0040630408538558,16
12928,-128.82609032671965,-1.361261297429225,102342,-129.1025175244067,1.5488809909733745,1
12929,-148.024163060761,0.6126058136405876,102344,-148.09620948762597,-1.1157003398540595,36
12930,-58.99778689201992,-11.171751383870374,102351,-49.93530245157272,-0.19848027172185767,2
12931,-33.656070057246666,-0.9271627710818232,102353,-29.714479793685786,-1.264748112657314,8
12932,732.3022746311399,11.472418097051076,102376,861.6475783799328,6.515082937232454,35
12933,-140.2786969916353,5.777427725495086,102381,-142.14616351708418,5.245197398204194,22
12934,-138.1309725202125,3.605176843498638,102386,-137.57400940459857,4.493303950559668,20
12935,60.59113502384952,-1.176054884097771,102389,47.997068783449585,1.2679199422360634,13
12936,101.1126465986262,-7.300696462631324,102411,104.96211155305676,-0.5414592591613776,31
12937,58.945670609006676,-5.882324324418407,102415,47.997068783449585,1.2679199422360634,13
12938,87.79318960278287,11.63433245308408,102422,78.01149217232324,3.6022338347977136,6
12939,-126.81292132809266,-1.6351250594773992,102437,-123.94204162798616,-1.5144507595891967,3
12940,222.9869211406402,-15.68346310381407,102438,227.03647807555316,-5.020718083634986,26
12941,-114.08482024791189,1.9472723184662222,102441,-114.33047638704419,5.73481138949136,19
12942,-115.4073926609829,9.019960642508975,102443,-114.33047638704419,5.73481138949136,19
12943,144.29455790211946,6.223966107676808,102460,135.4076551174278,-1.697351881935795,33
12944,-27.734421777588572,-0.14781382305576868,102462,-29.714479793685786,-1.264748112657314,8
12945,85.46107940633587,2.1042188753848983,102465,78.01149217232324,3.6022338347977136,6
12946,299.2735780242719,-2.8724455288793562,102466,302.44973475302317,-5.405747081354008,25
12947,-118.60540463022944,-3.4599584481107897,102474,-118.09857507912784,0.7103841694799473,11
12948,-125.31659953741807,7.377185481686672,102485,-123.80894152337959,5.566802721935252,23
12949,-91.28755533927799,6.815694867554841,102491,-85.91178621041317,3.2728237667350073,24
12950,-8.127812745801535,7.268081092646996,102499,-6.878718007946434,-1.0926682779646681,10
12951,476.07215032304066,6.057669957600874,102527,417.6915390220547,-4.11857226961515,29
12952,-65.97555441597473,2.4513050695508833,102535,-66.8889597803445,2.169628081691683,14
12953,-90.91036745743502,1.1118577134707768,102543,-85.91178621041317,3.2728237667350073,24
12954,-116.65520999154322,-18.61841699947202,102564,-115.69510858146283,-11.595084171039186,39
12955,124.0506662554874,-5.556542107324,102572,135.4076551174278,-1.697351881935795,33
12956,-40.96254808698542,3.6269004763739567,102583,-49.93530245157272,-0.19848027172185767,2
12957,-152.07036798705755,1.037590089455662,102602,-152.23629829764135,4.213482038439798,37
12958,-125.09496204900042,3.5801179280585447,102607,-123.80894152337959,5.566802721935252,23
12959,-128.06075538323466,1.7314655839975708,102608,-129.1025175244067,1.5488809909733745,1
12960,143.74090037512187,15.250164052800699,102609,135.4076551174278,-1.697351881935795,33
12961,-141.05824777724013,1.9753615146723325,102615,-141.0346653257256,-1.1036168920026446,0
12962,240.5769776965374,5.247674999192325,102617,227.03647807555316,-5.020718083634986,26
12963,178.07812363129315,-18.950319295273932,102619,172.66355239880147,-2.7112682595768685,38
12964,-20.7072037591219,0.4007886204582007,102624,-29.714479793685786,-1.264748112657314,8
12965,-101.14661616956775,4.057729264709572,102626,-104.7190727296112,3.8815952186994593,7
12966,-86.08496403594141,4.500993805306642,102630,-85.91178621041317,3.2728237667350073,24
12967,524.2139821528177,-23.134481450826236,102638,586.0312761189704,-1.722944617346204,30
12968,-81.83357624369137,-0.42521513757629537,102646,-85.91178621041317,3.2728237667350073,24
12969,-125.2248865300309,4.878555344589646,102652,-123.80894152337959,5.566802721935252,23
12970,46.59004256668065,-1.377919436636553,102662,47.997068783449585,1.2679199422360634,13
12971,-21.753708674087616,1.4153698258256078,102709,-29.714479793685786,-1.264748112657314,8
12972,-140.97536307384027,1.1793787492889911,102713,-141.0346653257256,-1.1036168920026446,0
12973,-57.89254212452459,1.792415380358865,102717,-49.93530245157272,-0.19848027172185767,2
12974,-127.24005042954987,5.672593163141907,102721,-123.80894152337959,5.566802721935252,23
12975,139.63622338619146,-13.501522856250476,102724,135.4076551174278,-1.697351881935795,33
12976,-85.53114853025059,-4.547872263974237,102733,-85.91178621041317,3.2728237667350073,24
12977,-79.89626611704354,1.4942278775345896,102736,-85.91178621041317,3.2728237667350073,24
12978,-132.288794818855,6.151165253632553,102740,-132.1080396739421,5.887059356646324,17
12979,58.395468061609186,1.5348728676135146,102754,47.997068783449585,1.2679199422360634,13
12980,112.84320587442595,-17.46143913173163,102762,110.19899446847099,-35.665903512662624,21
12981,-127.32189202473897,6.94377806231029,102770,-123.80894152337959,5.566802721935252,23
12982,68.08559954838283,6.94753730232612,102778,78.01149217232324,3.6022338347977136,6
12983,6.601842499916378,12.933457086006971,102780,18.937510567705566,1.034768221250525,27
12984,-81.91368490425918,1.8632272141964652,102797,-85.91178621041317,3.2728237667350073,24
12985,-58.64854297105958,-1.521262559259359,102811,-49.93530245157272,-0.19848027172185767,2
12986,-124.3468484403274,7.537757159956673,102827,-123.80894152337959,5.566802721935252,23
12987,-131.73248695133384,-3.9838953753503517,102836,-130.75996572568545,-6.6137591708523855,18
12988,-120.84622284233114,-1.8365196050894588,102842,-123.94204162798616,-1.5144507595891967,3
12989,-127.38206741980578,8.285775172596695,102847,-123.80894152337959,5.566802721935252,23
12990,-109.32908936319045,7.942556443108977,102856,-114.33047638704419,5.73481138949136,19
12991,60.321425443014945,3.1999147528394167,102860,47.997068783449585,1.2679199422360634,13
12992,-8.455194971502982,-3.3751493108482156,102881,-6.878718007946434,-1.0926682779646681,10
12993,-44.34026873093852,-20.70651193055185,102906,-49.93530245157272,-0.19848027172185767,2
12994,-119.18869200324656,4.698347224353367,102916,-118.09857507912784,0.7103841694799473,11
12995,-112.77767473318166,-15.869242953476887,102929,-115.69510858146283,-11.595084171039186,39
12996,-65.99749737898146,3.4328418614608562,102932,-66.8889597803445,2.169628081691683,14
12997,221.4082888818756,-21.85835199670665,102944,227.03647807555316,-5.020718083634986,26
12998,18.679620629143642,11.943524964906253,102956,18.937510567705566,1.034768221250525,27
12999,109.95014449358244,-33.5589571831193,102958,110.19899446847099,-35.665903512662624,21
13000,778.9837361189094,17.700105813284683,102970,861.6475783799328,6.515082937232454,35
13001,-110.92053484213066,-0.017386607868763317,102983,-109.71624596876933,-1.0040630408538558,16
13002,-86.62428388759302,-4.058860743139309,102985,-85.91178621041317,3.2728237667350073,24
13003,-89.00659593489141,2.7314487784838084,102986,-85.91178621041317,3.2728237667350073,24
13004,466.1685985098724,4.283411881451906,103005,417.6915390220547,-4.11857226961515,29
13005,201.41793429089137,-8.71870070704569,103020,227.03647807555316,-5.020718083634986,26
13006,-64.24272242887712,8.350965393975605,103021,-66.8889597803445,2.169628081691683,14
13007,621.1012133138836,-3.7917778071985526,103027,586.0312761189704,-1.722944617346204,30
13008,2.3476195132211286,0.6094240387444191,103038,-6.878718007946434,-1.0926682779646681,10
13009,-94.13990789468802,-10.68854452487192,103040,-95.36861679384212,-10.95784818293233,28
13010,55.95038872251561,-21.29242601967987,103049,70.166569844569,-14.692630117552799,9
13011,330.6142002552985,-6.7357312825916305,103054,302.44973475302317,-5.405747081354008,25
13012,-126.86829596149335,0.08429921836990958,103059,-129.1025175244067,1.5488809909733745,1
13013,-67.73114380305714,-15.097246957069949,103062,-77.6204452281073,-4.536559244831727,5
13014,-131.18336750601947,4.357487841308012,103093,-132.1080396739421,5.887059356646324,17
13015,518.1020884191773,7.130955218055676,103100,586.0312761189704,-1.722944617346204,30
13016,-90.2324226259732,6.6320206711307,103116,-85.91178621041317,3.2728237667350073,24
13017,-18.30638239520428,-5.775310905510288,103126,-29.714479793685786,-1.264748112657314,8
13018,-138.80245140888044,-2.063921162109187,103127,-141.0346653257256,-1.1036168920026446,0
13019,-97.23855706367816,6.147832590633418,103138,-96.6939343764425,2.7165835152131033,15
13020,767.0144837341902,16.827899129581375,103141,861.6475783799328,6.515082937232454,35
13021,-109.01170279123224,3.0426411231544495,103151,-109.71624596876933,-1.0040630408538558,16
13022,-99.58097207783112,-3.677193250195391,103162,-96.6939343764425,2.7165835152131033,15
13023,-72.26391045175454,-8.110309754143552,103171,-77.6204452281073,-4.536559244831727,5
13024,-105.1877805169227,5.421220450080656,103173,-104.7190727296112,3.8815952186994593,7
13025,76.73617906144693,12.18185244788552,103187,78.01149217232324,3.6022338347977136,6
13026,-63.063965735852264,4.434830655025958,103201,-66.8889597803445,2.169628081691683,14
13027,-138.01484085038496,2.10534154289393,103203,-137.57400940459857,4.493303950559668,20
13028,-134.79184242841168,-1.7210387744423208,103204,-134.89656831690453,-0.030690791204986433,34
13029,549.8275561238721,-45.23001940988397,103206,586.0312761189704,-1.722944617346204,30
13030,12.502550244268583,-1.06705953834458,103226,18.937510567705566,1.034768221250525,27
13031,625.0764323047605,11.026093913311374,103232,586.0312761189704,-1.722944617346204,30
13032,31.68969479263697,11.409854832080955,103234,18.937510567705566,1.034768221250525,27
13033,31.955400599926055,-8.082372070349747,103239,28.39696760572947,-22.91072472808294,12
13034,65.87249409600929,9.021873833816848,103241,78.01149217232324,3.6022338347977136,6
13035,-69.97808465562225,3.4615116190757726,103254,-66.8889597803445,2.169628081691683,14
13036,138.86840155787607,-2.3341860286734253,103264,135.4076551174278,-1.697351881935795,33
13037,31.6310467220227,13.228464866123927,103266,18.937510567705566,1.034768221250525,27
13038,98.11619563532221,7.810929703710863,103273,104.96211155305676,-0.5414592591613776,31
13039,-117.15356644068542,3.453740390871857,103274,-118.09857507912784,0.7103841694799473,11
13040,97.79982968895591,-3.0708213041911865,103278,104.96211155305676,-0.5414592591613776,31
13041,-26.80481740317652,1.9324783341538592,103285,-29.714479793685786,-1.264748112657314,8
13042,-118.98910081392322,0.3248507306873784,103291,-118.09857507912784,0.7103841694799473,11
13043,-83.26530903840518,7.470461279949273,103293,-85.91178621041317,3.2728237667350073,24
13044,-134.68023257950912,-2.6163438730465236,103297,-134.89656831690453,-0.030690791204986433,34
13045,-114.98572993320599,2.3549606912782193,103313,-114.33047638704419,5.73481138949136,19
13046,-121.06011700500761,1.8242280749295199,103314,-118.09857507912784,0.7103841694799473,11
13047,-89.08016420684216,3.3404144887866853,103335,-85.91178621041317,3.2728237667350073,24
13048,-136.17432457129215,3.585168981056854,103339,-137.57400940459857,4.493303950559668,20
13049,-140.90526385228517,-1.390938822305301,103341,-141.0346653257256,-1.1036168920026446,0
13050,135.89219012136087,11.295078696986998,103343,135.4076551174278,-1.697351881935795,33
13051,-125.06346991870852,1.3155449487868154,103345,-123.94204162798616,-1.5144507595891967,3
13052,-93.08805847693158,4.444375908299499,103346,-96.6939343764425,2.7165835152131033,15
13053,-62.713228240174516,-0.17742874582920523,103351,-66.8889597803445,2.169628081691683,14
13054,-124.86887750944257,-2.4305415224909663,103355,-123.94204162798616,-1.5144507595891967,3
13055,-88.30714321322947,8.324129921588689,103356,-85.91178621041317,3.2728237667350073,24
13056,-114.12580764652056,4.410703298973884,103362,-114.33047638704419,5.73481138949136,19
13057,-103.82229191810194,-1.5519661378954492,103373,-104.7190727296112,3.8815952186994593,7
13058,-125.64286759464676,-3.279637548114663,103375,-123.94204162798616,-1.5144507595891967,3
13059,-81.03766754193654,2.534341134221919,103398,-85.91178621041317,3.2728237667350073,24
13060,-85.08030485870565,3.407711037855592,103407,-85.91178621041317,3.2728237667350073,24
13061,-6.799779702006699,2.6616825907769557,103411,-6.878718007946434,-1.0926682779646681,10
13062,-121.12135798588822,2.6575118557684063,103417,-118.09857507912784,0.7103841694799473,11
13063,-73.14878319703848,5.1054109151091716,103422,-66.8889597803445,2.169628081691683,14
13064,706.5219332003786,36.71111213480789,103434,586.0312761189704,-1.722944617346204,30
13065,34.02134996228053,-8.463256421121224,103462,28.39696760572947,-22.91072472808294,12
13066,-148.28494924264697,5.77818755135172,103463,-146.59606179012786,4.113086925586259,4
13067,12.306269723813754,1.6896123513277799,103467,18.937510567705566,1.034768221250525,27
13068,-153.06434534095195,1.8939480408419096,103474,-152.23629829764135,4.213482038439798,37
13069,146.87399082277196,12.915955868527925,103477,135.4076551174278,-1.697351881935795,33
13070,113.48387299912208,-12.14405816378188,103482,104.96211155305676,-0.5414592591613776,31
13071,51.13102504502223,5.674914191779299,103487,47.997068783449585,1.2679199422360634,13
13072,-152.9160541723147,-1.870038373835279,103497,-148.09620948762597,-1.1157003398540595,36
13073,-54.1453628632691,6.359842145236354,103499,-49.93530245157272,-0.19848027172185767,2
13074,668.5707511426964,-37.61134728208933,103508,586.0312761189704,-1.722944617346204,30
13075,-88.09116402344692,-11.143944163124305,103509,-95.36861679384212,-10.95784818293233,28
13076,8.522431457554807,-1.0567626146481564,103514,18.937510567705566,1.034768221250525,27
13077,4.842021101621884,9.194623260443993,103518,-6.878718007946434,-1.0926682779646681,10
13078,-10.96388003529495,3.6257777347726408,103521,-6.878718007946434,-1.0926682779646681,10
13079,-132.94316039526217,-0.425714535849838,103525,-134.89656831690453,-0.030690791204986433,34
13080,-7.299740941436718,-19.43540067238527,103526,-6.878718007946434,-1.0926682779646681,10
13081,-72.901552235315,0.20747415988170037,103543,-66.8889597803445,2.169628081691683,14
13082,593.6551746934164,16.1302716151443,103546,586.0312761189704,-1.722944617346204,30
13083,-130.13610547877676,4.368766392086749,103550,-132.1080396739421,5.887059356646324,17
13084,-45.66955472852352,-0.32981542552785414,103551,-49.93530245157272,-0.19848027172185767,2
13085,-134.36061475933266,7.6761320225793925,103559,-132.1080396739421,5.887059356646324,17
13086,-123.2145508907553,5.7021596764153575,103580,-123.80894152337959,5.566802721935252,23
13087,-100.64600808772018,-2.2792518753897304,103581,-96.6939343764425,2.7165835152131033,15
13088,-80.71304256485226,-16.229683398372593,103592,-77.6204452281073,-4.536559244831727,5
13089,1620.9117006151735,62.015338511864016,103634,1342.5649032771717,32.04824045393157,32
13090,446.4674734190681,13.66634391629617,103645,417.6915390220547,-4.11857226961515,29
13091,21.69748678910851,-18.373264772497965,103646,28.39696760572947,-22.91072472808294,12
13092,-109.11063674248733,3.66182927252443,103658,-104.7190727296112,3.8815952186994593,7
13093,1257.8056862960514,51.03941599483441,103669,1342.5649032771717,32.04824045393157,32
13094,-36.352417111733324,10.175580120275368,103679,-29.714479793685786,-1.264748112657314,8
13095,38.155993953209055,-10.33887127472514,103688,47.997068783449585,1.2679199422360634,13
13096,-16.52640342098538,-1.4200123133536868,103697,-6.878718007946434,-1.0926682779646681,10
13097,18.853998253609188,-6.609499695269199,103702,18.937510567705566,1.034768221250525,27
13098,28.144193603616458,-10.245060976140316,103714,28.39696760572947,-22.91072472808294,12
13099,-124.012532134058,1.780048750154336,103721,-123.94204162798616,-1.5144507595891967,3
13100,-78.8365387082285,0.7311101447075529,103730,-77.6204452281073,-4.536559244831727,5
13101,724.0685450591052,14.40923106457288,103732,861.6475783799328,6.515082937232454,35
13102,-108.81425359870909,-0.7780760063473398,103734,-109.71624596876933,-1.0040630408538558,16
13103,61.38366310872407,1.8493066596985255,103753,47.997068783449585,1.2679199422360634,13
13104,-56.99305223765959,4.015706532058378,103754,-49.93530245157272,-0.19848027172185767,2
13105,982.8209313112341,41.475714266884374,103755,861.6475783799328,6.515082937232454,35
13106,37.77490080183081,-4.036067834100288,103760,47.997068783449585,1.2679199422360634,13
13107,375.4513848824989,11.802003863348753,103764,417.6915390220547,-4.11857226961515,29
13108,-95.37417182052965,-7.1091639054438245,103765,-95.36861679384212,-10.95784818293233,28
13109,-71.86027058394905,1.3659396269841424,103766,-66.8889597803445,2.169628081691683,14
13110,-22.830117649365825,2.0438577153693176,103768,-29.714479793685786,-1.264748112657314,8
13111,-126.16517803964429,5.066874378858486,103773,-123.80894152337959,5.566802721935252,23
13112,-119.36282860006686,7.965130929097384,103783,-123.80894152337959,5.566802721935252,23
13113,-151.3230397709749,6.579448082698927,103809,-152.23629829764135,4.213482038439798,37
13114,-65.38968208917763,-5.760711101761095,103814,-66.8889597803445,2.169628081691683,14
13115,-121.39346430696688,-7.1297805909580925,103815,-123.94204162798616,-1.5144507595891967,3
13116,-137.23201545190727,4.834692055173898,103847,-137.57400940459857,4.493303950559668,20
13117,373.69836167181757,-6.313520124581678,103863,417.6915390220547,-4.11857226961515,29
13118,-97.07629808202032,2.601251082304873,103866,-96.6939343764425,2.7165835152131033,15
13119,-123.82327920239486,-1.8575256593209257,103875,-123.94204162798616,-1.5144507595891967,3
13120,-123.96179983664001,-0.8942170542582497,103899,-123.94204162798616,-1.5144507595891967,3
13121,-72.20387648365093,6.815848408113125,103906,-66.8889597803445,2.169628081691683,14
13122,-69.32193757871687,8.441425534139752,103911,-66.8889597803445,2.169628081691683,14
13123,435.2470564986486,1.5414070663586799,103914,417.6915390220547,-4.11857226961515,29
13124,6.282945535638719,-13.146702414502991,103921,-6.878718007946434,-1.0926682779646681,10
13125,40.66801082424566,12.046711101004638,103926,47.997068783449585,1.2679199422360634,13
13126,-105.8237141363942,-0.5358625133055837,103929,-109.71624596876933,-1.0040630408538558,16
13127,1012.6608744381886,16.041079088958497,103949,861.6475783799328,6.515082937232454,35
13128,-69.38610194382508,-6.940381360739698,103956,-77.6204452281073,-4.536559244831727,5
13129,-53.565006750571385,-2.226111960338567,103964,-49.93530245157272,-0.19848027172185767,2
13130,-71.17615541664217,6.748492068557246,103969,-66.8889597803445,2.169628081691683,14
13131,-78.1157714217526,4.799296934647753,103974,-85.91178621041317,3.2728237667350073,24
13132,-37.37931935724752,-4.493424129418012,103976,-29.714479793685786,-1.264748112657314,8
13133,-31.860367118369986,2.052635126234635,103996,-29.714479793685786,-1.264748112657314,8
13134,299.06942937435275,14.788246268790724,104054,302.44973475302317,-5.405747081354008,25
13135,46.89166386742768,7.767071718209073,104070,47.997068783449585,1.2679199422360634,13
13136,65.92790658805197,8.315520571759953,104078,78.01149217232324,3.6022338347977136,6
13137,-141.0580902720584,1.461869931870532,104085,-141.0346653257256,-1.1036168920026446,0
13138,-52.80337403563888,1.4650092159080874,104116,-49.93530245157272,-0.19848027172185767,2
13139,-93.9930822034656,1.3311702042154356,104118,-96.6939343764425,2.7165835152131033,15
13140,63.871589556544215,-5.196978652060027,104127,70.166569844569,-14.692630117552799,9
13141,-118.60925923889631,-4.9239748952673414,104140,-118.09857507912784,0.7103841694799473,11
13142,-34.90038931470603,2.862471944377492,104146,-29.714479793685786,-1.264748112657314,8
13143,-142.2933997468103,6.075624635484313,104154,-142.14616351708418,5.245197398204194,22
13144,37.473122659817264,15.24396705658386,104157,47.997068783449585,1.2679199422360634,13
13145,-60.05530517518128,5.824798488096877,104162,-66.8889597803445,2.169628081691683,14
13146,-90.0150162099561,2.9090674434103967,104183,-85.91178621041317,3.2728237667350073,24
13147,-140.00013764785737,0.7330038926984679,104188,-141.0346653257256,-1.1036168920026446,0
13148,-108.69261332618142,-3.4412305095290523,104189,-109.71624596876933,-1.0040630408538558,16
13149,-45.1243148536495,6.569975280769179,104197,-49.93530245157272,-0.19848027172185767,2
13150,-113.28171248803888,-9.440716859785644,104202,-115.69510858146283,-11.595084171039186,39
13151,-96.90037697709731,0.2767182526019424,104206,-96.6939343764425,2.7165835152131033,15
13152,-124.74024419697784,-1.6572341372922517,104225,-123.94204162798616,-1.5144507595891967,3
13153,51.7778558216716,9.814499446050364,104233,47.997068783449585,1.2679199422360634,13
13154,-18.43625923617127,-2.929887628354164,104239,-29.714479793685786,-1.264748112657314,8
13155,-57.740180628734215,-1.031033773221453,104241,-49.93530245157272,-0.19848027172185767,2
13156,-57.994009957678934,2.4672099921355826,104245,-49.93530245157272,-0.19848027172185767,2
13157,-144.07500076386532,2.78366908864858,104247,-146.59606179012786,4.113086925586259,4
13158,-75.04703653587521,4.39179163927032,104252,-66.8889597803445,2.169628081691683,14
13159,-14.921966813502506,-10.55199660393079,104253,-6.878718007946434,-1.0926682779646681,10
13160,969.5379928881928,30.682764858984434,104256,861.6475783799328,6.515082937232454,35
13161,-103.112325032176,3.7979328301722237,104267,-104.7190727296112,3.8815952186994593,7
13162,-80.26205896931208,-8.300510762614824,104272,-77.6204452281073,-4.536559244831727,5
13163,0.010615516486030232,4.35249431930995,104289,-6.878718007946434,-1.0926682779646681,10
13164,32.53773069848059,-0.9792899052674308,104300,18.937510567705566,1.034768221250525,27
13165,345.0458295390979,16.08455369796742,104312,302.44973475302317,-5.405747081354008,25
13166,-93.81354653173655,-1.0542435755552597,104321,-96.6939343764425,2.7165835152131033,15
13167,161.18989670185786,8.279741879793498,104326,172.66355239880147,-2.7112682595768685,38
13168,-94.78050748205777,-1.3043153102611929,104333,-96.6939343764425,2.7165835152131033,15
13169,0.4691644829616547,-1.0370163666312429,104337,-6.878718007946434,-1.0926682779646681,10
13170,-79.53757293219341,-3.2612855270109025,104348,-77.6204452281073,-4.536559244831727,5
13171,-120.16101074574729,3.5523811899485085,104351,-118.09857507912784,0.7103841694799473,11
13172,-140.34929063527176,7.335208489665844,104358,-142.14616351708418,5.245197398204194,22
13173,244.0206874722234,-16.064517674042932,104367,227.03647807555316,-5.020718083634986,26
13174,-125.99648494100076,-0.14394228968623032,104388,-123.94204162798616,-1.5144507595891967,3
13175,-132.845959196291,-0.49869407359520973,104396,-134.89656831690453,-0.030690791204986433,34
13176,-121.02536808697049,2.6317523810150036,104414,-118.09857507912784,0.7103841694799473,11
13177,-141.15072297213925,3.4785705867125145,104427,-142.14616351708418,5.245197398204194,22
13178,65.35053223377045,2.6381838367479533,104439,78.01149217232324,3.6022338347977136,6
13179,-125.19488346322198,4.197122691218532,104449,-123.80894152337959,5.566802721935252,23
13180,-154.11288436426818,1.9009645786590281,104450,-152.23629829764135,4.213482038439798,37
13181,-23.948934948085764,4.63648190777208,104453,-29.714479793685786,-1.264748112657314,8
13182,-135.12304525853597,2.4724135176469852,104472,-134.89656831690453,-0.030690791204986433,34
13183,-143.5469647195804,-6.711673639830289,104494,-141.0346653257256,-1.1036168920026446,0
13184,-91.19571867218576,6.845125806028394,104495,-85.91178621041317,3.2728237667350073,24
13185,104.31518037068484,-10.141557431308792,104497,104.96211155305676,-0.5414592591613776,31
13186,75.0645084478317,7.536576501048664,104499,78.01149217232324,3.6022338347977136,6
13187,112.50622045976318,-12.655719949623318,104504,104.96211155305676,-0.5414592591613776,31
13188,237.8002428362761,-27.097597028109956,104508,227.03647807555316,-5.020718083634986,26
13189,-83.37846114793116,-6.817208858507446,104516,-77.6204452281073,-4.536559244831727,5
13190,55.36077179437912,2.752999833088093,104530,47.997068783449585,1.2679199422360634,13
13191,190.54095823886377,-10.562439886540842,104540,172.66355239880147,-2.7112682595768685,38
13192,-126.81874096701421,-0.9820068021113124,104549,-123.94204162798616,-1.5144507595891967,3
13193,-147.90930685436913,-1.913183054216526,104550,-148.09620948762597,-1.1157003398540595,36
13194,217.28802476327624,-35.050466419526984,104561,227.03647807555316,-5.020718083634986,26
13195,17.369910467133195,-13.827463119189764,104566,28.39696760572947,-22.91072472808294,12
13196,-95.98567321033416,2.675284569268484,104575,-96.6939343764425,2.7165835152131033,15
13197,32.95948605257744,8.106863377422613,104593,18.937510567705566,1.034768221250525,27
13198,-112.17047692909479,5.429079575162087,104604,-114.33047638704419,5.73481138949136,19
13199,21.381848807598153,0.7119334213981904,104622,18.937510567705566,1.034768221250525,27
13200,-60.72584521967777,-0.3633003273556663,104624,-66.8889597803445,2.169628081691683,14
13201,39.97049056102456,-7.267686425652549,104627,47.997068783449585,1.2679199422360634,13
13202,-124.64042070110487,-4.3624641867817,104633,-123.94204162798616,-1.5144507595891967,3
13203,-112.41567596033559,9.263470518944036,104645,-114.33047638704419,5.73481138949136,19
13204,289.1586308687706,13.173210683430128,104650,302.44973475302317,-5.405747081354008,25
13205,-140.99386251223484,-0.46733142646275944,104654,-141.0346653257256,-1.1036168920026446,0
13206,243.53031695467683,5.281762371931196,104655,227.03647807555316,-5.020718083634986,26
13207,254.16021577819203,11.519650449429085,104659,227.03647807555316,-5.020718083634986,26
13208,-15.75435771388366,1.520454276595559,104671,-6.878718007946434,-1.0926682779646681,10
13209,-130.20895823474825,4.458302852032208,104678,-132.1080396739421,5.887059356646324,17
13210,292.93147988416854,1.9425722834245107,104694,302.44973475302317,-5.405747081354008,25
13211,-80.82682054810381,-1.0594997123330345,104718,-77.6204452281073,-4.536559244831727,5
13212,569.3941262404356,4.669191991397062,104721,586.0312761189704,-1.722944617346204,30
13213,73.41214501549418,2.4441617358673224,104729,78.01149217232324,3.6022338347977136,6
13214,-105.59004077608037,-3.588624685602692,104738,-109.71624596876933,-1.0040630408538558,16
13215,223.1711775204895,10.755577016203281,104739,227.03647807555316,-5.020718083634986,26
13216,-143.01377080186305,1.9888592294825682,104755,-142.14616351708418,5.245197398204194,22
13217,-127.81383818353376,-2.1255668982063947,104757,-129.1025175244067,1.5488809909733745,1
13218,363.1887039830006,0.5730309509955791,104760,417.6915390220547,-4.11857226961515,29
13219,-124.07738636751404,3.187771756115346,104761,-123.80894152337959,5.566802721935252,23
13220,-61.037393757591495,4.385913802331029,104767,-66.8889597803445,2.169628081691683,14
13221,375.14934368843143,1.6471587819825713,104773,417.6915390220547,-4.11857226961515,29
13222,73.75959878915322,-3.095432481328593,104778,78.01149217232324,3.6022338347977136,6
13223,-92.88544594067123,0.5301456085389025,104792,-96.6939343764425,2.7165835152131033,15
13224,-64.16744979414992,5.658713270767169,104798,-66.8889597803445,2.169628081691683,14
13225,-125.12653949236702,4.2600494508059175,104805,-123.80894152337959,5.566802721935252,23
13226,179.23450326674177,-6.596396955980507,104807,172.66355239880147,-2.7112682595768685,38
13227,-26.94874753702442,4.579306629267905,104824,-29.714479793685786,-1.264748112657314,8
13228,20.0953781563319,5.426404419730172,104830,18.937510567705566,1.034768221250525,27
13229,115.5145555984869,-12.785273344129692,104831,104.96211155305676,-0.5414592591613776,31
13230,187.7279486339243,-13.682321411760688,104834,172.66355239880147,-2.7112682595768685,38
13231,-80.780369202131,-0.028780173258949125,104849,-77.6204452281073,-4.536559244831727,5
13232,-94.95381215129053,0.464791995026588,104852,-96.6939343764425,2.7165835152131033,15
13233,-130.2855148415156,6.084085794211277,104858,-132.1080396739421,5.887059356646324,17
13234,-122.13550111209749,2.9722665631030107,104867,-123.80894152337959,5.566802721935252,23
13235,-102.43773395320979,9.930553207144216,104870,-104.7190727296112,3.8815952186994593,7
13236,41.27992648194677,2.2454694836283475,104875,47.997068783449585,1.2679199422360634,13
13237,-115.06780117995731,2.0993927981951517,104885,-118.09857507912784,0.7103841694799473,11
13238,-136.85269042615386,-2.977012977511148,104888,-134.89656831690453,-0.030690791204986433,34
13239,-121.92453606242103,-0.13977884199594748,104899,-123.94204162798616,-1.5144507595891967,3
13240,-44.35413440667979,10.077023258764005,104911,-49.93530245157272,-0.19848027172185767,2
13241,-77.5329609551614,-3.8588994535587227,104922,-77.6204452281073,-4.536559244831727,5
13242,305.55572199914866,7.8199398756857645,104939,302.44973475302317,-5.405747081354008,25
13243,44.23990989377915,-11.557461612647364,104943,47.997068783449585,1.2679199422360634,13
13244,-0.22969193486494502,-5.607261423390125,104946,-6.878718007946434,-1.0926682779646681,10
13245,-133.19451175790059,4.5737239388267765,104949,-132.1080396739421,5.887059356646324,17
13246,-30.681604571548608,0.1932863381118369,104951,-29.714479793685786,-1.264748112657314,8
13247,-19.066029330812096,-9.512705181506695,104959,-29.714479793685786,-1.264748112657314,8
13248,-67.80744597495035,0.7836838358145379,104974,-66.8889597803445,2.169628081691683,14
13249,-85.67741377298303,-2.3670631929623904,104976,-85.91178621041317,3.2728237667350073,24
13250,-112.61392562121209,-3.179926539749937,104979,-109.71624596876933,-1.0040630408538558,16
13251,-40.52990106699625,-2.271107074717269,104987,-49.93530245157272,-0.19848027172185767,2
13252,-64.12252526984669,6.207414137829143,104993,-66.8889597803445,2.169628081691683,14
13253,16.415954121395178,-29.07429582533166,104996,28.39696760572947,-22.91072472808294,12
13254,-92.18230281701402,6.041168101927845,105010,-96.6939343764425,2.7165835152131033,15
13255,-121.25933292320629,5.691713819886976,105011,-123.80894152337959,5.566802721935252,23
13256,-16.21917372324624,-7.132406414011493,105018,-6.878718007946434,-1.0926682779646681,10
13257,-86.72959622313114,-2.257678005850695,105022,-85.91178621041317,3.2728237667350073,24
13258,142.65143421055168,0.9405281191864027,105026,135.4076551174278,-1.697351881935795,33
13259,179.27130461903758,-6.9053329749519055,105031,172.66355239880147,-2.7112682595768685,38
13260,9.953877411971044,7.323552083376596,105049,18.937510567705566,1.034768221250525,27
13261,-140.9349163942643,-1.777665302575773,105055,-141.0346653257256,-1.1036168920026446,0
13262,-137.09019513184535,2.225795167099853,105073,-137.57400940459857,4.493303950559668,20
13263,126.65163918491477,-0.3554140847651838,105074,135.4076551174278,-1.697351881935795,33
13264,-88.99224765274352,0.8894152854633347,105078,-85.91178621041317,3.2728237667350073,24
13265,20.442085426881608,0.38136588402647903,105089,18.937510567705566,1.034768221250525,27
13266,-72.97197212632942,3.787789967598131,105125,-66.8889597803445,2.169628081691683,14
13267,110.03983034376101,9.18009353315271,105129,104.96211155305676,-0.5414592591613776,31
13268,-154.31834806877598,6.43537051166538,105136,-152.23629829764135,4.213482038439798,37
13269,495.3333282407977,-11.505950358319456,105152,417.6915390220547,-4.11857226961515,29
13270,-96.47728922404595,-5.389788556125659,105164,-95.36861679384212,-10.95784818293233,28
13271,563.6009195130791,-41.57374262986829,105168,586.0312761189704,-1.722944617346204,30
13272,-45.59089725184796,-1.5279149812980573,105200,-49.93530245157272,-0.19848027172185767,2
13273,92.976961349643,-6.006331708060727,105208,104.96211155305676,-0.5414592591613776,31
13274,-91.53148084842704,-3.6016232547301232,105215,-96.6939343764425,2.7165835152131033,15
13275,20.485197515045495,-1.5796944625724425,105217,18.937510567705566,1.034768221250525,27
13276,1331.9132912655243,51.9852061757756,105219,1342.5649032771717,32.04824045393157,32
13277,-153.20111264815574,4.375789371204628,105234,-152.23629829764135,4.213482038439798,37
13278,-34.54296073911989,-2.3879668135564844,105235,-29.714479793685786,-1.264748112657314,8
13279,-110.30101561682042,7.297931184244103,105245,-114.33047638704419,5.73481138949136,19
13280,-43.27176445629218,9.32041564447064,105255,-49.93530245157272,-0.19848027172185767,2
13281,-140.3415205858523,7.1537351406118725,105260,-142.14616351708418,5.245197398204194,22
13282,7.896595964661513,8.041022349011493,105266,18.937510567705566,1.034768221250525,27
13283,552.8632703307685,-45.967990334281446,105269,586.0312761189704,-1.722944617346204,30
13284,-120.39507025504504,8.671124946563078,105276,-123.80894152337959,5.566802721935252,23
13285,284.8245696321746,3.134272012607277,105298,302.44973475302317,-5.405747081354008,25
13286,466.0541254857593,-51.59981327984082,105300,417.6915390220547,-4.11857226961515,29
13287,-87.99850360195116,3.0972518052717835,105301,-85.91178621041317,3.2728237667350073,24
13288,-74.14139701926041,4.40587005488277,105304,-66.8889597803445,2.169628081691683,14
13289,-49.512645741232845,-3.305756187489048,105313,-49.93530245157272,-0.19848027172185767,2
13290,241.60773947566565,-52.78331606689574,105319,227.03647807555316,-5.020718083634986,26
13291,-121.13506793920281,3.4746262226692397,105321,-123.80894152337959,5.566802721935252,23
13292,-143.31751414983475,6.553918196740074,105340,-142.14616351708418,5.245197398204194,22
13293,-108.03935788972342,1.550138324570831,105344,-109.71624596876933,-1.0040630408538558,16
13294,184.9990327876522,-2.8807509871975423,105353,172.66355239880147,-2.7112682595768685,38
13295,-104.35067112942043,7.97878684673782,105361,-104.7190727296112,3.8815952186994593,7
13296,-144.87369058743803,-1.1079821617398966,105364,-148.09620948762597,-1.1157003398540595,36
13297,1071.3444543652092,51.361882377614876,105367,861.6475783799328,6.515082937232454,35
13298,-75.84541932652202,0.9770428125120053,105369,-77.6204452281073,-4.536559244831727,5
13299,-144.0536234894874,2.3159694617840847,105384,-146.59606179012786,4.113086925586259,4
13300,-139.1668509576177,3.8893970051735027,105413,-137.57400940459857,4.493303950559668,20
13301,-68.33697084622312,8.771843819175789,105418,-66.8889597803445,2.169628081691683,14
13302,198.43406666974633,-8.604858725744313,105425,172.66355239880147,-2.7112682595768685,38
13303,-150.90062459885883,-0.6207254357345556,105449,-148.09620948762597,-1.1157003398540595,36
13304,-65.6290160340541,-1.5501127436360176,105458,-66.8889597803445,2.169628081691683,14
13305,-82.75978309345359,-0.5153029004378312,105464,-85.91178621041317,3.2728237667350073,24
13306,-113.12333285481455,4.904371008569079,105475,-114.33047638704419,5.73481138949136,19
13307,-28.052707376223353,4.7770095538748505,105487,-29.714479793685786,-1.264748112657314,8
13308,-115.85497849662532,-1.0321878366299222,105491,-118.09857507912784,0.7103841694799473,11
13309,-116.92723323877516,0.010111580349000641,105499,-118.09857507912784,0.7103841694799473,11
13310,133.3115840001978,5.658274008504401,105500,135.4076551174278,-1.697351881935795,33
13311,-137.8629541300079,-1.231811062408297,105513,-141.0346653257256,-1.1036168920026446,0
13312,-48.92466152732912,3.155374393744539,105524,-49.93530245157272,-0.19848027172185767,2
13313,-75.09263163277538,3.3105673737126313,105526,-77.6204452281073,-4.536559244831727,5
13314,-86.28354538026962,6.8300695833369796,105541,-85.91178621041317,3.2728237667350073,24
13315,-147.24054807944228,4.821632478483668,105549,-146.59606179012786,4.113086925586259,4
13316,-105.14286780995201,4.939891452440991,105555,-104.7190727296112,3.8815952186994593,7
13317,-86.97671103451651,0.5635468178540505,105563,-85.91178621041317,3.2728237667350073,24
13318,281.1460415096017,-16.127134450656555,105566,302.44973475302317,-5.405747081354008,25
13319,-154.29458505112132,5.900118278089496,105593,-152.23629829764135,4.213482038439798,37
13320,-85.54393805759157,-4.766202018933361,105613,-77.6204452281073,-4.536559244831727,5
13321,-91.23146477941965,5.593733727978471,105616,-85.91178621041317,3.2728237667350073,24
13322,73.20288305114347,5.496099703180247,105617,78.01149217232324,3.6022338347977136,6
13323,-121.37542527634861,8.23718377495076,105625,-123.80894152337959,5.566802721935252,23
13324,807.5306225592633,10.823546121431377,105649,861.6475783799328,6.515082937232454,35
13325,-146.0270830783037,1.1883182588315842,105650,-146.59606179012786,4.113086925586259,4
13326,-122.1536047375668,3.3295792512468627,105658,-123.80894152337959,5.566802721935252,23
13327,190.04049502517606,11.533321641299219,105672,172.66355239880147,-2.7112682595768685,38
13328,-143.34389967781078,7.1724033991948195,105678,-142.14616351708418,5.245197398204194,22
13329,-49.733843189567935,-0.5287244257625007,105681,-49.93530245157272,-0.19848027172185767,2
13330,-116.29651266086593,7.076327841232974,105694,-114.33047638704419,5.73481138949136,19
13331,-125.21896522744647,5.765346235536568,105698,-123.80894152337959,5.566802721935252,23
13332,168.86537978823475,-1.2541388588590003,105699,172.66355239880147,-2.7112682595768685,38
13333,161.92166328011754,-2.6005895384806315,105706,172.66355239880147,-2.7112682595768685,38
13334,-88.89136574068245,1.2299671059847508,105712,-85.91178621041317,3.2728237667350073,24
13335,-48.16561255252033,5.8884051791670124,105715,-49.93530245157272,-0.19848027172185767,2
13336,-42.08889394934429,5.859403089485738,105722,-49.93530245157272,-0.19848027172185767,2
13337,117.99292397058566,-4.917231880792147,105730,104.96211155305676,-0.5414592591613776,31
13338,-154.1360822399068,2.4417723022124966,105733,-152.23629829764135,4.213482038439798,37
13339,-98.81587645116305,-1.6123601170455222,105736,-96.6939343764425,2.7165835152131033,15
13340,-121.39333879602471,8.603244307736624,105740,-123.80894152337959,5.566802721935252,23
13341,-129.6763158603523,-3.6417484547953256,105741,-130.75996572568545,-6.6137591708523855,18
13342,-108.99752279689152,1.6980633964863228,105759,-109.71624596876933,-1.0040630408538558,16
13343,23.964470280915815,7.306925981836004,105762,18.937510567705566,1.034768221250525,27
13344,-134.9509160890293,-0.7905897596958626,105767,-134.89656831690453,-0.030690791204986433,34
13345,-131.14643418359276,4.053418042124036,105779,-132.1080396739421,5.887059356646324,17
13346,-138.96503631828628,-0.54381716209272,105789,-141.0346653257256,-1.1036168920026446,0
13347,-123.17291699532882,4.287914418122551,105803,-123.80894152337959,5.566802721935252,23
13348,-127.9597964629111,-0.48460613762194743,105804,-129.1025175244067,1.5488809909733745,1
13349,-83.39283688589241,9.772650349776692,105808,-85.91178621041317,3.2728237667350073,24
13350,-96.20808218153604,4.9642014422233105,105810,-96.6939343764425,2.7165835152131033,15
13351,-150.0501065984239,1.1304212975423655,105815,-148.09620948762597,-1.1157003398540595,36
13352,-9.998870926410072,4.4071147060023375,105817,-6.878718007946434,-1.0926682779646681,10
13353,-78.19368771809675,5.999011702745005,105823,-85.91178621041317,3.2728237667350073,24
13354,36.90389845658477,6.82183368328327,105839,47.997068783449585,1.2679199422360634,13
13355,-124.93746677792426,0.6356094163541306,105843,-123.94204162798616,-1.5144507595891967,3
13356,331.20320867158716,-0.7957193607029799,105844,302.44973475302317,-5.405747081354008,25
13357,37.32304009951239,1.2251947960980591,105845,47.997068783449585,1.2679199422360634,13
13358,10.493282711794931,-0.8832577760015419,105849,18.937510567705566,1.034768221250525,27
13359,-145.22276590345336,5.017935184153984,105851,-146.59606179012786,4.113086925586259,4
13360,-137.8658291096944,-2.7064295881001392,105873,-141.0346653257256,-1.1036168920026446,0
13361,-83.06254666468192,4.072921900202818,105874,-85.91178621041317,3.2728237667350073,24
13362,68.2819181449004,3.1729058793663114,105895,78.01149217232324,3.6022338347977136,6
13363,-129.2234123011275,5.796100732414115,105907,-132.1080396739421,5.887059356646324,17
13364,43.062227271582785,-8.189146651242485,105910,47.997068783449585,1.2679199422360634,13
13365,-109.19135111341835,5.4260046525936785,105911,-104.7190727296112,3.8815952186994593,7
13366,379.05600236786347,-11.481404459559005,105927,417.6915390220547,-4.11857226961515,29
13367,39.24527007681112,-25.983306114890123,105928,28.39696760572947,-22.91072472808294,12
13368,-144.32460776872963,6.730152379386158,105933,-142.14616351708418,5.245197398204194,22
13369,-109.24329645165518,6.554583154595874,105935,-114.33047638704419,5.73481138949136,19
13370,-48.86075657310468,1.7460019725065885,105959,-49.93530245157272,-0.19848027172185767,2
13371,-112.1657283048579,3.777869254742123,105962,-114.33047638704419,5.73481138949136,19
13372,-98.86343255911515,0.45039845493837677,105966,-96.6939343764425,2.7165835152131033,15
13373,-70.98755000682117,3.136897298103295,105977,-66.8889597803445,2.169628081691683,14
13374,-93.15133078205068,-10.426321530763191,105980,-95.36861679384212,-10.95784818293233,28
13375,-48.00143648170742,4.3394310123725965,105986,-49.93530245157272,-0.19848027172185767,2
13376,-97.24180751577718,6.2009093646540725,105996,-96.6939343764425,2.7165835152131033,15
13377,-39.46495189930307,-18.403202303595396,106008,-29.714479793685786,-1.264748112657314,8
13378,-110.30936027058414,6.968746460060358,106019,-114.33047638704419,5.73481138949136,19
13379,-139.4791737304835,-7.097241181997322,106024,-141.0346653257256,-1.1036168920026446,0
13380,-101.72231763953896,-1.149425160747945,106028,-104.7190727296112,3.8815952186994593,7
13381,-75.25438081648578,7.875864799546553,106037,-66.8889597803445,2.169628081691683,14
13382,-117.22157901162419,5.436524316795468,106045,-114.33047638704419,5.73481138949136,19
13383,-116.95929558934155,1.2263041556004504,106057,-118.09857507912784,0.7103841694799473,11
13384,-146.1740753406065,3.3932274851886577,106058,-146.59606179012786,4.113086925586259,4
13385,65.13402878032564,-8.888296545245097,106059,70.166569844569,-14.692630117552799,9
13386,-120.0141163368866,1.3540559177562956,106060,-118.09857507912784,0.7103841694799473,11
13387,73.71050572602603,-2.5325724841735897,106061,78.01149217232324,3.6022338347977136,6
13388,-71.81977612786405,1.00462813886265,106063,-66.8889597803445,2.169628081691683,14
13389,-26.112031273766657,-8.095587903576028,106064,-29.714479793685786,-1.264748112657314,8
13390,81.75887709966469,-2.9391673779617022,106080,78.01149217232324,3.6022338347977136,6
13391,-132.9596885165128,-1.0761675132191308,106087,-134.89656831690453,-0.030690791204986433,34
13392,-121.85752434073473,-1.582875951185555,106091,-123.94204162798616,-1.5144507595891967,3
13393,-146.26999665146855,6.035160938634237,106109,-146.59606179012786,4.113086925586259,4
13394,-111.41099637679156,9.16144819971106,106127,-114.33047638704419,5.73481138949136,19
13395,51.763048189567954,-3.5387484705572425,106147,47.997068783449585,1.2679199422360634,13
13396,-70.14800640694206,6.155091967191355,106160,-66.8889597803445,2.169628081691683,14
13397,-121.35588412909658,7.7774415900419065,106178,-123.80894152337959,5.566802721935252,23
13398,111.54521378875175,1.7209421538926595,106184,104.96211155305676,-0.5414592591613776,31
13399,-152.05041413891797,0.5615434401940087,106222,-152.23629829764135,4.213482038439798,37
13400,141.42233199454694,-10.318234016182531,106240,135.4076551174278,-1.697351881935795,33
13401,-75.89998688635318,1.6510778531240513,106258,-77.6204452281073,-4.536559244831727,5
13402,-119.945977047897,0.8975608069253765,106262,-118.09857507912784,0.7103841694799473,11
13403,-126.88331514601846,-0.08625567425639276,106266,-129.1025175244067,1.5488809909733745,1
13404,-127.06630693576149,2.380320767011036,106299,-129.1025175244067,1.5488809909733745,1
13405,-66.51347401848676,-3.078397169129054,106317,-66.8889597803445,2.169628081691683,14
13406,124.58637890095542,16.795975038034243,106339,135.4076551174278,-1.697351881935795,33
13407,-111.14746323960324,4.439962021495878,106358,-114.33047638704419,5.73481138949136,19
13408,434.46448922058147,13.536467503192133,106370,417.6915390220547,-4.11857226961515,29
13409,-117.84035036068057,0.14752850690865596,106404,-118.09857507912784,0.7103841694799473,11
13410,397.3259351188703,-0.31503071692669504,106408,417.6915390220547,-4.11857226961515,29
13411,-118.88428773557752,0.05778066009700078,106412,-118.09857507912784,0.7103841694799473,11
13412,-31.327613384010885,-20.251127171287855,106418,-29.714479793685786,-1.264748112657314,8
13413,8.24868154412858,2.3736803895830727,106423,18.937510567705566,1.034768221250525,27
13414,-90.8843175377955,0.5316794061764711,106442,-85.91178621041317,3.2728237667350073,24
13415,1042.7688654675565,44.12739939969129,106455,861.6475783799328,6.515082937232454,35
13416,-96.90398124768988,-0.14855243742295693,106457,-96.6939343764425,2.7165835152131033,15
13417,-120.29652187031978,6.531643362300509,106459,-123.80894152337959,5.566802721935252,23
13418,84.67489003085997,-1.5681489549336183,106466,78.01149217232324,3.6022338347977136,6
13419,-39.96598238224677,3.705694020275499,106467,-49.93530245157272,-0.19848027172185767,2
13420,33.53669618235632,-1.9831129990979803,106472,47.997068783449585,1.2679199422360634,13
13421,-34.731462024850146,1.226574198450358,106479,-29.714479793685786,-1.264748112657314,8
13422,-138.24894776746405,5.688062654157609,106480,-137.57400940459857,4.493303950559668,20
13423,-137.74545203910668,-2.7790801923716946,106489,-141.0346653257256,-1.1036168920026446,0
13424,209.10105012695817,11.032772997163143,106499,227.03647807555316,-5.020718083634986,26
13425,-77.17818045838436,-9.060487274957207,106514,-77.6204452281073,-4.536559244831727,5
13426,-17.439667641070855,-3.8608618776475256,106515,-6.878718007946434,-1.0926682779646681,10
13427,66.90906894764115,-5.976839711876657,106517,70.166569844569,-14.692630117552799,9
13428,89.77877698068505,-3.233757043370695,106519,78.01149217232324,3.6022338347977136,6
13429,-29.807750116588863,-27.516301604632105,106540,-29.714479793685786,-1.264748112657314,8
13430,-40.77744688699319,0.5803135281048422,106541,-49.93530245157272,-0.19848027172185767,2
13431,386.17985493811125,15.87391713613542,106543,417.6915390220547,-4.11857226961515,29
13432,-45.32563142300917,-5.790900016220805,106554,-49.93530245157272,-0.19848027172185767,2
13433,5.209985510166117,3.1852191817934976,106555,-6.878718007946434,-1.0926682779646681,10
13434,-122.25176476415483,6.536978889031985,106560,-123.80894152337959,5.566802721935252,23
13435,-101.95656193524965,0.39896861471034306,106561,-104.7190727296112,3.8815952186994593,7
13436,-109.20804851093025,5.792126762582056,106602,-104.7190727296112,3.8815952186994593,7
13437,-112.95160145868152,0.10818398940197757,106606,-109.71624596876933,-1.0040630408538558,16
13438,-132.48347039804585,-6.370585325083221,106607,-130.75996572568545,-6.6137591708523855,18
13439,-83.49354690177555,-4.303397330980356,106609,-77.6204452281073,-4.536559244831727,5
13440,-141.0811328669645,3.503925857125911,106630,-142.14616351708418,5.245197398204194,22
13441,146.95780728444686,-32.58882001144505,106637,135.4076551174278,-1.697351881935795,33
13442,25.534331987200616,-1.0227603202487303,106641,18.937510567705566,1.034768221250525,27
13443,-93.70079748600212,-1.4641985229515102,106647,-96.6939343764425,2.7165835152131033,15
13444,-83.27835588069173,8.281062783350034,106652,-85.91178621041317,3.2728237667350073,24
13445,-34.85942704352016,2.9832784698827024,106658,-29.714479793685786,-1.264748112657314,8
13446,-63.109146479903615,5.948324633157852,106679,-66.8889597803445,2.169628081691683,14
13447,-152.85873511850866,-2.600281940567371,106681,-148.09620948762597,-1.1157003398540595,36
13448,48.006321493327754,7.839013876687941,106690,47.997068783449585,1.2679199422360634,13
13449,-90.88368443472001,1.5734617690235622,106691,-85.91178621041317,3.2728237667350073,24
13450,-145.184165774682,4.14121173226114,106697,-146.59606179012786,4.113086925586259,4
13451,-110.00765218839504,1.8985678968438777,106698,-109.71624596876933,-1.0040630408538558,16
13452,-12.681909164461427,-0.5309636534238145,106711,-6.878718007946434,-1.0926682779646681,10
13453,301.394344572854,-33.404976357975606,106713,302.44973475302317,-5.405747081354008,25
13454,-92.24933681740572,5.9546423921950495,106743,-96.6939343764425,2.7165835152131033,15
13455,1068.6670424865424,17.867446019773592,106753,861.6475783799328,6.515082937232454,35
13456,130.48160644174646,2.398412156666938,106773,135.4076551174278,-1.697351881935795,33
13457,-22.516591847135658,-2.2611716697833546,106780,-29.714479793685786,-1.264748112657314,8
13458,300.89784539168113,-11.922084668698371,106784,302.44973475302317,-5.405747081354008,25
13459,-42.20515986810381,-7.352204140864515,106796,-49.93530245157272,-0.19848027172185767,2
13460,-68.88365767442428,1.9219045916075057,106800,-66.8889597803445,2.169628081691683,14
13461,-120.99571991601279,1.9583891842050667,106817,-118.09857507912784,0.7103841694799473,11
13462,-49.09936647646353,5.950352164264825,106821,-49.93530245157272,-0.19848027172185767,2
13463,-140.13597791705917,3.182067745162377,106829,-137.57400940459857,4.493303950559668,20
13464,-104.31373493261046,7.684093315614452,106834,-104.7190727296112,3.8815952186994593,7
13465,-47.00116151073131,4.872175689190092,106853,-49.93530245157272,-0.19848027172185767,2
13466,618.6767723598027,-40.779957259512116,106854,586.0312761189704,-1.722944617346204,30
13467,-146.20186869216838,5.032845439127248,106859,-146.59606179012786,4.113086925586259,4
13468,-129.11226566217806,2.8338740388365133,106875,-129.1025175244067,1.5488809909733745,1
13469,-60.9939090477221,2.413984982744775,106892,-66.8889597803445,2.169628081691683,14
13470,-69.25231418770596,7.429808435876615,106899,-66.8889597803445,2.169628081691683,14
13471,-98.14360751088189,4.57311332972008,106901,-96.6939343764425,2.7165835152131033,15
13472,-73.44011145327576,10.966209184043274,106902,-66.8889597803445,2.169628081691683,14
13473,-83.11587254218975,4.7196075007233445,106915,-85.91178621041317,3.2728237667350073,24
13474,-103.4725835957131,-5.102066330814793,106933,-109.71624596876933,-1.0040630408538558,16
13475,110.25534023583917,5.48441825859105,106939,104.96211155305676,-0.5414592591613776,31
13476,-80.23217985655312,7.322362709105293,106949,-85.91178621041317,3.2728237667350073,24
13477,49.76241612069037,11.662184360417772,106957,47.997068783449585,1.2679199422360634,13
13478,-149.14852611565237,3.8191070231371294,106960,-146.59606179012786,4.113086925586259,4
13479,-120.63803150541897,-4.838168584077194,106970,-123.94204162798616,-1.5144507595891967,3
13480,31.665377147926968,-2.775822591040729,106975,18.937510567705566,1.034768221250525,27
13481,-91.76701998075798,-1.0234836606316078,106977,-96.6939343764425,2.7165835152131033,15
13482,-48.777081908211734,0.9688492439284722,106988,-49.93530245157272,-0.19848027172185767,2
13483,-52.65945571297686,-1.178923911072232,106996,-49.93530245157272,-0.19848027172185767,2
13484,-148.01185384264016,0.3231680137756797,107009,-148.09620948762597,-1.1157003398540595,36
13485,-70.27810531775957,7.479455747278541,107018,-66.8889597803445,2.169628081691683,14
13486,-78.80674069185962,1.0927413789383922,107019,-77.6204452281073,-4.536559244831727,5
13487,-141.9105600330809,0.2714787353519662,107022,-141.0346653257256,-1.1036168920026446,0
13488,-142.04008255629049,0.5121831870607579,107027,-141.0346653257256,-1.1036168920026446,0
13489,-112.87804142295266,0.05140449884159554,107031,-109.71624596876933,-1.0040630408538558,16
13490,-82.92857458983947,1.13382895036541,107037,-85.91178621041317,3.2728237667350073,24
13491,-118.06638730307779,3.549461773071444,107053,-118.09857507912784,0.7103841694799473,11
13492,-65.15998522262274,4.953268308789542,107054,-66.8889597803445,2.169628081691683,14
13493,-145.20673320911786,5.159664842321961,107063,-146.59606179012786,4.113086925586259,4
13494,327.7671340315719,-23.30846101116421,107071,302.44973475302317,-5.405747081354008,25
13495,765.9983971341578,31.379018923526196,107074,861.6475783799328,6.515082937232454,35
13496,-98.96989822686088,1.7709602052359301,107088,-96.6939343764425,2.7165835152131033,15
13497,-127.02132153822562,0.3659947382860742,107089,-129.1025175244067,1.5488809909733745,1
13498,-125.10893208872564,2.3256332831159456,107090,-123.80894152337959,5.566802721935252,23
13499,-65.06105734339158,4.85376968918887,107103,-66.8889597803445,2.169628081691683,14
13500,-108.77005754936394,-1.234283311938299,107109,-109.71624596876933,-1.0040630408538558,16
13501,-99.12071380933433,4.55071360433491,107110,-96.6939343764425,2.7165835152131033,15
13502,0.6808123569154584,-4.653048435990107,107113,-6.878718007946434,-1.0926682779646681,10
13503,-94.9626621346791,2.183510918930232,107123,-96.6939343764425,2.7165835152131033,15
13504,-129.28400209791914,6.598331970946843,107137,-132.1080396739421,5.887059356646324,17
13505,-17.01905141916242,5.766838517908527,107142,-6.878718007946434,-1.0926682779646681,10
13506,-11.316937640331235,-5.934166094570012,107145,-6.878718007946434,-1.0926682779646681,10
13507,-117.14815426426229,4.344895387717418,107210,-114.33047638704419,5.73481138949136,19
13508,306.03681338426503,15.618877543121432,107217,302.44973475302317,-5.405747081354008,25
13509,-142.1128119068437,3.1408983838229148,107228,-142.14616351708418,5.245197398204194,22
13510,-136.92894648458568,-1.8071049602645568,107235,-134.89656831690453,-0.030690791204986433,34
13511,-98.08494023116437,3.2833589751479564,107237,-96.6939343764425,2.7165835152131033,15
13512,-97.2319835729792,6.536739455557448,107248,-96.6939343764425,2.7165835152131033,15
13513,-114.32710896290146,7.8136102764747815,107251,-114.33047638704419,5.73481138949136,19
13514,-113.84273715222993,-1.8027914965639784,107255,-109.71624596876933,-1.0040630408538558,16
13515,-121.66513692939607,-3.235864609406782,107259,-123.94204162798616,-1.5144507595891967,3
13516,44.28629739436578,-11.553723806593561,107264,47.997068783449585,1.2679199422360634,13
13517,-63.2849939795107,8.764797851143422,107272,-66.8889597803445,2.169628081691683,14
13518,-127.2071200405128,4.429929589341808,107275,-129.1025175244067,1.5488809909733745,1
13519,-152.0255934462501,0.053762236642548464,107278,-148.09620948762597,-1.1157003398540595,36
13520,-65.05623804774461,-10.50355123141275,107280,-66.8889597803445,2.169628081691683,14
13521,-107.83363883078742,-15.067137414038722,107285,-115.69510858146283,-11.595084171039186,39
13522,214.76538807947563,1.705737592352243,107295,227.03647807555316,-5.020718083634986,26
13523,-99.2344426501027,7.036912892726289,107304,-96.6939343764425,2.7165835152131033,15
13524,-58.93564837841353,3.7502224218265847,107305,-66.8889597803445,2.169628081691683,14
13525,127.56450840929459,1.0394949954830328,107323,135.4076551174278,-1.697351881935795,33
13526,187.60230389953045,-26.160846597468165,107326,172.66355239880147,-2.7112682595768685,38
13527,717.3378658158891,10.454310698918382,107333,586.0312761189704,-1.722944617346204,30
13528,-144.8274169189416,-2.6435653977139952,107345,-148.09620948762597,-1.1157003398540595,36
13529,-144.02656819768566,0.696850833500003,107354,-141.0346653257256,-1.1036168920026446,0
13530,-151.04013384506902,1.9368657020752997,107366,-152.23629829764135,4.213482038439798,37
13531,-149.33006276205322,6.762015588122949,107367,-146.59606179012786,4.113086925586259,4
13532,-130.75697486327292,-1.3741724289681125,107371,-129.1025175244067,1.5488809909733745,1
13533,96.97802012886854,-5.959939690999309,107396,104.96211155305676,-0.5414592591613776,31
13534,-86.91261184879302,-12.986404160741763,107402,-95.36861679384212,-10.95784818293233,28
13535,-2.330895961096686,-33.388486232245874,107404,28.39696760572947,-22.91072472808294,12
13536,-140.89002338248474,-1.710953839296899,107410,-141.0346653257256,-1.1036168920026446,0
13537,-127.0428651786649,2.3860416893157654,107411,-129.1025175244067,1.5488809909733745,1
13538,-29.076381916576064,-23.668554752227298,107421,-29.714479793685786,-1.264748112657314,8
13539,76.8530232647672,-4.593063274900641,107428,78.01149217232324,3.6022338347977136,6
13540,10.01274213191709,4.5024157238184195,107441,18.937510567705566,1.034768221250525,27
13541,-70.97446608612196,3.3696384776083104,107442,-66.8889597803445,2.169628081691683,14
13542,-124.244597683452,5.326654533329466,107445,-123.80894152337959,5.566802721935252,23
13543,-122.13753483261398,4.027269083208554,107446,-123.80894152337959,5.566802721935252,23
13544,-111.00617709787014,1.8699461119656626,107450,-109.71624596876933,-1.0040630408538558,16
13545,-127.31864727085318,6.875002135942995,107454,-123.80894152337959,5.566802721935252,23
13546,0.5964827154184725,-18.048284346453634,107455,-6.878718007946434,-1.0926682779646681,10
13547,-132.26113136003048,5.546791945175808,107465,-132.1080396739421,5.887059356646324,17
13548,30.018571594798743,-8.48548221149733,107467,28.39696760572947,-22.91072472808294,12
13549,-97.9350542633242,1.5390588430680339,107471,-96.6939343764425,2.7165835152131033,15
13550,-142.09668029148366,1.7602727457708458,107473,-141.0346653257256,-1.1036168920026446,0
13551,49.03153875167109,-8.967307184638129,107483,47.997068783449585,1.2679199422360634,13
13552,26.427059746262735,0.31651481897800693,107487,18.937510567705566,1.034768221250525,27
13553,-124.93772129735855,1.151876180737896,107490,-123.94204162798616,-1.5144507595891967,3
13554,122.67211692541403,-14.569858232803115,107493,135.4076551174278,-1.697351881935795,33
13555,-58.002771130923435,3.7040558583207797,107504,-49.93530245157272,-0.19848027172185767,2
13556,-60.947008752271294,2.939487067532466,107505,-66.8889597803445,2.169628081691683,14
13557,-33.16056875693909,-22.411944020998664,107510,-29.714479793685786,-1.264748112657314,8
13558,65.84018991893703,10.751534257179502,107514,78.01149217232324,3.6022338347977136,6
13559,-38.555958867715674,-3.207295708422956,107532,-29.714479793685786,-1.264748112657314,8
13560,-117.99415216889126,0.44533323581837725,107540,-118.09857507912784,0.7103841694799473,11
13561,-117.91778234127413,-0.2187513045620638,107542,-118.09857507912784,0.7103841694799473,11
13562,-44.23137798170725,8.423622086431951,107545,-49.93530245157272,-0.19848027172185767,2
13563,-151.21713167541748,4.241133547675602,107552,-152.23629829764135,4.213482038439798,37
13564,-80.4233845064182,10.490087099939833,107594,-85.91178621041317,3.2728237667350073,24
13565,-100.08452467314042,2.7149801779605935,107596,-96.6939343764425,2.7165835152131033,15
13566,44.12758273488089,5.6326298945714335,107600,47.997068783449585,1.2679199422360634,13
13567,-151.10026545321054,1.7063721307460642,107601,-152.23629829764135,4.213482038439798,37
13568,-89.35391884141235,8.797195243367316,107602,-85.91178621041317,3.2728237667350073,24
13569,-56.01707853098145,4.546091452439967,107622,-49.93530245157272,-0.19848027172185767,2
13570,34.38380275709848,-28.083309614725916,107635,28.39696760572947,-22.91072472808294,12
13571,546.1827557749032,6.853243071490999,107637,586.0312761189704,-1.722944617346204,30
13572,-15.74605952456411,0.8217511282816166,107641,-6.878718007946434,-1.0926682779646681,10
13573,17.35633181388547,1.1843270432978985,107644,18.937510567705566,1.034768221250525,27
13574,-100.37673148775461,9.129447231025775,107651,-104.7190727296112,3.8815952186994593,7
13575,-119.70662733233036,-4.344096749268902,107682,-123.94204162798616,-1.5144507595891967,3
13576,-119.39788095042748,8.756749794263508,107685,-123.80894152337959,5.566802721935252,23
13577,-96.76954943297815,-1.5614720312582724,107691,-96.6939343764425,2.7165835152131033,15
13578,-116.8506752450151,-1.1349145465859023,107692,-118.09857507912784,0.7103841694799473,11
13579,195.87652091690313,-0.5269799319525879,107699,172.66355239880147,-2.7112682595768685,38
13580,-31.979408263672763,4.639343882638966,107700,-29.714479793685786,-1.264748112657314,8
13581,-143.2706923740732,6.07644782855357,107719,-142.14616351708418,5.245197398204194,22
13582,-122.71960573873221,-3.594495100884593,107732,-123.94204162798616,-1.5144507595891967,3
13583,-48.04736234443815,5.3448121678142595,107735,-49.93530245157272,-0.19848027172185767,2
13584,757.9361523512767,32.09116913307397,107745,861.6475783799328,6.515082937232454,35
13585,-131.80848624564362,-2.3189179050934476,107764,-134.89656831690453,-0.030690791204986433,34
13586,-25.233392292880634,8.283079777698234,107772,-29.714479793685786,-1.264748112657314,8
13587,-126.76881190176472,-3.0952368180341074,107782,-123.94204162798616,-1.5144507595891967,3
13588,-4.108264000517423,-7.29817700729298,107789,-6.878718007946434,-1.0926682779646681,10
13589,-21.134658174586374,6.67119574245223,107790,-29.714479793685786,-1.264748112657314,8
13590,-107.29708696918746,7.25043012179381,107796,-104.7190727296112,3.8815952186994593,7
13591,-95.11786541637602,4.056149075964069,107800,-96.6939343764425,2.7165835152131033,15
13592,-54.91879565842413,2.9364137537776527,107805,-49.93530245157272,-0.19848027172185767,2
13593,80.02184450320645,-21.41721127738907,107820,70.166569844569,-14.692630117552799,9
13594,19.144163274904162,-10.401269585501195,107826,18.937510567705566,1.034768221250525,27
13595,-148.33152881400804,6.799035633468207,107835,-146.59606179012786,4.113086925586259,4
13596,-136.04349092485006,1.2220648095278748,107837,-134.89656831690453,-0.030690791204986433,34
13597,-116.72292906855517,-3.434257129700385,107838,-118.09857507912784,0.7103841694799473,11
13598,569.9679843744511,-3.78483452924142,107839,586.0312761189704,-1.722944617346204,30
13599,-138.27285939325742,5.714778959380631,107843,-137.57400940459857,4.493303950559668,20
13600,-132.34366051086963,7.336716481682311,107855,-132.1080396739421,5.887059356646324,17
13601,-25.30263564791051,9.284048538957572,107857,-29.714479793685786,-1.264748112657314,8
13602,-104.28559303786234,7.565371088373884,107863,-104.7190727296112,3.8815952186994593,7
13603,-129.8088905028556,-2.2644083641364183,107868,-129.1025175244067,1.5488809909733745,1
13604,-112.34294218494728,7.678173577687902,107871,-114.33047638704419,5.73481138949136,19
13605,-125.83162905986079,-0.17004812995607957,107881,-123.94204162798616,-1.5144507595891967,3
13606,183.95933533942124,12.696301781473899,107882,172.66355239880147,-2.7112682595768685,38
13607,-90.03401453120102,1.7822883106509706,107890,-85.91178621041317,3.2728237667350073,24
13608,45.68975103018187,12.165647780832971,107904,47.997068783449585,1.2679199422360634,13
13609,103.85975401187623,-3.241109361139341,107912,104.96211155305676,-0.5414592591613776,31
13610,-125.00478186808299,0.5486769688940922,107918,-123.94204162798616,-1.5144507595891967,3
13611,288.0275431826608,-42.877273543150196,107926,302.44973475302317,-5.405747081354008,25
13612,-47.38034926791814,-5.657635232079127,107947,-49.93530245157272,-0.19848027172185767,2
13613,3.0702744272583096,5.173129210896142,107952,-6.878718007946434,-1.0926682779646681,10
13614,-146.98038059345146,1.705884461163387,107976,-146.59606179012786,4.113086925586259,4
13615,66.33485921221576,-26.446621684433975,107981,70.166569844569,-14.692630117552799,9
13616,792.3012950645552,13.53211492046952,107985,861.6475783799328,6.515082937232454,35
13617,1258.3096470596981,29.3997346192322,107992,1342.5649032771717,32.04824045393157,32
13618,-59.051554252018924,4.754158832408207,107996,-66.8889597803445,2.169628081691683,14
13619,-131.6963428570837,-3.2335686264924948,108009,-130.75996572568545,-6.6137591708523855,18
13620,-136.9943661118177,-0.39013135904062146,108026,-134.89656831690453,-0.030690791204986433,34
13621,-59.88654597872878,2.1401645196354,108028,-66.8889597803445,2.169628081691683,14
13622,-111.18291525935854,4.68883967727847,108035,-114.33047638704419,5.73481138949136,19
13623,-87.97462879506345,3.087423114994648,108053,-85.91178621041317,3.2728237667350073,24
13624,248.67579846986675,4.23739331521102,108056,227.03647807555316,-5.020718083634986,26
13625,-137.92660779951927,-1.8919307305304014,108058,-141.0346653257256,-1.1036168920026446,0
13626,-145.0233013749088,0.607711000575896,108064,-148.09620948762597,-1.1157003398540595,36
13627,-61.90178849357563,-27.02102057481573,108070,-77.6204452281073,-4.536559244831727,5
13628,-50.96462662994802,-11.24372039071668,108078,-49.93530245157272,-0.19848027172185767,2
13629,253.51737386303708,6.251658561390286,108093,227.03647807555316,-5.020718083634986,26
13630,-80.63705579239334,-2.1475823844999304,108099,-77.6204452281073,-4.536559244831727,5
13631,-140.28478942989463,6.458038728584316,108102,-142.14616351708418,5.245197398204194,22
13632,-146.88444981032026,-0.9183797474288339,108119,-148.09620948762597,-1.1157003398540595,36
13633,110.56653366810515,-13.486792904198884,108127,104.96211155305676,-0.5414592591613776,31
13634,46.183205996168944,4.954457866025654,108136,47.997068783449585,1.2679199422360634,13
13635,-121.20596442423202,4.516488918828168,108149,-123.80894152337959,5.566802721935252,23
13636,342.1576211862802,14.095406727122391,108153,302.44973475302317,-5.405747081354008,25
13637,-142.2147079864709,5.4001652112052225,108180,-142.14616351708418,5.245197398204194,22
13638,266.18176442948567,-2.9529497663665967,108188,302.44973475302317,-5.405747081354008,25
13639,166.43866452841922,4.977431519645492,108192,172.66355239880147,-2.7112682595768685,38
13640,236.48248111331654,6.216381171563575,108202,227.03647807555316,-5.020718083634986,26
13641,-119.83947379381328,-0.39876518533051364,108210,-118.09857507912784,0.7103841694799473,11
13642,-67.21409022502306,6.619523184378022,108215,-66.8889597803445,2.169628081691683,14
13643,-31.08405187421048,6.443127861168891,108240,-29.714479793685786,-1.264748112657314,8
13644,324.9981521541576,2.06258198457941,108251,302.44973475302317,-5.405747081354008,25
13645,-77.32500816086694,-7.383647736330378,108256,-77.6204452281073,-4.536559244831727,5
13646,265.97840299337963,15.20475391269592,108259,302.44973475302317,-5.405747081354008,25
13647,-130.91468035900238,0.5476523911771048,108265,-129.1025175244067,1.5488809909733745,1
13648,45.04632620476077,-8.329802607698333,108270,47.997068783449585,1.2679199422360634,13
13649,461.6419539615375,26.877987921625397,108272,417.6915390220547,-4.11857226961515,29
13650,-46.95449879486417,3.3424410109589844,108274,-49.93530245157272,-0.19848027172185767,2
13651,-24.400188103181563,-4.329596662536846,108275,-29.714479793685786,-1.264748112657314,8
13652,-37.8752521942171,-12.463237756008326,108276,-29.714479793685786,-1.264748112657314,8
13653,318.67585684472425,-22.500411007659547,108280,302.44973475302317,-5.405747081354008,25
13654,-93.61681831544817,-3.8257423013097362,108282,-96.6939343764425,2.7165835152131033,15
13655,-152.04762566737617,0.5440724146758091,108285,-152.23629829764135,4.213482038439798,37
13656,-78.17519849906505,5.5938676618962235,108287,-85.91178621041317,3.2728237667350073,24
13657,22.508449376115323,-1.5512676482200978,108288,18.937510567705566,1.034768221250525,27
13658,-149.03475930610287,0.795907662930753,108291,-148.09620948762597,-1.1157003398540595,36
13659,-31.292850087860014,-5.762218465725585,108292,-29.714479793685786,-1.264748112657314,8
13660,-109.0636328212511,3.1317237424993873,108305,-109.71624596876933,-1.0040630408538558,16
13661,-118.12696528930904,3.8649733214125965,108329,-118.09857507912784,0.7103841694799473,11
13662,-90.20707687576486,6.592033557805079,108334,-85.91178621041317,3.2728237667350073,24
13663,-82.21112586307318,5.296528270909224,108336,-85.91178621041317,3.2728237667350073,24
13664,264.51793586875044,6.413935612151698,108346,227.03647807555316,-5.020718083634986,26
13665,-100.25582639392579,6.982004639132834,108348,-104.7190727296112,3.8815952186994593,7
13666,-113.79104893798076,-1.358829568982894,108366,-109.71624596876933,-1.0040630408538558,16
13667,432.9283103866772,-7.779988390704149,108369,417.6915390220547,-4.11857226961515,29
13668,-87.25663132191339,6.714883765764202,108403,-85.91178621041317,3.2728237667350073,24
13669,-45.6387682421082,-1.0016984981546755,108405,-49.93530245157272,-0.19848027172185767,2
13670,-128.13459087099858,2.8208651802731635,108413,-129.1025175244067,1.5488809909733745,1
13671,-121.00480897291466,1.1341865709061938,108416,-118.09857507912784,0.7103841694799473,11
13672,-133.079247713726,1.5129413192398928,108424,-134.89656831690453,-0.030690791204986433,34
13673,-139.25859668495258,5.891981383595344,108425,-137.57400940459857,4.493303950559668,20
13674,-5.135659819263646,6.97439756707181,108428,-6.878718007946434,-1.0926682779646681,10
13675,-145.33484946156912,6.902048801397469,108430,-146.59606179012786,4.113086925586259,4
13676,-102.10138843681857,3.052060881428287,108454,-104.7190727296112,3.8815952186994593,7
13677,1262.170462051977,3.0564015253581562,108457,1342.5649032771717,32.04824045393157,32
13678,227.94182952960907,-15.119436496158722,108465,227.03647807555316,-5.020718083634986,26
13679,-42.86586170132129,-13.26850260441045,108466,-49.93530245157272,-0.19848027172185767,2
13680,214.51221027404856,-23.744330234852598,108472,227.03647807555316,-5.020718083634986,26
13681,-146.09427109245578,1.6400953988454559,108478,-146.59606179012786,4.113086925586259,4
13682,-112.98634045848901,0.3542721762772172,108481,-109.71624596876933,-1.0040630408538558,16
13683,-121.12106977409978,4.195636897412068,108485,-123.80894152337959,5.566802721935252,23
13684,374.8465436658455,-37.454254937870864,108495,417.6915390220547,-4.11857226961515,29
13685,-43.1470958499596,6.069864250034795,108502,-49.93530245157272,-0.19848027172185767,2
13686,-74.40473741039762,-5.597972730025346,108517,-77.6204452281073,-4.536559244831727,5
13687,9.12114815858039,3.647578120037478,108518,18.937510567705566,1.034768221250525,27
13688,-102.93353537165991,1.4155134616547909,108524,-104.7190727296112,3.8815952186994593,7
13689,480.86854329306715,9.049761559440347,108525,417.6915390220547,-4.11857226961515,29
13690,-128.0329410323203,2.141897005662064,108529,-129.1025175244067,1.5488809909733745,1
13691,-121.58944977904572,-5.410556419957715,108538,-123.94204162798616,-1.5144507595891967,3
13692,-60.7946607448973,0.10787477108290044,108550,-66.8889597803445,2.169628081691683,14
13693,-25.39482727063428,-3.9555707225327503,108551,-29.714479793685786,-1.264748112657314,8
13694,1045.3180906425955,22.038160340752054,108553,861.6475783799328,6.515082937232454,35
13695,-15.475668069740928,-3.043756744855846,108555,-6.878718007946434,-1.0926682779646681,10
13696,288.55552065552877,-36.12628295829809,108556,302.44973475302317,-5.405747081354008,25
13697,193.47888156815358,-9.66122137658803,108560,172.66355239880147,-2.7112682595768685,38
13698,-125.85497337793699,-2.73611575016939,108575,-123.94204162798616,-1.5144507595891967,3
13699,-98.82931238999097,-0.2708253860343864,108583,-96.6939343764425,2.7165835152131033,15
13700,-95.66162777335484,-3.8946663133971833,108592,-96.6939343764425,2.7165835152131033,15
13701,-154.02068998730402,0.4086395644875025,108607,-152.23629829764135,4.213482038439798,37
13702,100.02571135554527,-6.434059748368517,108609,104.96211155305676,-0.5414592591613776,31
13703,-131.14054202359407,3.433563185851269,108610,-132.1080396739421,5.887059356646324,17
13704,-36.22141733652234,8.33892087641571,108629,-29.714479793685786,-1.264748112657314,8
13705,-5.8472873229306375,3.2156101138949773,108650,-6.878718007946434,-1.0926682779646681,10
13706,-144.34158410198458,7.092504164678931,108660,-142.14616351708418,5.245197398204194,22
13707,46.12151339060349,5.782453919316712,108662,47.997068783449585,1.2679199422360634,13
13708,-34.08806235729023,6.470238425455735,108667,-29.714479793685786,-1.264748112657314,8
13709,-145.33857016952146,6.998966102604495,108686,-146.59606179012786,4.113086925586259,4
13710,-101.79719607776155,-0.5257552114372043,108688,-104.7190727296112,3.8815952186994593,7
13711,401.63996280905394,9.656095575239512,108694,417.6915390220547,-4.11857226961515,29
13712,-97.08582404648499,4.345238428541966,108696,-96.6939343764425,2.7165835152131033,15
13713,-131.9285012786055,0.30919613152326797,108708,-134.89656831690453,-0.030690791204986433,34
13714,-127.10657022774133,4.291932146334395,108755,-129.1025175244067,1.5488809909733745,1
13715,-129.96316579223657,-0.9510378271825317,108775,-129.1025175244067,1.5488809909733745,1
13716,-133.80471206146046,-0.8960143794653189,108779,-134.89656831690453,-0.030690791204986433,34
13717,-97.19942109723645,4.78147324016276,108797,-96.6939343764425,2.7165835152131033,15
13718,323.154671247106,14.336223758478488,108799,302.44973475302317,-5.405747081354008,25
13719,-64.23899064583307,8.22583842969844,108805,-66.8889597803445,2.169628081691683,14
13720,-118.09605289750932,3.6810211568675255,108806,-118.09857507912784,0.7103841694799473,11
13721,-41.94752517596187,-11.457547135371776,108814,-49.93530245157272,-0.19848027172185767,2
13722,-145.12525724047646,2.331394148467169,108818,-146.59606179012786,4.113086925586259,4
13723,-95.8486954080626,-15.061126460495482,108822,-95.36861679384212,-10.95784818293233,28
13724,598.5656340443842,-11.275001154567562,108838,586.0312761189704,-1.722944617346204,30
13725,148.0913202086505,-5.525670713582713,108839,135.4076551174278,-1.697351881935795,33
13726,-50.873863474524605,-13.216052520247668,108841,-49.93530245157272,-0.19848027172185767,2
13727,70.44393290546927,1.7028752420979318,108848,78.01149217232324,3.6022338347977136,6
13728,-138.9300325036337,0.22440103146987406,108855,-141.0346653257256,-1.1036168920026446,0
13729,-81.03075589445217,3.9116288600454014,108862,-85.91178621041317,3.2728237667350073,24
13730,-98.00318848301939,2.508921960830704,108866,-96.6939343764425,2.7165835152131033,15
13731,-81.22300992718934,6.061741314355677,108870,-85.91178621041317,3.2728237667350073,24
13732,-138.96046520140408,0.8885177846254142,108872,-141.0346653257256,-1.1036168920026446,0
13733,-127.18412018979163,4.962909695950371,108880,-123.80894152337959,5.566802721935252,23
13734,-99.08714245807852,4.842243935510804,108897,-96.6939343764425,2.7165835152131033,15
13735,-110.57226754925432,-4.066368573005582,108906,-109.71624596876933,-1.0040630408538558,16
13736,466.3266879768942,-12.363481106758936,108917,417.6915390220547,-4.11857226961515,29
13737,-97.00911168830241,2.6608051666163153,108929,-96.6939343764425,2.7165835152131033,15
13738,65.06742233362257,5.743205394325618,108934,78.01149217232324,3.6022338347977136,6
13739,-71.131090604219,4.736972748215647,108936,-66.8889597803445,2.169628081691683,14
13740,-36.97191893641785,4.39515261473729,108938,-29.714479793685786,-1.264748112657314,8
13741,-79.94523407218689,1.0331249120279906,108949,-77.6204452281073,-4.536559244831727,5
13742,27.4628351160044,0.058958480188850824,108973,18.937510567705566,1.034768221250525,27
13743,-97.0757088205454,3.601614631755471,108985,-96.6939343764425,2.7165835152131033,15
13744,-115.97518567549496,0.5787454961318551,108998,-118.09857507912784,0.7103841694799473,11
13745,-141.7242233047706,-3.828485014690567,109008,-141.0346653257256,-1.1036168920026446,0
13746,-75.14102299348663,4.902529846293561,109014,-66.8889597803445,2.169628081691683,14
13747,633.653555614013,-40.01015480768323,109020,586.0312761189704,-1.722944617346204,30
13748,-115.06693270283365,1.5595750499970613,109024,-118.09857507912784,0.7103841694799473,11
13749,-119.27687651109336,6.097433423537666,109025,-123.80894152337959,5.566802721935252,23
13750,-96.76842240612433,-1.5820699572530115,109028,-96.6939343764425,2.7165835152131033,15
13751,134.68262932774857,-0.37239859580251183,109035,135.4076551174278,-1.697351881935795,33
13752,-102.34365838376004,7.854359880684707,109046,-104.7190727296112,3.8815952186994593,7
13753,-134.9377697055082,0.9693329829844746,109048,-134.89656831690453,-0.030690791204986433,34
13754,-44.561826368609026,-2.1515129523503287,109052,-49.93530245157272,-0.19848027172185767,2
13755,-107.35571942892803,8.52808819190173,109053,-104.7190727296112,3.8815952186994593,7
13756,-101.15028272968544,-11.103142934830515,109060,-95.36861679384212,-10.95784818293233,28
13757,563.4879015735604,17.248402173840784,109062,586.0312761189704,-1.722944617346204,30
13758,-2.155781010064905,6.953889792512692,109071,-6.878718007946434,-1.0926682779646681,10
13759,-30.878186342338807,2.947044389753742,109075,-29.714479793685786,-1.264748112657314,8
13760,-115.40580172323152,8.976391443031918,109078,-114.33047638704419,5.73481138949136,19
13761,140.78467789034787,-0.9717272368096762,109085,135.4076551174278,-1.697351881935795,33
13762,29.95815148071059,-7.147069174206426,109092,18.937510567705566,1.034768221250525,27
13763,430.8707595767689,7.135702048054703,109095,417.6915390220547,-4.11857226961515,29
13764,5.662297111663169,-4.180780321446809,109101,-6.878718007946434,-1.0926682779646681,10
13765,-110.91198252949094,0.29160967564244966,109105,-109.71624596876933,-1.0040630408538558,16
13766,-105.84712216874169,-1.0304855626551819,109121,-109.71624596876933,-1.0040630408538558,16
13767,-155.31409613816226,6.308204549228049,109131,-152.23629829764135,4.213482038439798,37
13768,-30.775026373335805,1.7213571653895434,109135,-29.714479793685786,-1.264748112657314,8
13769,-55.60338621138299,-2.4649183700916257,109143,-49.93530245157272,-0.19848027172185767,2
13770,4.302231346126081,0.6209203542103624,109146,-6.878718007946434,-1.0926682779646681,10
13771,-46.19561765887512,-8.66149130593192,109148,-49.93530245157272,-0.19848027172185767,2
13772,9.476201700043072,-2.0657353227547377,109152,18.937510567705566,1.034768221250525,27
13773,-25.624739192312393,-0.969434550857857,109173,-29.714479793685786,-1.264748112657314,8
13774,-145.89984325010238,-0.5676297802590046,109174,-148.09620948762597,-1.1157003398540595,36
13775,-115.69026975544763,-4.142931327145481,109176,-118.09857507912784,0.7103841694799473,11
13776,-114.21847300336631,4.923940350405977,109188,-114.33047638704419,5.73481138949136,19
13777,-66.85000110048183,1.223679657549754,109199,-66.8889597803445,2.169628081691683,14
13778,-41.063843301312076,5.318703505192908,109200,-49.93530245157272,-0.19848027172185767,2
13779,-140.1453260459571,2.863075004965636,109201,-137.57400940459857,4.493303950559668,20
13780,-13.54872413562237,-2.4420954914490887,109205,-6.878718007946434,-1.0926682779646681,10
13781,-71.1527827613714,5.746565796340569,109223,-66.8889597803445,2.169628081691683,14
13782,-134.21879688474274,-10.66446116335707,109225,-130.75996572568545,-6.6137591708523855,18
13783,156.24446275130575,-7.722907970421686,109231,172.66355239880147,-2.7112682595768685,38
13784,-121.68314036110907,-3.3740599986373265,109235,-123.94204162798616,-1.5144507595891967,3
13785,-143.9650138697463,-0.6231716179990933,109238,-141.0346653257256,-1.1036168920026446,0
13786,-78.12502907861793,3.4721026406317974,109239,-85.91178621041317,3.2728237667350073,24
13787,-117.96616641168103,0.8696225366855063,109261,-118.09857507912784,0.7103841694799473,11
13788,8.56667261250972,-2.544278789858015,109265,18.937510567705566,1.034768221250525,27
13789,30.00706912905718,6.500804707625172,109277,18.937510567705566,1.034768221250525,27
13790,251.77549046204032,17.33568350369575,109280,227.03647807555316,-5.020718083634986,26
13791,-82.79185445385609,-0.8450150627428922,109292,-85.91178621041317,3.2728237667350073,24
13792,-149.29675425029384,6.039593050883283,109295,-146.59606179012786,4.113086925586259,4
13793,68.59504757661158,-1.6428297979056508,109300,78.01149217232324,3.6022338347977136,6
13794,-115.34238606600665,8.13421995667523,109301,-114.33047638704419,5.73481138949136,19
13795,-115.39550564380899,8.758871238302808,109326,-114.33047638704419,5.73481138949136,19
13796,-122.32466443206143,7.1110715199170125,109327,-123.80894152337959,5.566802721935252,23
13797,33.49703478182801,-0.5881407281512196,109345,47.997068783449585,1.2679199422360634,13
13798,814.1636962896866,-12.543385773919555,109347,861.6475783799328,6.515082937232454,35
13799,109.21505319634272,5.83481058674287,109352,104.96211155305676,-0.5414592591613776,31
13800,-84.20528083404257,6.664605500190093,109361,-85.91178621041317,3.2728237667350073,24
13801,-144.9596972194674,0.264850219554418,109366,-148.09620948762597,-1.1157003398540595,36
13802,133.34606453629337,5.42493021966033,109374,135.4076551174278,-1.697351881935795,33
13803,-144.33846182143998,7.02318626764969,109381,-142.14616351708418,5.245197398204194,22
13804,318.10765348585994,14.772593523372135,109398,302.44973475302317,-5.405747081354008,25
13805,-132.980267093862,-0.12001931298323441,109399,-134.89656831690453,-0.030690791204986433,34
13806,-33.37106689003689,-4.585337939454008,109406,-29.714479793685786,-1.264748112657314,8
13807,-134.17086280717572,4.035782222903301,109413,-132.1080396739421,5.887059356646324,17
13808,-115.87327875201977,-1.1435238412471957,109417,-118.09857507912784,0.7103841694799473,11
13809,-24.23905196232466,-5.802656381526076,109419,-29.714479793685786,-1.264748112657314,8
13810,-120.26348499079118,6.823237870621566,109424,-123.80894152337959,5.566802721935252,23
13811,107.67775531140765,-58.62401703305614,109434,110.19899446847099,-35.665903512662624,21
13812,-107.01933750557978,1.1853032130667556,109444,-109.71624596876933,-1.0040630408538558,16
13813,49.27294521111772,3.0522804906897205,109473,47.997068783449585,1.2679199422360634,13
13814,-72.97236431386834,3.285532627432491,109474,-66.8889597803445,2.169628081691683,14
13815,-114.04994753408884,3.790764317986284,109502,-114.33047638704419,5.73481138949136,19
13816,-111.14652221794088,3.3704837601859965,109509,-114.33047638704419,5.73481138949136,19
13817,-2.6804026567679995,0.12095558878389456,109510,-6.878718007946434,-1.0926682779646681,10
13818,-62.95171880787246,2.9986097935108007,109516,-66.8889597803445,2.169628081691683,14
13819,-141.9751644680788,0.12916467042980487,109529,-141.0346653257256,-1.1036168920026446,0
13820,-13.85673048955633,3.2879294814667617,109535,-6.878718007946434,-1.0926682779646681,10
13821,-114.9534688794288,0.10295572218624918,109543,-118.09857507912784,0.7103841694799473,11
13822,-113.85570555193446,-0.46725449604725194,109552,-109.71624596876933,-1.0040630408538558,16
13823,-116.27624120816537,6.136599789203725,109554,-114.33047638704419,5.73481138949136,19
13824,-132.36531235133037,7.79943859171754,109558,-132.1080396739421,5.887059356646324,17
13825,87.79541123428359,12.097033293147701,109560,78.01149217232324,3.6022338347977136,6
13826,-95.1504176275576,5.798160814335153,109565,-96.6939343764425,2.7165835152131033,15
13827,41.89716354148319,-6.131679559659351,109577,47.997068783449585,1.2679199422360634,13
13828,-113.89349586768975,0.36931054223199716,109581,-118.09857507912784,0.7103841694799473,11
13829,-127.15788078054032,4.389654165642883,109585,-129.1025175244067,1.5488809909733745,1
13830,-127.19680712317596,4.216562511745254,109596,-129.1025175244067,1.5488809909733745,1
13831,-78.1199698666827,5.905449247702926,109629,-85.91178621041317,3.2728237667350073,24
13832,-123.44989886087829,-5.932763211195866,109638,-123.94204162798616,-1.5144507595891967,3
13833,144.44129557095724,-10.695740037020165,109640,135.4076551174278,-1.697351881935795,33
13834,-50.863937583953536,1.2927182066219147,109652,-49.93530245157272,-0.19848027172185767,2
13835,-148.15297893866372,2.8988073273706356,109674,-146.59606179012786,4.113086925586259,4
13836,-101.0502581267778,2.479232735864446,109699,-104.7190727296112,3.8815952186994593,7
13837,1496.7479141043573,45.719622286875584,109709,1342.5649032771717,32.04824045393157,32
13838,-112.97778690858432,1.1858498745016344,109714,-109.71624596876933,-1.0040630408538558,16
13839,-86.99420190135538,3.0106652628638457,109720,-85.91178621041317,3.2728237667350073,24
13840,-147.14943378241466,3.8788700320450396,109725,-146.59606179012786,4.113086925586259,4
13841,135.54743061676615,2.5763242445355,109726,135.4076551174278,-1.697351881935795,33
13842,-133.94581482715654,-0.3864957235730666,109728,-134.89656831690453,-0.030690791204986433,34
13843,-82.10915422423417,4.591717725555178,109731,-85.91178621041317,3.2728237667350073,24
13844,-139.06825378344735,1.1837651644283071,109750,-141.0346653257256,-1.1036168920026446,0
13845,-150.83459963951498,-2.577829443881732,109768,-148.09620948762597,-1.1157003398540595,36
13846,-17.03302046126228,5.036270621422532,109771,-6.878718007946434,-1.0926682779646681,10
13847,374.301253605282,-0.6754202518712668,109773,417.6915390220547,-4.11857226961515,29
13848,-98.08901341445163,2.855494783081085,109780,-96.6939343764425,2.7165835152131033,15
13849,-126.08946903522776,2.906156629262547,109784,-129.1025175244067,1.5488809909733745,1
13850,142.47879097072948,2.667617760985484,109789,135.4076551174278,-1.697351881935795,33
13851,-107.26944020215433,7.171179368089636,109792,-104.7190727296112,3.8815952186994593,7
13852,123.6054088107629,0.611992317921304,109796,135.4076551174278,-1.697351881935795,33
13853,-140.34886472005385,7.329796798633402,109799,-142.14616351708418,5.245197398204194,22
13854,-77.47145498111682,-19.413666207967832,109800,-77.6204452281073,-4.536559244831727,5
13855,-127.21430025072648,4.583837490111458,109808,-123.80894152337959,5.566802721935252,23
13856,-76.25592348234524,7.3916019241157285,109810,-85.91178621041317,3.2728237667350073,24
13857,-75.87573747582682,1.6445276045223736,109816,-77.6204452281073,-4.536559244831727,5
13858,-155.31441491839425,6.312505515764019,109820,-152.23629829764135,4.213482038439798,37
13859,-139.03518023061528,1.9955281128859128,109828,-137.57400940459857,4.493303950559668,20
13860,-106.93045481814038,-0.2642785993667416,109844,-109.71624596876933,-1.0040630408538558,16
13861,-74.91572252575364,1.5102522866825496,109850,-77.6204452281073,-4.536559244831727,5
13862,250.4381729071951,-6.80042015991267,109851,227.03647807555316,-5.020718083634986,26
13863,2.670526774759698,-4.911016923543587,109854,-6.878718007946434,-1.0926682779646681,10
13864,58.6650941897904,-2.833050603192207,109878,47.997068783449585,1.2679199422360634,13
13865,431.0091106713157,5.6472134128801645,109879,417.6915390220547,-4.11857226961515,29
13866,-1.8030153645358342,2.3181096598385458,109882,-6.878718007946434,-1.0926682779646681,10
13867,222.38786824292035,7.555208905535684,109885,227.03647807555316,-5.020718083634986,26
13868,-139.28644477625113,-9.789120199736482,109887,-141.0346653257256,-1.1036168920026446,0
13869,73.06059681032903,-7.665181311019308,109892,70.166569844569,-14.692630117552799,9
13870,-142.34629250835835,7.225133248810721,109901,-142.14616351708418,5.245197398204194,22
13871,-127.28788752467155,6.206295601378843,109905,-123.80894152337959,5.566802721935252,23
13872,-31.273609753885168,-20.924312299018652,109916,-29.714479793685786,-1.264748112657314,8
13873,-150.12785232455025,3.345225893123506,109931,-152.23629829764135,4.213482038439798,37
13874,-124.10251127700009,2.2181553100790428,109933,-123.80894152337959,5.566802721935252,23
13875,21.637451829807603,-2.8373426704987335,109942,18.937510567705566,1.034768221250525,27
13876,84.3040273786223,4.499998174057201,109947,78.01149217232324,3.6022338347977136,6
13877,-128.17357431922193,4.186571879563766,109951,-129.1025175244067,1.5488809909733745,1
13878,-141.09656257975334,1.791778344932537,109961,-141.0346653257256,-1.1036168920026446,0
13879,239.40888949987536,7.870361139661646,109970,227.03647807555316,-5.020718083634986,26
13880,-100.77013171753833,-2.104320977770884,109975,-96.6939343764425,2.7165835152131033,15
13881,118.29195598941111,-9.396844176465395,109983,104.96211155305676,-0.5414592591613776,31
13882,-51.409119206447215,-5.094236268859711,109985,-49.93530245157272,-0.19848027172185767,2
13883,-130.12190731355977,2.5234871609501224,109986,-129.1025175244067,1.5488809909733745,1
13884,332.3553330155586,-17.30468486301937,109989,302.44973475302317,-5.405747081354008,25
13885,-7.10753782593754,6.325285654671751,110006,-6.878718007946434,-1.0926682779646681,10
13886,289.2730181142727,11.187998515772524,110007,302.44973475302317,-5.405747081354008,25
13887,-38.82455723789487,1.1390929599983028,110008,-29.714479793685786,-1.264748112657314,8
13888,7.855641787499684,-6.823241609737147,110016,18.937510567705566,1.034768221250525,27
13889,2.073156190244196,5.08748517698717,110024,-6.878718007946434,-1.0926682779646681,10
13890,195.51074760070276,-52.96399994534992,110040,172.66355239880147,-2.7112682595768685,38
13891,-43.001647991106005,4.452285782456752,110043,-49.93530245157272,-0.19848027172185767,2
13892,78.1012457805735,6.781746664829751,110062,78.01149217232324,3.6022338347977136,6
13893,135.51188271274654,18.613618973648975,110068,135.4076551174278,-1.697351881935795,33
13894,170.20701038820113,-6.663209183528229,110069,172.66355239880147,-2.7112682595768685,38
13895,-0.24116871425874,-20.07582852187555,110077,-6.878718007946434,-1.0926682779646681,10
13896,-86.6339586791574,-2.8126653058816973,110082,-85.91178621041317,3.2728237667350073,24
13897,-69.73607082472019,-0.8017827137682899,110083,-66.8889597803445,2.169628081691683,14
13898,742.4419598108199,24.34879868325628,110084,861.6475783799328,6.515082937232454,35
13899,-116.54931734471721,-6.205493712655523,110091,-115.69510858146283,-11.595084171039186,39
13900,-38.04345574434621,5.947051420092191,110098,-29.714479793685786,-1.264748112657314,8
13901,-110.15935211860455,4.20344218525747,110100,-114.33047638704419,5.73481138949136,19
13902,-81.22020544752965,6.513505601518764,110107,-85.91178621041317,3.2728237667350073,24
13903,762.3702476403708,11.510389174223937,110110,861.6475783799328,6.515082937232454,35
13904,521.4349940627609,-26.48543622778448,110111,586.0312761189704,-1.722944617346204,30
13905,193.40383509014455,-22.748590216235904,110120,172.66355239880147,-2.7112682595768685,38
13906,307.12979738915897,14.102837649340616,110121,302.44973475302317,-5.405747081354008,25
13907,95.22067392890072,5.4787603353237255,110130,104.96211155305676,-0.5414592591613776,31
13908,133.0883390724476,-5.713556441955473,110131,135.4076551174278,-1.697351881935795,33
13909,98.04240204550922,-6.324659206348988,110149,104.96211155305676,-0.5414592591613776,31
13910,67.9872718308079,8.583695743646095,110159,78.01149217232324,3.6022338347977136,6
13911,129.77741370307612,13.731570114622494,110166,135.4076551174278,-1.697351881935795,33
13912,-34.45362735768357,-4.337098206605494,110170,-29.714479793685786,-1.264748112657314,8
13913,-18.91744944102971,-10.710187066911859,110171,-29.714479793685786,-1.264748112657314,8
13914,-110.14014050784323,4.284983205317202,110177,-114.33047638704419,5.73481138949136,19
13915,-49.98835240988621,4.025770134904737,110178,-49.93530245157272,-0.19848027172185767,2
13916,924.3701834066654,31.53491491606568,110197,861.6475783799328,6.515082937232454,35
13917,-117.06833610091188,3.6209976432134723,110199,-118.09857507912784,0.7103841694799473,11
13918,-134.4435682152383,-7.272157611874309,110206,-130.75996572568545,-6.6137591708523855,18
13919,158.61691619137292,-12.758382563038342,110211,172.66355239880147,-2.7112682595768685,38
13920,-7.99376352727385,5.356611680221474,110212,-6.878718007946434,-1.0926682779646681,10
13921,-99.91213027265343,1.5160248707718782,110215,-96.6939343764425,2.7165835152131033,15
13922,-60.76502004590958,-0.5426094675912648,110226,-66.8889597803445,2.169628081691683,14
13923,128.5105631359639,2.7631761809547566,110232,135.4076551174278,-1.697351881935795,33
13924,817.236204921563,-13.560277699653438,110254,861.6475783799328,6.515082937232454,35
13925,-112.95710060388842,0.7510465763426198,110266,-109.71624596876933,-1.0040630408538558,16
13926,-116.98224614092449,1.2328568243994955,110271,-118.09857507912784,0.7103841694799473,11
13927,-98.83395802357742,-0.7050873353238745,110289,-96.6939343764425,2.7165835152131033,15
13928,-97.26257962690474,6.153944579202082,110292,-96.6939343764425,2.7165835152131033,15
13929,-65.9136560530446,2.6305127266075488,110296,-66.8889597803445,2.169628081691683,14
13930,-108.89519442004313,-0.040159193720882294,110300,-109.71624596876933,-1.0040630408538558,16
13931,-139.08092356362332,2.501752730071909,110301,-137.57400940459857,4.493303950559668,20
13932,102.60725520952809,0.21804451184678753,110321,104.96211155305676,-0.5414592591613776,31
13933,-110.08340724444861,2.495083706155216,110325,-109.71624596876933,-1.0040630408538558,16
13934,-129.18511372619287,4.947278643160544,110335,-132.1080396739421,5.887059356646324,17
13935,-127.31075613655777,6.700102159721848,110337,-123.80894152337959,5.566802721935252,23
13936,-97.90404655998786,0.8528070889724658,110343,-96.6939343764425,2.7165835152131033,15
13937,-142.73187690427127,-3.16218035702243,110347,-141.0346653257256,-1.1036168920026446,0
13938,253.09510063914266,-30.73625776715031,110363,227.03647807555316,-5.020718083634986,26
13939,-72.0113892470432,3.122015871585564,110366,-66.8889597803445,2.169628081691683,14
13940,-118.19265309893167,4.772560877940384,110370,-114.33047638704419,5.73481138949136,19
13941,133.38604846384365,3.5206350414842094,110377,135.4076551174278,-1.697351881935795,33
13942,-78.17749296143269,5.111544584254945,110378,-85.91178621041317,3.2728237667350073,24
13943,288.4437374117756,-5.757831017662124,110382,302.44973475302317,-5.405747081354008,25
13944,-38.54683994533361,-2.3754253114980646,110388,-29.714479793685786,-1.264748112657314,8
13945,235.45632178021924,6.7763365217099425,110394,227.03647807555316,-5.020718083634986,26
13946,-44.991936446679844,-11.046280233924994,110402,-49.93530245157272,-0.19848027172185767,2
13947,-102.83914324820833,-1.1581010966000032,110403,-104.7190727296112,3.8815952186994593,7
13948,-45.843645381909795,1.9482971656230594,110406,-49.93530245157272,-0.19848027172185767,2
13949,-103.54471689192913,-4.54667513251483,110407,-109.71624596876933,-1.0040630408538558,16
13950,-135.29485598855737,6.726169900613588,110429,-137.57400940459857,4.493303950559668,20
13951,18.171677702404587,-11.014430352650498,110430,18.937510567705566,1.034768221250525,27
13952,-116.86439623737822,-0.33623941178115624,110433,-118.09857507912784,0.7103841694799473,11
13953,-89.40107859913692,9.835657389456696,110434,-85.91178621041317,3.2728237667350073,24
13954,635.142087962703,-3.9391230152724854,110438,586.0312761189704,-1.722944617346204,30
13955,541.6067517240571,0.5699355135769023,110456,586.0312761189704,-1.722944617346204,30
13956,-25.044337530389903,5.680676382480085,110467,-29.714479793685786,-1.264748112657314,8
13957,95.57260319088643,0.8542106333117702,110469,104.96211155305676,-0.5414592591613776,31
13958,-141.15279313203803,4.027956830095294,110500,-142.14616351708418,5.245197398204194,22
13959,-134.12199815867908,2.441616265651365,110503,-134.89656831690453,-0.030690791204986433,34
13960,-53.77808840193222,0.8813226400713469,110506,-49.93530245157272,-0.19848027172185767,2
13961,-109.77436407302406,-2.189903707878576,110513,-109.71624596876933,-1.0040630408538558,16
13962,20.300676454219307,1.9491676377109544,110518,18.937510567705566,1.034768221250525,27
13963,20.963012097204277,7.314892710294899,110532,18.937510567705566,1.034768221250525,27
13964,-114.33620050923061,-7.757540440434268,110544,-115.69510858146283,-11.595084171039186,39
13965,-109.10477599199734,3.0229871247768245,110550,-109.71624596876933,-1.0040630408538558,16
13966,-151.22220459868444,4.361203388095515,110557,-152.23629829764135,4.213482038439798,37
13967,-95.1145688863824,4.495842958459814,110562,-96.6939343764425,2.7165835152131033,15
13968,29.79862935937055,-5.203423773263858,110570,18.937510567705566,1.034768221250525,27
13969,-141.28423812499912,6.423710472933563,110579,-142.14616351708418,5.245197398204194,22
13970,-17.718095670768644,0.6903536726156013,110593,-6.878718007946434,-1.0926682779646681,10
13971,209.8353255514252,-0.4127043826107901,110596,227.03647807555316,-5.020718083634986,26
13972,-139.38919048461537,-7.5280188915010315,110605,-141.0346653257256,-1.1036168920026446,0
13973,-40.14316727970894,7.063047675949496,110607,-49.93530245157272,-0.19848027172185767,2
13974,-121.86963544506347,-1.3304806023612465,110609,-123.94204162798616,-1.5144507595891967,3
13975,71.24759173549045,4.473304722777737,110611,78.01149217232324,3.6022338347977136,6
13976,63.72699923188113,-3.0653941569116077,110627,70.166569844569,-14.692630117552799,9
13977,-117.96272522528692,0.7710954317719746,110630,-118.09857507912784,0.7103841694799473,11
13978,1028.2833518109983,21.997947907483315,110633,861.6475783799328,6.515082937232454,35
13979,-130.72237150437164,-2.645929696313343,110664,-130.75996572568545,-6.6137591708523855,18
13980,17.21922329124825,3.1663769756324687,110667,18.937510567705566,1.034768221250525,27
13981,-78.12997149589577,6.165763990758963,110675,-85.91178621041317,3.2728237667350073,24
13982,-56.044542912865325,4.633340547512616,110696,-49.93530245157272,-0.19848027172185767,2
13983,36.35434131547286,2.074567318758268,110701,47.997068783449585,1.2679199422360634,13
13984,995.6909602828742,29.296021162710012,110703,861.6475783799328,6.515082937232454,35
13985,-12.463826620646785,-32.194104810609126,110727,-6.878718007946434,-1.0926682779646681,10
13986,-90.70977206090468,-2.248428667711777,110747,-85.91178621041317,3.2728237667350073,24
13987,70.10530632833012,6.570314106757335,110751,78.01149217232324,3.6022338347977136,6
13988,-127.29155520113423,6.81902579064687,110769,-123.80894152337959,5.566802721935252,23
13989,35.960892735225436,-7.130437250448257,110790,47.997068783449585,1.2679199422360634,13
13990,-74.10742776841956,3.686566213966078,110809,-66.8889597803445,2.169628081691683,14
13991,-130.0370212026551,0.6721021222210105,110811,-129.1025175244067,1.5488809909733745,1
13992,-112.22666094652212,5.104832117489328,110818,-114.33047638704419,5.73481138949136,19
13993,-116.8676203227124,-1.2886230925688675,110827,-118.09857507912784,0.7103841694799473,11
13994,109.8760076740281,-75.60119001891248,110851,110.19899446847099,-35.665903512662624,21
13995,1258.8600157821722,50.40127725705354,110898,1342.5649032771717,32.04824045393157,32
13996,-115.2576085796127,-8.987603455159537,110904,-115.69510858146283,-11.595084171039186,39
13997,-145.8143360231106,-2.9395435462524326,110910,-148.09620948762597,-1.1157003398540595,36
13998,-82.60709634677396,-3.3561631333901856,110919,-77.6204452281073,-4.536559244831727,5
13999,-60.092345739423,6.130149461008696,110930,-66.8889597803445,2.169628081691683,14
14000,45.008510584555765,7.241292837115994,110939,47.997068783449585,1.2679199422360634,13
14001,910.1969383274832,33.55730841670968,110956,861.6475783799328,6.515082937232454,35
14002,-36.467825473033194,-3.5532215684802324,110972,-29.714479793685786,-1.264748112657314,8
14003,-22.051250294638958,4.853560255053392,110997,-29.714479793685786,-1.264748112657314,8
14004,27.36949129148159,1.068493670374946,110999,18.937510567705566,1.034768221250525,27
14005,-136.88261831272436,-1.8058187495367692,111003,-134.89656831690453,-0.030690791204986433,34
14006,174.73963820784107,15.81305666322347,111004,172.66355239880147,-2.7112682595768685,38
14007,-131.99441154531038,-0.28212257294101717,111009,-134.89656831690453,-0.030690791204986433,34
14008,-121.16133198173902,4.064433095591735,111015,-123.80894152337959,5.566802721935252,23
14009,-48.39899235368221,11.010539217348514,111019,-49.93530245157272,-0.19848027172185767,2
14010,-99.25230205633882,-8.320823216463465,111039,-95.36861679384212,-10.95784818293233,28
14011,507.99046344427586,23.11099185416104,111041,586.0312761189704,-1.722944617346204,30
14012,-140.7676312058062,-3.3550815454495955,111049,-141.0346653257256,-1.1036168920026446,0
14013,147.64659347625948,0.6191438599975262,111063,135.4076551174278,-1.697351881935795,33
14014,-7.019015570093074,4.9167516085175365,111068,-6.878718007946434,-1.0926682779646681,10
14015,-10.306541032165509,-4.595925346094905,111081,-6.878718007946434,-1.0926682779646681,10
14016,-37.70583153283465,-0.41517011692513417,111082,-29.714479793685786,-1.264748112657314,8
14017,-43.24055768915812,7.613081151817766,111084,-49.93530245157272,-0.19848027172185767,2
14018,-107.42728029057375,9.606407709809089,111097,-104.7190727296112,3.8815952186994593,7
14019,-122.018848961024,1.4188530344159078,111102,-123.94204162798616,-1.5144507595891967,3
14020,-47.91517974091363,2.4546675888367586,111105,-49.93530245157272,-0.19848027172185767,2
14021,50.041136521423226,6.083457290071117,111108,47.997068783449585,1.2679199422360634,13
14022,-118.87190057801931,-0.20571303199577037,111112,-118.09857507912784,0.7103841694799473,11
14023,-17.748819085197184,1.3676787100788945,111117,-6.878718007946434,-1.0926682779646681,10
14024,-121.75366605682538,-3.348010201046944,111121,-123.94204162798616,-1.5144507595891967,3
14025,160.61259511014757,2.0847462549360727,111124,172.66355239880147,-2.7112682595768685,38
14026,-139.05459050967212,2.943112674665092,111127,-137.57400940459857,4.493303950559668,20
14027,-43.03132803247101,4.04063806658861,111166,-49.93530245157272,-0.19848027172185767,2
14028,-111.07471245594776,2.2987841249401253,111183,-109.71624596876933,-1.0040630408538558,16
14029,-48.29675198559226,9.278285472528742,111187,-49.93530245157272,-0.19848027172185767,2
14030,161.34977140649602,4.781816150731097,111201,172.66355239880147,-2.7112682595768685,38
14031,-46.766841093893234,0.7609822803523301,111202,-49.93530245157272,-0.19848027172185767,2
14032,203.34274050812522,-35.962703601940156,111212,227.03647807555316,-5.020718083634986,26
14033,562.8621610817149,12.11176615739058,111214,586.0312761189704,-1.722944617346204,30
14034,-72.08515980543139,-9.98149797785323,111229,-77.6204452281073,-4.536559244831727,5
14035,-0.016859004587486893,6.522432207359013,111231,-6.878718007946434,-1.0926682779646681,10
14036,-126.80856569850205,-0.6921277062867492,111234,-123.94204162798616,-1.5144507595891967,3
14037,26.341340451794768,1.6812765653854151,111247,18.937510567705566,1.034768221250525,27
14038,-107.8486660054516,-0.018350892370149204,111264,-109.71624596876933,-1.0040630408538558,16
14039,-92.91451317911381,0.14127316945848364,111273,-96.6939343764425,2.7165835152131033,15
14040,-41.893562280079735,-26.34610126117443,111277,-49.93530245157272,-0.19848027172185767,2
14041,103.25735588691242,4.806302670440396,111279,104.96211155305676,-0.5414592591613776,31
14042,121.16919353798025,-21.903372937271943,111283,110.19899446847099,-35.665903512662624,21
14043,-96.09973740006245,4.661653413894742,111288,-96.6939343764425,2.7165835152131033,15
14044,99.29337424403285,5.49514950263111,111304,104.96211155305676,-0.5414592591613776,31
14045,-120.11374099321421,3.5242207857078585,111312,-118.09857507912784,0.7103841694799473,11
14046,215.5664277147398,-24.39413876540775,111327,227.03647807555316,-5.020718083634986,26
14047,107.51128641116046,-12.8457065767849,111336,104.96211155305676,-0.5414592591613776,31
14048,-115.04986966966614,2.2217059825196595,111348,-118.09857507912784,0.7103841694799473,11
14049,473.3870549364918,1.1619407839662583,111349,417.6915390220547,-4.11857226961515,29
14050,-69.10167996780571,-39.045328840881396,111365,-77.6204452281073,-4.536559244831727,5
14051,72.80024252208464,-3.5006936200700025,111372,78.01149217232324,3.6022338347977136,6
14052,-93.74417630046838,-1.0350933080805285,111378,-96.6939343764425,2.7165835152131033,15
14053,-120.79099565388151,-1.4958468344838065,111400,-123.94204162798616,-1.5144507595891967,3
14054,-45.781832356203665,0.07516387978386863,111402,-49.93530245157272,-0.19848027172185767,2
14055,-40.74126174096125,-0.7152758239195527,111411,-49.93530245157272,-0.19848027172185767,2
14056,-132.98318423043918,-0.5499830006617009,111412,-134.89656831690453,-0.030690791204986433,34
14057,-100.12986121839272,3.188651386534799,111427,-96.6939343764425,2.7165835152131033,15
14058,1045.9861651465121,26.748119397327805,111429,861.6475783799328,6.515082937232454,35
14059,-61.91193400782388,-13.610746159201172,111430,-66.8889597803445,2.169628081691683,14
14060,-138.99057343514372,-0.5191136084424308,111440,-141.0346653257256,-1.1036168920026446,0
14061,-110.0517424392868,2.3544211050643984,111456,-109.71624596876933,-1.0040630408538558,16
14062,-49.64953887658359,-1.3475842821729234,111465,-49.93530245157272,-0.19848027172185767,2
14063,361.29657631371646,-58.686127145304596,111466,417.6915390220547,-4.11857226961515,29
14064,-116.06478139813957,2.0219773270169226,111473,-118.09857507912784,0.7103841694799473,11
14065,-119.97384094904884,2.0048223182409335,111501,-118.09857507912784,0.7103841694799473,11
14066,-44.79737743807963,-0.0865738900860593,111507,-49.93530245157272,-0.19848027172185767,2
14067,6.327340935797726,1.645011661033006,111511,18.937510567705566,1.034768221250525,27
14068,218.19465501656492,10.682527870111068,111519,227.03647807555316,-5.020718083634986,26
14069,-144.1861161831001,4.200741464254418,111528,-142.14616351708418,5.245197398204194,22
14070,-93.36248830296958,-6.3183564037696955,111534,-95.36861679384212,-10.95784818293233,28
14071,-124.13806094452234,3.488277515910008,111536,-123.80894152337959,5.566802721935252,23
14072,-98.58320141597844,-4.14821918472412,111546,-96.6939343764425,2.7165835152131033,15
14073,-46.837890980966606,0.7826354618011095,111549,-49.93530245157272,-0.19848027172185767,2
14074,12.006389738477694,-24.27538625450695,111578,28.39696760572947,-22.91072472808294,12
14075,201.1499548037639,-4.386787742637824,111584,227.03647807555316,-5.020718083634986,26
14076,-134.95929461109313,0.9343188717902519,111600,-134.89656831690453,-0.030690791204986433,34
14077,-97.10951163262567,4.3507330957425845,111606,-96.6939343764425,2.7165835152131033,15
14078,-96.76194990653394,-1.2110840567391175,111607,-96.6939343764425,2.7165835152131033,15
14079,442.87814549880767,-49.68015922684396,111608,417.6915390220547,-4.11857226961515,29
14080,269.86936014884714,1.3836304022861314,111619,302.44973475302317,-5.405747081354008,25
14081,367.31940339267834,-44.357477327181,111623,417.6915390220547,-4.11857226961515,29
14082,-90.50985489337202,-4.573004124854903,111633,-95.36861679384212,-10.95784818293233,28
14083,-69.1020130249465,5.686678774144874,111674,-66.8889597803445,2.169628081691683,14
14084,-110.07098770329308,3.805083702413657,111684,-114.33047638704419,5.73481138949136,19
14085,-153.00296186742733,-0.4553160919561887,111702,-152.23629829764135,4.213482038439798,37
14086,-84.91512508640925,0.2834762535075856,111704,-85.91178621041317,3.2728237667350073,24
14087,128.55022329663274,1.8915083447685468,111706,135.4076551174278,-1.697351881935795,33
14088,-145.15108878771323,2.9197495749680806,111711,-146.59606179012786,4.113086925586259,4
14089,55.956217790633794,8.558763782174077,111717,47.997068783449585,1.2679199422360634,13
14090,-57.901144619495085,1.477238956871157,111724,-49.93530245157272,-0.19848027172185767,2
14091,-2.9830955759415474,5.211852504889201,111730,-6.878718007946434,-1.0926682779646681,10
14092,-64.16332794591327,-23.382548039876998,111743,-77.6204452281073,-4.536559244831727,5
14093,-42.24119358409317,8.658321871490518,111775,-49.93530245157272,-0.19848027172185767,2
14094,-110.07208818520178,2.2870506304312803,111777,-109.71624596876933,-1.0040630408538558,16
14095,315.4382751588099,-19.39545488400186,111782,302.44973475302317,-5.405747081354008,25
14096,-94.00711943887647,2.157776758056728,111790,-96.6939343764425,2.7165835152131033,15
14097,88.31847223087232,4.244729537667723,111797,78.01149217232324,3.6022338347977136,6
14098,-131.047647810136,1.9122163597783504,111812,-129.1025175244067,1.5488809909733745,1
14099,96.46734524257712,-41.53081018681564,111817,110.19899446847099,-35.665903512662624,21
14100,111.72229087702861,-1.1349243290264877,111839,104.96211155305676,-0.5414592591613776,31
14101,17.63243075939821,12.962219844818865,111843,18.937510567705566,1.034768221250525,27
14102,-149.91323533077096,-0.8581621177845371,111847,-148.09620948762597,-1.1157003398540595,36
14103,282.1434360428446,13.399684117387787,111858,302.44973475302317,-5.405747081354008,25
14104,-118.95213233931277,2.0646605156616213,111874,-118.09857507912784,0.7103841694799473,11
14105,699.3057732834566,10.330380445385334,111891,586.0312761189704,-1.722944617346204,30
14106,-135.3044223412442,6.4073527206915735,111918,-137.57400940459857,4.493303950559668,20
14107,65.97991987235294,9.240066815418968,111925,78.01149217232324,3.6022338347977136,6
14108,123.38433412228764,3.900990605223465,111930,135.4076551174278,-1.697351881935795,33
14109,-130.57985948968107,-4.735593139695421,111937,-130.75996572568545,-6.6137591708523855,18
14110,-123.05460945281844,2.71380177735493,111942,-123.80894152337959,5.566802721935252,23
14111,-80.59312850212208,-2.591720900835874,111947,-77.6204452281073,-4.536559244831727,5
14112,-29.526229407553505,-31.62386340551476,111948,-29.714479793685786,-1.264748112657314,8
14113,934.8362865430065,25.095637073947263,111952,861.6475783799328,6.515082937232454,35
14114,85.72243097837642,-16.8179801813235,111962,70.166569844569,-14.692630117552799,9
14115,-82.69180297648914,-2.500072076286605,111964,-77.6204452281073,-4.536559244831727,5
14116,-121.25794249439905,5.662764309794763,111975,-123.80894152337959,5.566802721935252,23
14117,-140.02587723012536,0.7461058985537203,111977,-141.0346653257256,-1.1036168920026446,0
14118,-7.918842968336857,-10.490388670109338,111979,-6.878718007946434,-1.0926682779646681,10
14119,29.98949149789855,6.373385482646649,111997,18.937510567705566,1.034768221250525,27
14120,65.05430149620194,7.077029272124429,111999,78.01149217232324,3.6022338347977136,6
14121,-152.3070922288738,6.209001576973078,112001,-152.23629829764135,4.213482038439798,37
14122,25.4530299403422,-29.736943757819233,112006,28.39696760572947,-22.91072472808294,12
14123,98.19677970100238,-8.678905883003253,112013,104.96211155305676,-0.5414592591613776,31
14124,323.0569525942407,14.943808530040391,112015,302.44973475302317,-5.405747081354008,25
14125,-141.2203490219796,4.479618876145168,112027,-142.14616351708418,5.245197398204194,22
14126,-117.27527716376633,6.1143773171187625,112028,-114.33047638704419,5.73481138949136,19
14127,-61.080954489865256,-10.407180433653721,112037,-66.8889597803445,2.169628081691683,14
14128,22.958489809542435,-8.311924242433646,112039,18.937510567705566,1.034768221250525,27
14129,-102.16181638692154,5.405299559394266,112047,-104.7190727296112,3.8815952186994593,7
14130,-117.06068323613003,1.400047694682492,112051,-118.09857507912784,0.7103841694799473,11
14131,230.4333480281848,7.200557140228835,112053,227.03647807555316,-5.020718083634986,26
14132,305.60462422154046,-7.442980891055526,112060,302.44973475302317,-5.405747081354008,25
14133,-154.19223847611647,3.6536904967029384,112063,-152.23629829764135,4.213482038439798,37
14134,-145.87804669515316,-3.069147970088296,112078,-148.09620948762597,-1.1157003398540595,36
14135,-139.35164698454358,7.399882775156239,112091,-137.57400940459857,4.493303950559668,20
14136,88.76482659717017,-2.966229485709012,112094,78.01149217232324,3.6022338347977136,6
14137,-84.57808567297552,-3.4912840924350217,112095,-85.91178621041317,3.2728237667350073,24
14138,-134.59060336541555,-6.10570552043865,112101,-130.75996572568545,-6.6137591708523855,18
14139,-60.02260188899645,3.0622189510383326,112129,-66.8889597803445,2.169628081691683,14
14140,-135.97441472967589,-0.8251799953390792,112131,-134.89656831690453,-0.030690791204986433,34
14141,-104.14336770515874,3.9582607963253382,112137,-104.7190727296112,3.8815952186994593,7
14142,153.88888166322633,-17.26333380829868,112142,172.66355239880147,-2.7112682595768685,38
14143,-66.38215004774243,-20.15969271415036,112157,-77.6204452281073,-4.536559244831727,5
14144,-141.9013446837594,-1.4932178108026084,112158,-141.0346653257256,-1.1036168920026446,0
14145,-124.08357271314465,2.8059644342391343,112162,-123.80894152337959,5.566802721935252,23
14146,295.48691826650105,-6.055687601391732,112215,302.44973475302317,-5.405747081354008,25
14147,-6.6475297265506095,0.3688373488486642,112222,-6.878718007946434,-1.0926682779646681,10
14148,-93.64006836281494,-2.812679415860751,112226,-96.6939343764425,2.7165835152131033,15
14149,-102.28593204650227,7.61222968241562,112228,-104.7190727296112,3.8815952186994593,7
14150,83.31991603192171,3.6154842509051264,112240,78.01149217232324,3.6022338347977136,6
14151,-100.95654330799367,0.40774063199242716,112248,-96.6939343764425,2.7165835152131033,15
14152,293.58702098604095,6.9443962805632795,112249,302.44973475302317,-5.405747081354008,25
14153,-108.67094830225385,-2.899054163770741,112257,-109.71624596876933,-1.0040630408538558,16
14154,-49.24633413014801,7.621658845534994,112268,-49.93530245157272,-0.19848027172185767,2
14155,250.5859709460064,5.214551370256265,112282,227.03647807555316,-5.020718083634986,26
14156,-50.45135027946153,-3.6513547247653615,112290,-49.93530245157272,-0.19848027172185767,2
14157,-45.85563815073157,2.1959333343197045,112298,-49.93530245157272,-0.19848027172185767,2
14158,-126.38603451343293,-8.411253980165899,112304,-130.75996572568545,-6.6137591708523855,18
14159,788.8249301368663,20.325140929907082,112305,861.6475783799328,6.515082937232454,35
14160,-103.22558376171347,5.759706785673976,112314,-104.7190727296112,3.8815952186994593,7
14161,-78.91106661640043,1.3313522723994449,112316,-77.6204452281073,-4.536559244831727,5
14162,149.26747122054527,-36.77185694340099,112319,135.4076551174278,-1.697351881935795,33
14163,-102.67175761856537,-2.7712254260700595,112350,-104.7190727296112,3.8815952186994593,7
14164,-70.18935994816646,7.045675178311196,112353,-66.8889597803445,2.169628081691683,14
14165,43.728638411465475,-3.436870670513509,112356,47.997068783449585,1.2679199422360634,13
14166,-128.17233476494428,3.667201338024277,112362,-129.1025175244067,1.5488809909733745,1
14167,160.97028727549514,-3.6847209567371904,112365,172.66355239880147,-2.7112682595768685,38
14168,-43.71451547253155,-15.570144941200509,112394,-49.93530245157272,-0.19848027172185767,2
14169,-126.31698008628769,7.396897415873894,112408,-123.80894152337959,5.566802721935252,23
14170,-148.83332845949042,-3.089673509157781,112413,-148.09620948762597,-1.1157003398540595,36
14171,-73.6455765237042,-1.8331626940766055,112424,-77.6204452281073,-4.536559244831727,5
14172,-74.34721913069544,8.913704031799522,112426,-66.8889597803445,2.169628081691683,14
14173,-33.38977375697909,10.539677014209218,112432,-29.714479793685786,-1.264748112657314,8
14174,-121.23870903592697,5.729914864080424,112436,-123.80894152337959,5.566802721935252,23
14175,300.458286408846,-34.30399777347473,112437,302.44973475302317,-5.405747081354008,25
14176,-121.02019708900612,1.9864061124697978,112443,-118.09857507912784,0.7103841694799473,11
14177,-69.92356728463056,1.2225701965870948,112455,-66.8889597803445,2.169628081691683,14
14178,-66.77358943113826,-0.4550062839876792,112473,-66.8889597803445,2.169628081691683,14
14179,-143.22637252975315,5.077178489107254,112476,-142.14616351708418,5.245197398204194,22
14180,292.50826659961996,7.618511133583831,112480,302.44973475302317,-5.405747081354008,25
14181,-138.04520729756229,1.7355863387750223,112482,-137.57400940459857,4.493303950559668,20
14182,-91.09778736177124,4.716551705604665,112483,-85.91178621041317,3.2728237667350073,24
14183,-10.526188247814032,-1.848959820382369,112498,-6.878718007946434,-1.0926682779646681,10
14184,-101.94496455795738,1.6862148603418061,112503,-104.7190727296112,3.8815952186994593,7
14185,-120.20500063075019,5.546680820738694,112507,-123.80894152337959,5.566802721935252,23
14186,-17.113162105540834,7.8335319211638215,112527,-6.878718007946434,-1.0926682779646681,10
14187,-112.98051730623457,0.7529649223070076,112528,-109.71624596876933,-1.0040630408538558,16
14188,-116.07095300803093,1.6427149435116688,112538,-118.09857507912784,0.7103841694799473,11
14189,602.2862485700398,-7.143342630979276,112545,586.0312761189704,-1.722944617346204,30
14190,26.09929578504425,-10.318177957362822,112555,28.39696760572947,-22.91072472808294,12
14191,28.56210229472287,-1.5791975173378798,112557,18.937510567705566,1.034768221250525,27
14192,373.9739540293536,-39.24498099773992,112559,417.6915390220547,-4.11857226961515,29
14193,-121.00850369458279,2.236506135451179,112575,-118.09857507912784,0.7103841694799473,11
14194,228.30261697133852,-5.7281703603758976,112580,227.03647807555316,-5.020718083634986,26
14195,-58.76549240662602,0.013731310495650333,112596,-66.8889597803445,2.169628081691683,14
14196,-134.10253320946387,3.5796380390121163,112600,-132.1080396739421,5.887059356646324,17
14197,-106.57793168505643,-4.3909308534093405,112601,-109.71624596876933,-1.0040630408538558,16
14198,-102.06795867155924,2.3298472958586847,112620,-104.7190727296112,3.8815952186994593,7
14199,58.40844644769581,1.7710314893368437,112623,47.997068783449585,1.2679199422360634,13
14200,102.15970329975272,5.910763176177728,112624,104.96211155305676,-0.5414592591613776,31
14201,-85.00067947122804,2.6782050640879076,112642,-85.91178621041317,3.2728237667350073,24
14202,367.7039808611375,7.6815415817890935,112651,417.6915390220547,-4.11857226961515,29
14203,-33.44437429921498,-18.245241739799795,112669,-29.714479793685786,-1.264748112657314,8
14204,-117.05202290014145,2.2398817609958455,112673,-118.09857507912784,0.7103841694799473,11
14205,-104.45404348336763,-7.055524527033349,112675,-109.71624596876933,-1.0040630408538558,16
14206,102.46330138747763,2.843517818649915,112680,104.96211155305676,-0.5414592591613776,31
14207,95.71943219153951,-30.8038424840951,112693,110.19899446847099,-35.665903512662624,21
14208,-105.80155414286384,-0.5009134942705018,112695,-109.71624596876933,-1.0040630408538558,16
14209,-103.29269681156369,7.225993945531284,112698,-104.7190727296112,3.8815952186994593,7
14210,17.375233069841727,-0.23969474101608573,112723,18.937510567705566,1.034768221250525,27
14211,-115.32186293065047,7.156661241992068,112730,-114.33047638704419,5.73481138949136,19
14212,-144.06091583857767,3.017351193532196,112733,-146.59606179012786,4.113086925586259,4
14213,-115.82244860618313,-0.7131020146330593,112742,-118.09857507912784,0.7103841694799473,11
14214,129.00886617854138,-19.28320620750899,112751,135.4076551174278,-1.697351881935795,33
14215,-106.38776847886488,-6.498249965097881,112752,-109.71624596876933,-1.0040630408538558,16
14216,-117.54732818326026,-5.237695569905661,112754,-118.09857507912784,0.7103841694799473,11
14217,-130.25680009537405,6.00320362845682,112760,-132.1080396739421,5.887059356646324,17
14218,-112.29245594763184,-8.679830437607462,112761,-115.69510858146283,-11.595084171039186,39
14219,-103.88787763495078,0.39251974792052796,112763,-104.7190727296112,3.8815952186994593,7
14220,-143.03257675219535,1.3665814106848841,112768,-141.0346653257256,-1.1036168920026446,0
14221,7.013780008380333,-8.768365082549137,112773,18.937510567705566,1.034768221250525,27
14222,-72.97502401440403,1.8105967741562865,112800,-66.8889597803445,2.169628081691683,14
14223,-33.103703197897744,6.306205592028902,112815,-29.714479793685786,-1.264748112657314,8
14224,139.28266108165337,5.8777481798457645,112820,135.4076551174278,-1.697351881935795,33
14225,-134.1807426593753,3.7560109710587284,112825,-132.1080396739421,5.887059356646324,17
14226,-88.05622440253873,1.781951076384285,112839,-85.91178621041317,3.2728237667350073,24
14227,-146.8879408093018,-2.8924351254354974,112840,-148.09620948762597,-1.1157003398540595,36
14228,64.74312899036546,-46.56020634251675,112847,70.166569844569,-14.692630117552799,9
14229,-71.40663908087043,-6.006369575290784,112851,-77.6204452281073,-4.536559244831727,5
14230,345.45594218850914,-4.044097523687757,112870,302.44973475302317,-5.405747081354008,25
14231,109.34311366407816,-24.889072457244026,112880,110.19899446847099,-35.665903512662624,21
14232,-57.283477813702845,-6.925361831968817,112891,-49.93530245157272,-0.19848027172185767,2
14233,-122.29294914675997,6.416552714490987,112902,-123.80894152337959,5.566802721935252,23
14234,-131.00599131228532,0.9855419797197694,112905,-129.1025175244067,1.5488809909733745,1
14235,-141.03950984780377,1.057743697377248,112908,-141.0346653257256,-1.1036168920026446,0
14236,-144.33871888874333,7.039650463335047,112910,-142.14616351708418,5.245197398204194,22
14237,126.78540138203101,14.013790755926989,112926,135.4076551174278,-1.697351881935795,33
14238,55.00946066239132,-22.09509205749716,112937,70.166569844569,-14.692630117552799,9
14239,-50.16068726480877,6.264404112473285,112944,-49.93530245157272,-0.19848027172185767,2
14240,21.8084076733161,9.679726747032989,112946,18.937510567705566,1.034768221250525,27
14241,-106.04615288977101,2.807080780523851,112952,-104.7190727296112,3.8815952186994593,7
14242,107.43890595307987,3.474471398104553,112953,104.96211155305676,-0.5414592591613776,31
14243,305.74656975945385,-9.535385456705447,112965,302.44973475302317,-5.405747081354008,25
14244,-143.2741665876818,5.644118320236934,112973,-142.14616351708418,5.245197398204194,22
14245,-109.85387754514679,-0.9521964189559864,112978,-109.71624596876933,-1.0040630408538558,16
14246,106.10900216965253,-7.124015407141625,112992,104.96211155305676,-0.5414592591613776,31
14247,90.13726851447389,-8.03194823603817,112996,104.96211155305676,-0.5414592591613776,31
14248,-145.33766878694064,6.987488359481908,113005,-146.59606179012786,4.113086925586259,4
14249,600.9547095668563,26.476145284262078,113006,586.0312761189704,-1.722944617346204,30
14250,-37.24082682593029,8.737984174450384,113011,-29.714479793685786,-1.264748112657314,8
14251,-72.6573862642569,-2.5843342995131127,113029,-77.6204452281073,-4.536559244831727,5
14252,-89.65038988072806,-2.505248875581686,113031,-85.91178621041317,3.2728237667350073,24
14253,291.46216203558066,-20.323699758582062,113040,302.44973475302317,-5.405747081354008,25
14254,-102.02235256748983,2.3726680675093395,113044,-104.7190727296112,3.8815952186994593,7
14255,31.692039652078282,-3.34625792950746,113047,18.937510567705566,1.034768221250525,27
14256,-140.98932733155252,1.4777840788799497,113049,-141.0346653257256,-1.1036168920026446,0
14257,-103.19211513686975,5.016545114015931,113050,-104.7190727296112,3.8815952186994593,7
14258,-134.5986215146211,-3.8972010082914044,113053,-134.89656831690453,-0.030690791204986433,34
14259,-106.1644237877904,3.866215643870359,113082,-104.7190727296112,3.8815952186994593,7
14260,48.65993555618409,-46.04160079445564,113085,28.39696760572947,-22.91072472808294,12
14261,-133.36744280941787,7.865200223608447,113093,-132.1080396739421,5.887059356646324,17
14262,222.97962698263146,-1.3030316017372428,113101,227.03647807555316,-5.020718083634986,26
14263,-148.06393374362824,1.450739475053186,113141,-148.09620948762597,-1.1157003398540595,36
14264,262.88188990947907,-13.233246816570183,113181,227.03647807555316,-5.020718083634986,26
14265,163.63913902114817,17.33229144292007,113193,172.66355239880147,-2.7112682595768685,38
14266,-33.73067523559352,0.6997226030527992,113195,-29.714479793685786,-1.264748112657314,8
14267,-120.12327658429808,3.2136746731799977,113196,-118.09857507912784,0.7103841694799473,11
14268,-138.10687253777863,2.0612789530236344,113198,-137.57400940459857,4.493303950559668,20
14269,-141.34580149706798,7.250743875889707,113203,-142.14616351708418,5.245197398204194,22
14270,-70.98944173336493,2.6707547270330267,113212,-66.8889597803445,2.169628081691683,14
14271,82.74472806409999,12.619943426200944,113220,78.01149217232324,3.6022338347977136,6
14272,-54.03242013237401,-25.05158103679612,113228,-49.93530245157272,-0.19848027172185767,2
14273,-120.17285149916678,4.844690433606127,113231,-123.80894152337959,5.566802721935252,23
14274,667.4003773939797,-6.490777809566593,113236,586.0312761189704,-1.722944617346204,30
14275,666.8528890815325,15.590354849960343,113241,586.0312761189704,-1.722944617346204,30
14276,-117.19336443395451,5.8628778043951835,113254,-114.33047638704419,5.73481138949136,19
14277,-128.09708804251264,3.0508837786332563,113256,-129.1025175244067,1.5488809909733745,1
14278,-138.73728507325254,-2.4638136246568796,113263,-141.0346653257256,-1.1036168920026446,0
14279,-111.76491753997276,-0.8973450316972374,113285,-109.71624596876933,-1.0040630408538558,16
14280,-23.381212895430913,-4.727362252946608,113333,-29.714479793685786,-1.264748112657314,8
14281,-125.87030490524897,-0.34577349015506703,113335,-123.94204162798616,-1.5144507595891967,3
14282,-53.14256780964768,6.336140632485519,113348,-49.93530245157272,-0.19848027172185767,2
14283,-106.84566415851646,0.9663713503660953,113349,-109.71624596876933,-1.0040630408538558,16
14284,-100.00395433880192,2.4894811226020304,113366,-96.6939343764425,2.7165835152131033,15
14285,-98.9811764953164,0.989719108992233,113375,-96.6939343764425,2.7165835152131033,15
14286,184.11811468447502,10.248481226817418,113390,172.66355239880147,-2.7112682595768685,38
14287,145.0301330994345,-5.265365733227679,113398,135.4076551174278,-1.697351881935795,33
14288,-24.18224941253568,-7.565569547661705,113418,-29.714479793685786,-1.264748112657314,8
14289,-81.71775440833132,-1.4090789898404,113419,-77.6204452281073,-4.536559244831727,5
14290,-125.83833228698391,-1.5660130646564143,113424,-123.94204162798616,-1.5144507595891967,3
14291,-50.37549178508582,-5.310786738204966,113429,-49.93530245157272,-0.19848027172185767,2
14292,69.6320534869419,-1.408130404209875,113440,78.01149217232324,3.6022338347977136,6
14293,23.577494618062687,-2.521055823601787,113441,18.937510567705566,1.034768221250525,27
14294,-41.84317140382793,1.987365880182832,113442,-49.93530245157272,-0.19848027172185767,2
14295,171.87936043323631,-1.5043777732464303,113443,172.66355239880147,-2.7112682595768685,38
14296,-131.9129504802902,0.48566523370701986,113445,-129.1025175244067,1.5488809909733745,1
14297,105.59038116350669,-14.103413307134797,113449,104.96211155305676,-0.5414592591613776,31
14298,206.67117965825955,-26.328250221186124,113451,227.03647807555316,-5.020718083634986,26
14299,-41.541039120421054,-2.0399302414602065,113453,-49.93530245157272,-0.19848027172185767,2
14300,-120.24667062080914,5.440144951240827,113483,-123.80894152337959,5.566802721935252,23
14301,-118.04141142878231,0.9659512957129522,113486,-118.09857507912784,0.7103841694799473,11
14302,434.3331130515246,-13.556598953604182,113494,417.6915390220547,-4.11857226961515,29
14303,-65.86776881205576,1.1226685411874684,113495,-66.8889597803445,2.169628081691683,14
14304,-119.33175680491736,7.81955059676866,113497,-123.80894152337959,5.566802721935252,23
14305,-116.07674678511817,2.2863208816055756,113505,-118.09857507912784,0.7103841694799473,11
14306,-49.09129566677386,5.787665199680414,113514,-49.93530245157272,-0.19848027172185767,2
14307,-110.77009813988083,-1.7803541739608204,113518,-109.71624596876933,-1.0040630408538558,16
14308,-87.98514736142683,1.2617162999341267,113522,-85.91178621041317,3.2728237667350073,24
14309,28.065842294798365,5.691001206646549,113532,18.937510567705566,1.034768221250525,27
14310,19.063588842108743,4.559987170630501,113539,18.937510567705566,1.034768221250525,27
14311,35.04790647481882,6.212164843477442,113540,47.997068783449585,1.2679199422360634,13
14312,-126.08128611853704,1.721096682745371,113551,-129.1025175244067,1.5488809909733745,1
14313,-72.0095360105445,3.1021344643747315,113568,-66.8889597803445,2.169628081691683,14
14314,-113.6711153709298,-3.4814433891412175,113579,-109.71624596876933,-1.0040630408538558,16
14315,-136.39532055999197,-7.340202145287635,113589,-130.75996572568545,-6.6137591708523855,18
14316,-111.10778549404789,3.5612981588823427,113595,-114.33047638704419,5.73481138949136,19
14317,-84.97032557381955,1.4968147685984978,113601,-85.91178621041317,3.2728237667350073,24
14318,-50.88013156095144,2.1602901589871326,113606,-49.93530245157272,-0.19848027172185767,2
14319,-94.9377254017161,2.1658392470325043,113612,-96.6939343764425,2.7165835152131033,15
14320,3.731855048722695,-5.207603279397213,113613,-6.878718007946434,-1.0926682779646681,10
14321,-144.92672334730005,-0.954225466422255,113633,-148.09620948762597,-1.1157003398540595,36
14322,50.34969455027017,1.8908502617097573,113643,47.997068783449585,1.2679199422360634,13
14323,574.2579125703419,6.711868707530184,113648,586.0312761189704,-1.722944617346204,30
14324,-78.85831981726587,0.6821776033166395,113650,-77.6204452281073,-4.536559244831727,5
14325,-140.93390991262893,-1.2773490235885545,113662,-141.0346653257256,-1.1036168920026446,0
14326,351.1044479974528,1.1899760498876426,113664,302.44973475302317,-5.405747081354008,25
14327,71.53060284066557,0.3501041616221361,113670,78.01149217232324,3.6022338347977136,6
14328,-143.23718097831804,4.829985316651337,113675,-142.14616351708418,5.245197398204194,22
14329,-130.13957599020333,2.893940786036728,113694,-129.1025175244067,1.5488809909733745,1
14330,-70.85011506218399,1.1475897187722248,113695,-66.8889597803445,2.169628081691683,14
14331,147.28114320996542,6.580080782011962,113698,135.4076551174278,-1.697351881935795,33
14332,-63.70014110065382,-0.46697558597978056,113705,-66.8889597803445,2.169628081691683,14
14333,-142.99702662340337,1.1253863106222715,113719,-141.0346653257256,-1.1036168920026446,0
14334,-117.68096732993585,-2.8306714379892624,113723,-118.09857507912784,0.7103841694799473,11
14335,-111.03652181083785,1.4901469567249828,113728,-109.71624596876933,-1.0040630408538558,16
14336,28.47147128952324,-0.6400963212787947,113731,18.937510567705566,1.034768221250525,27
14337,-100.08244844762918,2.1779636138127283,113733,-96.6939343764425,2.7165835152131033,15
14338,-93.98839154237116,1.234013526334205,113737,-96.6939343764425,2.7165835152131033,15
14339,-97.90647558877579,0.39901572128028473,113739,-96.6939343764425,2.7165835152131033,15
14340,-94.63445838403362,-2.439982946265103,113747,-96.6939343764425,2.7165835152131033,15
14341,-109.20314471187532,4.640773721202459,113756,-104.7190727296112,3.8815952186994593,7
14342,300.62989872674035,-8.081549401389765,113759,302.44973475302317,-5.405747081354008,25
14343,-28.514412732225132,-2.9227169209090795,113763,-29.714479793685786,-1.264748112657314,8
14344,-103.5589592645549,-3.201259370131995,113783,-109.71624596876933,-1.0040630408538558,16
14345,-51.12901763966762,-8.663483628019547,113791,-49.93530245157272,-0.19848027172185767,2
14346,-121.65636268149322,-2.9310233153362306,113795,-123.94204162798616,-1.5144507595891967,3
14347,279.65566654392427,5.206976427789058,113801,302.44973475302317,-5.405747081354008,25
14348,-107.4260830910497,9.577682563998573,113805,-104.7190727296112,3.8815952186994593,7
14349,-76.20500669237745,5.240694649180326,113813,-66.8889597803445,2.169628081691683,14
14350,-76.05286091371336,3.4556789884840486,113833,-77.6204452281073,-4.536559244831727,5
14351,895.0376600396083,-22.12543205901429,113834,861.6475783799328,6.515082937232454,35
14352,-146.08159514119117,1.3603357394195572,113842,-146.59606179012786,4.113086925586259,4
14353,-73.98908542471953,1.5795757073308139,113848,-77.6204452281073,-4.536559244831727,5
14354,-91.0275222564049,1.6271209997466394,113849,-85.91178621041317,3.2728237667350073,24
14355,-123.17884426981357,3.8707364327175857,113853,-123.80894152337959,5.566802721935252,23
14356,-44.14764892080454,6.078651613924721,113859,-49.93530245157272,-0.19848027172185767,2
14357,-118.9725460408398,1.4705194914476671,113866,-118.09857507912784,0.7103841694799473,11
14358,371.00727404106857,17.360345100644032,113886,417.6915390220547,-4.11857226961515,29
14359,-23.50515578128531,-3.0523812717783807,113896,-29.714479793685786,-1.264748112657314,8
14360,-99.96773149946937,2.2121044561877463,113903,-96.6939343764425,2.7165835152131033,15
14361,-63.134663900453184,6.492364024129685,113913,-66.8889597803445,2.169628081691683,14
14362,-61.63768618455753,-2.3242393594511968,113921,-66.8889597803445,2.169628081691683,14
14363,-50.26703458280722,9.1066772651727,113932,-49.93530245157272,-0.19848027172185767,2
14364,-98.36652909166928,8.93033664326678,113936,-96.6939343764425,2.7165835152131033,15
14365,-133.9968891864172,1.7671640492857617,113944,-134.89656831690453,-0.030690791204986433,34
14366,365.9221191789815,-38.741929673613825,113946,417.6915390220547,-4.11857226961515,29
14367,20.622734124407952,12.209193689559868,113956,18.937510567705566,1.034768221250525,27
14368,-96.10006699951492,-11.592216250010097,113980,-95.36861679384212,-10.95784818293233,28
14369,-125.91038747572111,-1.018496401404927,113983,-123.94204162798616,-1.5144507595891967,3
14370,-107.91161027575353,-0.17460475261890018,113985,-109.71624596876933,-1.0040630408538558,16
14371,116.01349281556608,8.301451375890494,113989,104.96211155305676,-0.5414592591613776,31
14372,676.014724383067,27.970959540277025,113997,586.0312761189704,-1.722944617346204,30
14373,136.72524113573567,-1.2937156153489764,113999,135.4076551174278,-1.697351881935795,33
14374,-73.17602922262941,5.686048042401883,114005,-66.8889597803445,2.169628081691683,14
14375,253.44985242197544,-6.994652257867549,114017,227.03647807555316,-5.020718083634986,26
14376,-63.09892883114084,4.697419633956994,114020,-66.8889597803445,2.169628081691683,14
14377,-21.668667622821935,0.07260598104637846,114027,-29.714479793685786,-1.264748112657314,8
14378,-57.295297188049396,8.561079216374575,114030,-49.93530245157272,-0.19848027172185767,2
14379,-154.08320356854207,1.2877363014973289,114032,-152.23629829764135,4.213482038439798,37
14380,-127.99412794053102,0.261777430461056,114043,-129.1025175244067,1.5488809909733745,1
14381,1033.2954619677857,7.596559614741985,114060,861.6475783799328,6.515082937232454,35
14382,-109.37130090656453,8.332682873153537,114067,-114.33047638704419,5.73481138949136,19
14383,-139.01770285176326,0.07162369053453986,114068,-141.0346653257256,-1.1036168920026446,0
14384,298.92646621490894,-26.783225171092216,114071,302.44973475302317,-5.405747081354008,25
14385,794.4040457580497,-16.595011367130635,114078,861.6475783799328,6.515082937232454,35
14386,133.66794310433963,0.43047054079486957,114080,135.4076551174278,-1.697351881935795,33
14387,297.4413031699274,9.170848133121428,114082,302.44973475302317,-5.405747081354008,25
14388,57.30961420901818,3.3935835883313645,114085,47.997068783449585,1.2679199422360634,13
14389,-72.81097096045163,-0.7678594213677155,114090,-77.6204452281073,-4.536559244831727,5
14390,736.1525801675787,13.795848717816263,114116,861.6475783799328,6.515082937232454,35
14391,-49.81597546773498,1.2715611545125323,114117,-49.93530245157272,-0.19848027172185767,2
14392,-100.86947199412656,0.04986051563817303,114122,-96.6939343764425,2.7165835152131033,15
14393,-66.79919171490056,0.6175636338398884,114148,-66.8889597803445,2.169628081691683,14
14394,-33.64846257381961,-15.3176452730524,114150,-29.714479793685786,-1.264748112657314,8
14395,-49.928698043242534,2.1944497372730756,114152,-49.93530245157272,-0.19848027172185767,2
14396,3.5540244079831935,-1.8191355368324618,114153,-6.878718007946434,-1.0926682779646681,10
14397,-146.08365666770686,1.4070010934590371,114155,-146.59606179012786,4.113086925586259,4
14398,-138.20881936070998,4.268178452470703,114159,-137.57400940459857,4.493303950559668,20
14399,-91.16735439189934,4.7036231289657815,114165,-85.91178621041317,3.2728237667350073,24
14400,-118.77719539472615,-2.789751223521638,114167,-118.09857507912784,0.7103841694799473,11
14401,-88.69566846283493,-2.01670437746339,114172,-85.91178621041317,3.2728237667350073,24
14402,136.15162167489115,-21.26071300394182,114180,135.4076551174278,-1.697351881935795,33
14403,-100.91544344239982,1.5696133699737906,114188,-96.6939343764425,2.7165835152131033,15
14404,425.41765179292366,13.902638500014893,114189,417.6915390220547,-4.11857226961515,29
14405,33.07487579390854,5.571834911742333,114201,18.937510567705566,1.034768221250525,27
14406,-121.09344640449234,2.589315688935488,114248,-118.09857507912784,0.7103841694799473,11
14407,17.171356767590858,2.675820537936222,114275,18.937510567705566,1.034768221250525,27
14408,146.18548892628422,-21.322133246765652,114280,135.4076551174278,-1.697351881935795,33
14409,-125.91677278617657,-0.8710209962216379,114307,-123.94204162798616,-1.5144507595891967,3
14410,-86.86998409094002,1.8350925781633731,114313,-85.91178621041317,3.2728237667350073,24
14411,-100.92627728729661,0.78573363601689,114314,-96.6939343764425,2.7165835152131033,15
14412,-42.07200789028341,-10.276652475626282,114334,-49.93530245157272,-0.19848027172185767,2
14413,-113.13549022162191,3.097994437189881,114342,-114.33047638704419,5.73481138949136,19
14414,336.3396698316943,-60.04928818516327,114346,302.44973475302317,-5.405747081354008,25
14415,-133.22109634786787,5.1599788304303456,114351,-132.1080396739421,5.887059356646324,17
14416,-70.02101677484303,3.8821347908683737,114354,-66.8889597803445,2.169628081691683,14
14417,-130.01198769911827,2.1674599869566364,114366,-129.1025175244067,1.5488809909733745,1
14418,-21.704897650627007,-0.1691729380054307,114370,-29.714479793685786,-1.264748112657314,8
14419,500.0154331062205,7.701297161895837,114375,417.6915390220547,-4.11857226961515,29
14420,237.40528243408994,-35.75415052553493,114378,227.03647807555316,-5.020718083634986,26
14421,-109.70705979957556,-3.152464319718419,114388,-109.71624596876933,-1.0040630408538558,16
14422,-41.25034986870662,7.875101371368698,114391,-49.93530245157272,-0.19848027172185767,2
14423,-86.71831307676683,-1.4843326702881863,114392,-85.91178621041317,3.2728237667350073,24
14424,74.36496558547626,2.99034835820489,114397,78.01149217232324,3.6022338347977136,6
14425,168.6043985401209,2.4127985212612306,114412,172.66355239880147,-2.7112682595768685,38
14426,-102.30865787376999,7.096448603293753,114426,-104.7190727296112,3.8815952186994593,7
14427,-87.30190004788378,7.709825861605342,114429,-85.91178621041317,3.2728237667350073,24
14428,-23.078543004689624,5.416297820742225,114431,-29.714479793685786,-1.264748112657314,8
14429,-120.87032879530436,-0.7801901629059561,114433,-118.09857507912784,0.7103841694799473,11
14430,-114.53997854114179,-4.320889594993281,114443,-109.71624596876933,-1.0040630408538558,16
14431,-146.2098908124599,4.178187746800439,114444,-146.59606179012786,4.113086925586259,4
14432,-66.58022440803605,-3.1525444918274226,114450,-66.8889597803445,2.169628081691683,14
14433,390.87190712747116,5.932843102629225,114457,417.6915390220547,-4.11857226961515,29
14434,-132.01829483117464,0.7231076754179934,114458,-134.89656831690453,-0.030690791204986433,34
14435,-6.78915080428441,1.9173213671058256,114460,-6.878718007946434,-1.0926682779646681,10
14436,-131.26569532530627,6.168903760200347,114463,-132.1080396739421,5.887059356646324,17
14437,40.068007482347134,-23.620705029841055,114475,28.39696760572947,-22.91072472808294,12
14438,-44.954886495395364,2.851047522843911,114478,-49.93530245157272,-0.19848027172185767,2
14439,50.48955528431325,-0.1413553881744407,114486,47.997068783449585,1.2679199422360634,13
14440,42.00860827321856,-8.575743987282785,114489,47.997068783449585,1.2679199422360634,13
14441,-136.8621971738708,-1.2247545453881026,114490,-134.89656831690453,-0.030690791204986433,34
14442,145.44504026221648,-10.761681323644911,114494,135.4076551174278,-1.697351881935795,33
14443,-93.24098935983193,6.7718143313147605,114495,-96.6939343764425,2.7165835152131033,15
14444,-111.88275670601467,0.14345522878716663,114497,-109.71624596876933,-1.0040630408538558,16
14445,35.53127870427678,-1.3085734823143094,114507,47.997068783449585,1.2679199422360634,13
14446,-118.00356683015758,2.188352747987069,114508,-118.09857507912784,0.7103841694799473,11
14447,-89.04668341495129,4.1283977567656365,114516,-85.91178621041317,3.2728237667350073,24
14448,-62.5714840861569,-2.76778080490369,114526,-66.8889597803445,2.169628081691683,14
14449,-27.239386669936618,8.873999907844802,114528,-29.714479793685786,-1.264748112657314,8
14450,-86.30020826166368,7.675194330988862,114533,-85.91178621041317,3.2728237667350073,24
14451,520.9479642906233,23.745940089717344,114541,586.0312761189704,-1.722944617346204,30
14452,-128.96789527703655,-0.8348697616244739,114550,-129.1025175244067,1.5488809909733745,1
14453,-58.122898361845664,-9.43165615156518,114555,-49.93530245157272,-0.19848027172185767,2
14454,34.7307222160378,-4.670274749145375,114563,47.997068783449585,1.2679199422360634,13
14455,130.7586382594703,-1.6127031652922394,114564,135.4076551174278,-1.697351881935795,33
14456,12.202617777890405,3.446389226530432,114573,18.937510567705566,1.034768221250525,27
14457,-133.0075289307,0.980738146376743,114583,-134.89656831690453,-0.030690791204986433,34
14458,-40.50210386793277,-2.8809133862985123,114597,-49.93530245157272,-0.19848027172185767,2
14459,-143.05200147137813,0.7696424869347844,114614,-141.0346653257256,-1.1036168920026446,0
14460,-102.17444899076371,4.659391710565882,114621,-104.7190727296112,3.8815952186994593,7
14461,-66.28176962556603,8.636059938904681,114624,-66.8889597803445,2.169628081691683,14
14462,163.38728602409273,-9.193709267855418,114627,172.66355239880147,-2.7112682595768685,38
14463,-74.01907730201347,2.2391703675999484,114629,-66.8889597803445,2.169628081691683,14
14464,180.7216223325353,1.0736618531674353,114634,172.66355239880147,-2.7112682595768685,38
14465,-124.15680505099746,-11.859655498089284,114636,-130.75996572568545,-6.6137591708523855,18
14466,-68.45058333921612,11.285532318501328,114645,-66.8889597803445,2.169628081691683,14
14467,567.9445796788166,25.626677694444577,114657,586.0312761189704,-1.722944617346204,30
14468,-130.0369322656991,2.178712099999984,114663,-129.1025175244067,1.5488809909733745,1
14469,121.99967820744085,8.718716859167001,114675,135.4076551174278,-1.697351881935795,33
14470,-81.80075521714242,-1.131606143165633,114680,-77.6204452281073,-4.536559244831727,5
14471,-125.21328119431553,-10.63049177451623,114694,-130.75996572568545,-6.6137591708523855,18
14472,20.618907141914733,-17.686917976412957,114709,28.39696760572947,-22.91072472808294,12
14473,-153.31618943046865,6.363959890530725,114710,-152.23629829764135,4.213482038439798,37
14474,607.617365789324,-25.944991500871968,114711,586.0312761189704,-1.722944617346204,30
14475,-48.243193345771395,7.595709071950166,114713,-49.93530245157272,-0.19848027172185767,2
14476,-78.36095751454799,9.13047962834781,114719,-85.91178621041317,3.2728237667350073,24
14477,-64.3438855590461,-6.2291315722506,114735,-66.8889597803445,2.169628081691683,14
14478,-77.94597506033674,2.6242751808598794,114736,-77.6204452281073,-4.536559244831727,5
14479,-145.04935049825082,1.2082238511077756,114757,-146.59606179012786,4.113086925586259,4
14480,-127.0279413019959,0.5165792899713438,114762,-129.1025175244067,1.5488809909733745,1
14481,-41.51380835409166,13.134140920154596,114779,-49.93530245157272,-0.19848027172185767,2
14482,-57.780483725248786,0.8930704123356473,114802,-49.93530245157272,-0.19848027172185767,2
14483,255.08834668783658,-30.549909367624306,114811,227.03647807555316,-5.020718083634986,26
14484,-119.50282790550622,-5.2173012543420505,114812,-123.94204162798616,-1.5144507595891967,3
14485,-111.039853998693,1.5402865733293958,114814,-109.71624596876933,-1.0040630408538558,16
14486,-49.16955503759082,7.496803134522278,114819,-49.93530245157272,-0.19848027172185767,2
14487,-84.03088422734429,2.322412421831208,114823,-85.91178621041317,3.2728237667350073,24
14488,245.46962436980115,21.901066220899548,114837,227.03647807555316,-5.020718083634986,26
14489,252.05260400076529,-1.9164482663156215,114844,227.03647807555316,-5.020718083634986,26
14490,-0.7082378860582129,1.2771578078663166,114847,-6.878718007946434,-1.0926682779646681,10
14491,-31.550102379528536,-2.1875103608567095,114864,-29.714479793685786,-1.264748112657314,8
14492,-100.82658537253506,0.1377745735839639,114875,-96.6939343764425,2.7165835152131033,15
14493,-143.94220127131558,-1.6499954880385581,114879,-141.0346653257256,-1.1036168920026446,0
14494,-97.19117856614204,5.6185547440176755,114882,-96.6939343764425,2.7165835152131033,15
14495,186.6094384447862,-11.61505471226937,114883,172.66355239880147,-2.7112682595768685,38
14496,-72.80575493600443,1.1909812880174593,114910,-66.8889597803445,2.169628081691683,14
14497,163.0731910848119,-19.098862269588654,114918,172.66355239880147,-2.7112682595768685,38
14498,-43.38462921360961,-5.4935715713335895,114928,-49.93530245157272,-0.19848027172185767,2
14499,-122.3148814691444,6.883070144086078,114936,-123.80894152337959,5.566802721935252,23
14500,11.618074479789138,12.671271691257934,114945,18.937510567705566,1.034768221250525,27
14501,-77.18083325291244,6.2477454539939865,114980,-85.91178621041317,3.2728237667350073,24
14502,-145.0005727173093,0.6422604200301655,114986,-148.09620948762597,-1.1157003398540595,36
14503,-141.1768610992997,4.043240486761091,114999,-142.14616351708418,5.245197398204194,22
14504,-106.10713090645395,4.6627013052417,115014,-104.7190727296112,3.8815952186994593,7
14505,-104.05804189059423,3.1200720129473942,115015,-104.7190727296112,3.8815952186994593,7
14506,-103.58401854704391,-3.68718597977959,115022,-109.71624596876933,-1.0040630408538558,16
14507,-108.60327058069416,-4.37927359619981,115023,-109.71624596876933,-1.0040630408538558,16
14508,-143.07586556645387,1.2942742308887747,115028,-141.0346653257256,-1.1036168920026446,0
14509,-126.09874900498028,2.5895054933425428,115035,-129.1025175244067,1.5488809909733745,1
14510,-137.28952854243138,6.582631932840724,115042,-137.57400940459857,4.493303950559668,20
14511,154.13808065256478,-5.947914845401181,115047,172.66355239880147,-2.7112682595768685,38
14512,-141.88967932762583,-1.7436417082827553,115060,-141.0346653257256,-1.1036168920026446,0
14513,-51.29523346852804,8.68895318786371,115064,-49.93530245157272,-0.19848027172185767,2
14514,-6.24580908137514,-5.342679146420384,115071,-6.878718007946434,-1.0926682779646681,10
14515,-85.12430709224493,5.898653487580203,115073,-85.91178621041317,3.2728237667350073,24
14516,-135.20562244935277,5.312383554167816,115077,-137.57400940459857,4.493303950559668,20
14517,-106.83594979774622,-0.7861989660619539,115078,-109.71624596876933,-1.0040630408538558,16
14518,-140.9522771954435,-0.8776926818046424,115095,-141.0346653257256,-1.1036168920026446,0
14519,-149.99623506004022,-0.5803284662539798,115096,-148.09620948762597,-1.1157003398540595,36
14520,-141.0799005634575,2.945502100321087,115102,-142.14616351708418,5.245197398204194,22
14521,-146.06783480253213,1.6011423990932967,115105,-146.59606179012786,4.113086925586259,4
14522,-80.16159389820565,5.786548822244684,115114,-85.91178621041317,3.2728237667350073,24
14523,-136.06091494717896,1.0901773462614333,115116,-134.89656831690453,-0.030690791204986433,34
14524,-58.005856492443876,4.264167530029383,115130,-66.8889597803445,2.169628081691683,14
14525,-142.17985715254073,4.096153824832015,115133,-142.14616351708418,5.245197398204194,22
14526,-65.97575830170227,3.9930572009022782,115134,-66.8889597803445,2.169628081691683,14
14527,-110.19982909472418,5.585379023405204,115137,-114.33047638704419,5.73481138949136,19
14528,44.696649014435145,-2.7243774145312574,115139,47.997068783449585,1.2679199422360634,13
14529,-110.88636798070178,0.25510923954624415,115146,-109.71624596876933,-1.0040630408538558,16
14530,-68.88153459447281,1.8749819124234919,115175,-66.8889597803445,2.169628081691683,14
14531,-12.770926126472048,2.4461037427610184,115204,-6.878718007946434,-1.0926682779646681,10
14532,-125.28210819708447,6.112107140180983,115207,-123.80894152337959,5.566802721935252,23
14533,-136.08718972755102,2.6966558325566274,115216,-137.57400940459857,4.493303950559668,20
14534,-122.78665493369975,-2.641072049256001,115219,-123.94204162798616,-1.5144507595891967,3
14535,-153.0140491592025,-0.22963492049801187,115222,-152.23629829764135,4.213482038439798,37
14536,-83.90582216811957,2.168949389486362,115223,-85.91178621041317,3.2728237667350073,24
14537,-153.29442060225355,5.922877670543595,115227,-152.23629829764135,4.213482038439798,37
14538,-58.23986023205042,7.859819782918251,115230,-66.8889597803445,2.169628081691683,14
14539,-23.514869481574408,-3.330375417001434,115233,-29.714479793685786,-1.264748112657314,8
14540,-16.480564452252278,-17.165674750937185,115241,-6.878718007946434,-1.0926682779646681,10
14541,-20.841304893360682,1.8139646380478154,115244,-29.714479793685786,-1.264748112657314,8
14542,-22.825802545116044,2.4554686925823064,115262,-29.714479793685786,-1.264748112657314,8
14543,-63.80503484683888,0.7978739366702366,115265,-66.8889597803445,2.169628081691683,14
14544,86.96937700477636,8.796309547922021,115266,78.01149217232324,3.6022338347977136,6
14545,-51.84665504884718,0.8888846283775695,115268,-49.93530245157272,-0.19848027172185767,2
14546,-147.17351570533035,4.399910215613845,115296,-146.59606179012786,4.113086925586259,4
14547,-123.07545810950887,2.6434519215591443,115307,-123.80894152337959,5.566802721935252,23
14548,-151.10483238114716,1.790351708654292,115315,-152.23629829764135,4.213482038439798,37
14549,-115.01260194310174,1.9087825970754269,115323,-118.09857507912784,0.7103841694799473,11
14550,-144.04342315547657,1.084955345828332,115337,-141.0346653257256,-1.1036168920026446,0
14551,-21.173336403946944,-7.183183374650162,115351,-29.714479793685786,-1.264748112657314,8
14552,-150.326501867362,6.6767283885022914,115354,-152.23629829764135,4.213482038439798,37
14553,-130.71829513582495,-2.732704907423549,115370,-130.75996572568545,-6.6137591708523855,18
14554,-146.71158120566275,-4.703359532345584,115372,-148.09620948762597,-1.1157003398540595,36
14555,-94.13368502448496,-25.05349699955177,115374,-95.36861679384212,-10.95784818293233,28
14556,-121.17039309455677,4.243480156338911,115382,-123.80894152337959,5.566802721935252,23
14557,41.78333497023141,-4.660408784477508,115390,47.997068783449585,1.2679199422360634,13
14558,804.2408222448412,-28.096695097945865,115423,861.6475783799328,6.515082937232454,35
14559,-143.18053244797295,3.608008664588299,115424,-142.14616351708418,5.245197398204194,22
14560,-147.3304703070363,6.784159804026416,115443,-146.59606179012786,4.113086925586259,4
14561,-39.35936007699866,-4.967903969862482,115486,-29.714479793685786,-1.264748112657314,8
14562,2063.477355019712,97.80965319794073,115495,1342.5649032771717,32.04824045393157,32
14563,-141.67676803473364,-4.347972109373674,115501,-141.0346653257256,-1.1036168920026446,0
14564,-110.2789542958665,6.809805449146139,115519,-114.33047638704419,5.73481138949136,19
14565,-139.48297164589258,-7.0193421185531975,115522,-141.0346653257256,-1.1036168920026446,0
14566,253.94850287086737,15.130699141967197,115527,227.03647807555316,-5.020718083634986,26
14567,269.50825803779,-7.490640693738797,115529,302.44973475302317,-5.405747081354008,25
14568,-139.05802007005417,0.957869513413526,115538,-141.0346653257256,-1.1036168920026446,0
14569,-103.43475125183696,9.81674968137808,115542,-104.7190727296112,3.8815952186994593,7
14570,202.91999574552585,-15.577157646298867,115546,227.03647807555316,-5.020718083634986,26
14571,68.34072683580816,2.907540630760293,115548,78.01149217232324,3.6022338347977136,6
14572,-7.239756947318607,-5.498261746765185,115551,-6.878718007946434,-1.0926682779646681,10
14573,-40.76843642119389,0.9019275096681436,115566,-49.93530245157272,-0.19848027172185767,2
14574,-91.67636757946886,-3.0061567533398885,115584,-96.6939343764425,2.7165835152131033,15
14575,109.41736470087304,2.9574950345630224,115592,104.96211155305676,-0.5414592591613776,31
14576,-140.34994742272693,7.351405142396177,115601,-142.14616351708418,5.245197398204194,22
14577,-155.18715574813544,3.5117630579521144,115603,-152.23629829764135,4.213482038439798,37
14578,-91.19373205424104,6.286177090532834,115606,-85.91178621041317,3.2728237667350073,24
14579,-152.32237536587107,6.548724927176181,115615,-152.23629829764135,4.213482038439798,37
14580,178.78505526224617,13.856521540218582,115619,172.66355239880147,-2.7112682595768685,38
14581,307.68562815322497,-8.686690026590293,115627,302.44973475302317,-5.405747081354008,25
14582,-35.09865464983317,5.6566364779036915,115635,-29.714479793685786,-1.264748112657314,8
14583,-104.32238616009813,7.845037849823282,115637,-104.7190727296112,3.8815952186994593,7
14584,-137.20107957794352,5.166003765411796,115639,-137.57400940459857,4.493303950559668,20
14585,-82.14794286937332,5.959263370407986,115643,-85.91178621041317,3.2728237667350073,24
14586,5.940224702382739,6.534677266415738,115645,18.937510567705566,1.034768221250525,27
14587,-141.9747298170201,0.11045562619037294,115650,-141.0346653257256,-1.1036168920026446,0
14588,-133.10705032754896,3.1831412760684246,115653,-132.1080396739421,5.887059356646324,17
14589,-92.88724683952142,0.5841708290651468,115655,-96.6939343764425,2.7165835152131033,15
14590,-77.84922386590158,-0.5136609255953383,115660,-77.6204452281073,-4.536559244831727,5
14591,-135.0165895092024,0.11588309067904909,115663,-134.89656831690453,-0.030690791204986433,34
14592,-109.0591098586862,3.532636159961727,115673,-104.7190727296112,3.8815952186994593,7
14593,-28.970094065392843,4.4979658487477865,115677,-29.714479793685786,-1.264748112657314,8
14594,-110.00186517101405,0.23540323249764467,115685,-109.71624596876933,-1.0040630408538558,16
14595,267.0624503479004,-15.552193162329715,115706,302.44973475302317,-5.405747081354008,25
14596,139.57161461928865,1.618410942060609,115721,135.4076551174278,-1.697351881935795,33
14597,-84.54041737745038,-4.848197496369942,115724,-77.6204452281073,-4.536559244831727,5
14598,484.7441176950911,-3.396269353318135,115727,417.6915390220547,-4.11857226961515,29
14599,-130.20747756753877,5.444209964470865,115754,-132.1080396739421,5.887059356646324,17
14600,-127.1322047728439,3.320170400700095,115763,-129.1025175244067,1.5488809909733745,1
14601,-20.859075171442996,2.707314636456498,115765,-29.714479793685786,-1.264748112657314,8
14602,-21.549021484101196,-16.262747350079415,115766,-29.714479793685786,-1.264748112657314,8
14603,130.35640565392933,-24.30835463953939,115786,110.19899446847099,-35.665903512662624,21
14604,325.4463423644942,-18.883925302278588,115791,302.44973475302317,-5.405747081354008,25
14605,-91.27763216597201,6.587680691383163,115800,-85.91178621041317,3.2728237667350073,24
14606,16.652079799852828,-3.2387658126231655,115802,18.937510567705566,1.034768221250525,27
14607,-77.09869594085856,4.447080374485485,115803,-85.91178621041317,3.2728237667350073,24
14608,212.477546448883,-8.807852540921427,115812,227.03647807555316,-5.020718083634986,26
14609,-120.2975187094624,6.542597973054052,115820,-123.80894152337959,5.566802721935252,23
14610,-93.99170913987055,1.8164563780872345,115830,-96.6939343764425,2.7165835152131033,15
14611,-115.10894156342354,2.49975011874484,115837,-114.33047638704419,5.73481138949136,19
14612,6.443533593171338,-0.375574816826344,115849,18.937510567705566,1.034768221250525,27
14613,-116.15149469945737,3.4010105124400214,115856,-114.33047638704419,5.73481138949136,19
14614,-107.80345848147994,0.019954421284462124,115861,-109.71624596876933,-1.0040630408538558,16
14615,96.83013169594292,-3.75882916818246,115875,104.96211155305676,-0.5414592591613776,31
14616,-136.03727270963554,1.6019954632569144,115876,-134.89656831690453,-0.030690791204986433,34
14617,-144.09274478592567,3.175148638227495,115886,-146.59606179012786,4.113086925586259,4
14618,-78.86678213566222,0.8706150618482164,115893,-77.6204452281073,-4.536559244831727,5
14619,-129.261218982324,6.106028898548326,115894,-132.1080396739421,5.887059356646324,17
14620,57.21830672505256,3.8585971346833663,115910,47.997068783449585,1.2679199422360634,13
14621,-145.01258195820805,0.8903425053591016,115911,-146.59606179012786,4.113086925586259,4
14622,-140.0053040298391,1.849984413420367,115934,-141.0346653257256,-1.1036168920026446,0
14623,63.14652421237591,5.53931849655492,115940,78.01149217232324,3.6022338347977136,6
14624,-110.41793838572626,9.34548239695484,115948,-114.33047638704419,5.73481138949136,19
14625,249.08193537178767,13.158535298262105,115958,227.03647807555316,-5.020718083634986,26
14626,-95.41043508579182,-7.346717912525416,115962,-95.36861679384212,-10.95784818293233,28
14627,-54.40431530773118,11.012521006164656,115966,-49.93530245157272,-0.19848027172185767,2
14628,398.9525626818746,-9.40326583527864,115970,417.6915390220547,-4.11857226961515,29
14629,-132.09792117685197,2.987973981990265,115971,-132.1080396739421,5.887059356646324,17
14630,-110.2220279826611,5.579140898154428,115992,-114.33047638704419,5.73481138949136,19
14631,-105.52383033516834,-6.063237529680258,116007,-109.71624596876933,-1.0040630408538558,16
14632,-59.98316918267847,2.1943094771625766,116011,-66.8889597803445,2.169628081691683,14
14633,135.3060435980839,-8.907538363053355,116022,135.4076551174278,-1.697351881935795,33
14634,-93.21369053262538,-9.062428148481283,116039,-95.36861679384212,-10.95784818293233,28
14635,-96.82656744544306,-14.524519254025925,116041,-95.36861679384212,-10.95784818293233,28
14636,-66.34889454249792,9.095955696179669,116047,-66.8889597803445,2.169628081691683,14
14637,719.4427043941045,-33.94359623041422,116051,586.0312761189704,-1.722944617346204,30
14638,-126.04788750438374,0.958910144473851,116052,-129.1025175244067,1.5488809909733745,1
14639,-132.36683174640092,7.854069043586386,116071,-132.1080396739421,5.887059356646324,17
14640,-105.770215784967,-1.686845203420759,116093,-109.71624596876933,-1.0040630408538558,16
14641,-101.87735371347898,0.723736922952763,116126,-104.7190727296112,3.8815952186994593,7
14642,-114.28045099070641,6.781400851633415,116137,-114.33047638704419,5.73481138949136,19
14643,-117.82850598187005,-1.1377936415734078,116138,-118.09857507912784,0.7103841694799473,11
14644,-97.23995319043665,5.668038750247412,116155,-96.6939343764425,2.7165835152131033,15
14645,-67.14910220398079,5.725462873293687,116173,-66.8889597803445,2.169628081691683,14
14646,-114.21899360968351,4.917002806087923,116175,-114.33047638704419,5.73481138949136,19
14647,-128.11207426972416,4.395916116269214,116179,-129.1025175244067,1.5488809909733745,1
14648,-33.31221229294146,9.852878770630392,116192,-29.714479793685786,-1.264748112657314,8
14649,-119.97706788513482,2.0769770479913485,116194,-118.09857507912784,0.7103841694799473,11
14650,76.1928697825407,5.758662769055394,116195,78.01149217232324,3.6022338347977136,6
14651,-7.994634857607004,4.857985772435859,116200,-6.878718007946434,-1.0926682779646681,10
14652,350.78034783486,-8.499439528475115,116204,302.44973475302317,-5.405747081354008,25
14653,-57.47495050383097,-3.761103726223793,116206,-49.93530245157272,-0.19848027172185767,2
14654,-73.46072763461926,10.919083275106821,116210,-66.8889597803445,2.169628081691683,14
14655,225.49072697889397,-23.08525438920313,116212,227.03647807555316,-5.020718083634986,26
14656,-68.80799443372389,0.26872856011475843,116220,-66.8889597803445,2.169628081691683,14
14657,-108.78812524145886,-1.364748393128415,116236,-109.71624596876933,-1.0040630408538558,16
14658,-126.03956738285919,1.8165440667586252,116237,-129.1025175244067,1.5488809909733745,1
14659,-9.128291903734736,-8.493382351924442,116238,-6.878718007946434,-1.0926682779646681,10
14660,-109.54503613366674,-5.662279448914876,116239,-109.71624596876933,-1.0040630408538558,16
14661,-32.40303243824523,-4.920985850421683,116245,-29.714479793685786,-1.264748112657314,8
14662,-134.21864213216494,4.567904794830461,116247,-132.1080396739421,5.887059356646324,17
14663,-149.05841730133355,1.8076007973453918,116249,-148.09620948762597,-1.1157003398540595,36
14664,-100.75971215073133,-15.545833574363593,116251,-95.36861679384212,-10.95784818293233,28
14665,20.81195647696179,-20.38289725238579,116263,28.39696760572947,-22.91072472808294,12
14666,2.1449184733625306,3.5051261088487866,116270,-6.878718007946434,-1.0926682779646681,10
14667,31.95606655502027,-22.32075570894839,116273,28.39696760572947,-22.91072472808294,12
14668,-63.978657343382075,3.5877913671640673,116276,-66.8889597803445,2.169628081691683,14
14669,-45.228649034931784,-6.889813618621994,116286,-49.93530245157272,-0.19848027172185767,2
14670,-22.863887117916118,2.774875361248278,116288,-29.714479793685786,-1.264748112657314,8
14671,67.36353531097986,-12.326561660588442,116291,70.166569844569,-14.692630117552799,9
14672,230.8227813931681,15.969839115259854,116313,227.03647807555316,-5.020718083634986,26
14673,207.30874209140808,-20.94744340488635,116317,227.03647807555316,-5.020718083634986,26
14674,54.509874818220325,-1.0347647222351175,116320,47.997068783449585,1.2679199422360634,13
14675,-129.37494678464518,8.1007392115268,116322,-132.1080396739421,5.887059356646324,17
14676,-86.811173817602,0.042207603053388026,116339,-85.91178621041317,3.2728237667350073,24
14677,-53.14238247506842,-24.171161672903523,116340,-49.93530245157272,-0.19848027172185767,2
14678,187.1038717468158,10.62466347573334,116342,172.66355239880147,-2.7112682595768685,38
14679,-108.14924213538467,3.478991207587681,116373,-104.7190727296112,3.8815952186994593,7
14680,52.47649163188551,0.6930981761391941,116377,47.997068783449585,1.2679199422360634,13
14681,-123.69593447942984,-3.614744881250961,116391,-123.94204162798616,-1.5144507595891967,3
14682,-117.61197520317586,-4.339190857023824,116407,-118.09857507912784,0.7103841694799473,11
14683,830.644370152224,-4.485378754757294,116422,861.6475783799328,6.515082937232454,35
14684,-50.414624619878936,-4.959762251774297,116433,-49.93530245157272,-0.19848027172185767,2
14685,-128.27324499796308,6.3804090186726565,116448,-132.1080396739421,5.887059356646324,17
14686,-100.77660852987394,-1.47720322164551,116456,-96.6939343764425,2.7165835152131033,15
14687,73.1657439872544,5.811379932590649,116464,78.01149217232324,3.6022338347977136,6
14688,-153.3176930835363,6.41934193121018,116470,-152.23629829764135,4.213482038439798,37
14689,-110.67790363707681,-3.8062521711384374,116489,-109.71624596876933,-1.0040630408538558,16
14690,292.8632267689411,2.9198238051271033,116513,302.44973475302317,-5.405747081354008,25
14691,-79.00604187266184,2.891051927105287,116524,-85.91178621041317,3.2728237667350073,24
14692,-61.12894468538705,-8.849497747392377,116533,-66.8889597803445,2.169628081691683,14
14693,-113.22237939966006,-24.446549175432732,116538,-115.69510858146283,-11.595084171039186,39
14694,-62.03330870749928,4.813937735555973,116550,-66.8889597803445,2.169628081691683,14
14695,-62.63916277109103,-1.2817296242703597,116568,-66.8889597803445,2.169628081691683,14
14696,48.18380499025977,4.973776869072153,116576,47.997068783449585,1.2679199422360634,13
14697,57.43904753052214,1.5863220120087418,116578,47.997068783449585,1.2679199422360634,13
14698,-123.19368124049522,4.188396545448452,116580,-123.80894152337959,5.566802721935252,23
14699,14.716104451673496,11.584963408347837,116586,18.937510567705566,1.034768221250525,27
14700,-46.13763619427125,-8.387307716864074,116595,-49.93530245157272,-0.19848027172185767,2
14701,-38.61327231338443,-1.9473949204669319,116604,-29.714479793685786,-1.264748112657314,8
14702,-128.94042190897488,0.10952404735404633,116606,-129.1025175244067,1.5488809909733745,1
14703,-104.21272574301335,6.494371504965621,116607,-104.7190727296112,3.8815952186994593,7
14704,-103.71633110420478,-1.8171494110790476,116618,-104.7190727296112,3.8815952186994593,7
14705,-76.74985428682069,-1.6531231124226167,116620,-77.6204452281073,-4.536559244831727,5
14706,2.482083785824564,-1.3098466179456731,116635,-6.878718007946434,-1.0926682779646681,10
14707,25.581918071293963,-2.071504194016245,116637,18.937510567705566,1.034768221250525,27
14708,-114.04822229956442,1.683049347208754,116639,-114.33047638704419,5.73481138949136,19
14709,-10.282823830941762,-5.127851206112589,116648,-6.878718007946434,-1.0926682779646681,10
14710,-131.0676460765785,2.8554768060826556,116650,-129.1025175244067,1.5488809909733745,1
14711,-86.5242084582349,-4.71919380810308,116660,-85.91178621041317,3.2728237667350073,24
14712,-115.2589153580654,-8.967675267067703,116664,-115.69510858146283,-11.595084171039186,39
14713,-44.506388805685035,-4.385966460943684,116681,-49.93530245157272,-0.19848027172185767,2
14714,129.61233783247613,1.065821329393623,116688,135.4076551174278,-1.697351881935795,33
14715,-22.209798818966632,8.825812365265746,116690,-29.714479793685786,-1.264748112657314,8
14716,-115.82829285881982,-1.106255717669816,116691,-118.09857507912784,0.7103841694799473,11
14717,-94.9698796598896,2.3523610777856288,116694,-96.6939343764425,2.7165835152131033,15
14718,46.07793978308384,-23.220462769686147,116695,28.39696760572947,-22.91072472808294,12
14719,-152.0453179822056,0.4811694001991842,116701,-152.23629829764135,4.213482038439798,37
14720,34.32308156833849,2.211830534726554,116702,47.997068783449585,1.2679199422360634,13
14721,-96.1519224897739,5.793503156567877,116707,-96.6939343764425,2.7165835152131033,15
14722,-115.85781270763785,-0.46373678416771064,116722,-118.09857507912784,0.7103841694799473,11
14723,-96.85939288211287,-0.11072995082850844,116729,-96.6939343764425,2.7165835152131033,15
14724,-135.20386706470197,4.244840178486448,116730,-137.57400940459857,4.493303950559668,20
14725,35.19229671148962,3.5434123556734103,116733,47.997068783449585,1.2679199422360634,13
14726,24.187883404696056,-11.259735988666305,116744,28.39696760572947,-22.91072472808294,12
14727,499.75524830007515,11.34770772103895,116768,417.6915390220547,-4.11857226961515,29
14728,-110.99787706562549,2.1869982912304238,116780,-109.71624596876933,-1.0040630408538558,16
14729,-106.82099463596163,-1.64028563033902,116786,-109.71624596876933,-1.0040630408538558,16
14730,-121.26052422216642,5.710319666188356,116791,-123.80894152337959,5.566802721935252,23
14731,-121.57938888753401,-5.630280264390401,116794,-123.94204162798616,-1.5144507595891967,3
14732,-148.2473286425336,4.961951820727798,116805,-146.59606179012786,4.113086925586259,4
14733,-65.88280790140813,1.9625605279805485,116812,-66.8889597803445,2.169628081691683,14
14734,-6.176940544199992,-6.865113694346506,116818,-6.878718007946434,-1.0926682779646681,10
14735,-139.1300534616281,2.546568642315427,116819,-137.57400940459857,4.493303950559668,20
14736,-147.78813568439378,-4.063831372603861,116829,-148.09620948762597,-1.1157003398540595,36
14737,7.389735844734552,-14.433535011085509,116830,18.937510567705566,1.034768221250525,27
14738,39.05383087565342,6.134303954184564,116831,47.997068783449585,1.2679199422360634,13
14739,-82.3630261431275,8.638084679460336,116835,-85.91178621041317,3.2728237667350073,24
14740,-147.0065867874495,-0.2708926623029601,116836,-148.09620948762597,-1.1157003398540595,36
14741,26.298184916867005,1.5912474333156474,116841,18.937510567705566,1.034768221250525,27
14742,115.37464157504127,-11.256674289829713,116843,104.96211155305676,-0.5414592591613776,31
14743,92.63036899128592,-0.46943846643026027,116851,104.96211155305676,-0.5414592591613776,31
14744,831.9330690368437,20.213700042389583,116854,861.6475783799328,6.515082937232454,35
14745,-86.76402932711633,-0.47940906941119854,116858,-85.91178621041317,3.2728237667350073,24
14746,-139.6586478138269,-4.699293266138495,116860,-141.0346653257256,-1.1036168920026446,0
14747,-89.89806003014719,1.893164467609883,116870,-85.91178621041317,3.2728237667350073,24
14748,197.69204775148046,17.23614622671678,116871,172.66355239880147,-2.7112682595768685,38
14749,-106.39244200724013,-21.637031722777117,116879,-115.69510858146283,-11.595084171039186,39
14750,176.96556861426373,12.440835347088859,116884,172.66355239880147,-2.7112682595768685,38
14751,5.03808361401782,-9.322312177026477,116892,-6.878718007946434,-1.0926682779646681,10
14752,-118.21371611373614,4.732807598157574,116899,-114.33047638704419,5.73481138949136,19
14753,-110.41917398917464,9.379200721279336,116912,-114.33047638704419,5.73481138949136,19
14754,-0.000234116800813884,6.149474065395336,116914,-6.878718007946434,-1.0926682779646681,10
14755,-146.33421606537394,6.876392989594727,116916,-146.59606179012786,4.113086925586259,4
14756,-25.986122121773104,3.8703498403249723,116922,-29.714479793685786,-1.264748112657314,8
14757,-97.85378752567314,0.7883123988283804,116927,-96.6939343764425,2.7165835152131033,15
14758,56.27763223056006,4.094448310067984,116945,47.997068783449585,1.2679199422360634,13
14759,-136.98635049056696,-0.5625045278179137,116956,-134.89656831690453,-0.030690791204986433,34
14760,-91.77953538724906,-1.2517077986233494,116957,-96.6939343764425,2.7165835152131033,15
14761,-141.85711905056476,-2.4387601107333943,116959,-141.0346653257256,-1.1036168920026446,0
14762,-147.2964850623476,6.061773762768701,116963,-146.59606179012786,4.113086925586259,4
14763,91.79644213727983,-32.036897463916304,116965,110.19899446847099,-35.665903512662624,21
14764,-68.37308834340465,10.106073825074327,116966,-66.8889597803445,2.169628081691683,14
14765,-130.15439509833752,4.259472886827189,116973,-132.1080396739421,5.887059356646324,17
14766,-63.74020689556342,-14.830714131917357,116979,-77.6204452281073,-4.536559244831727,5
14767,488.66322384360683,-2.0611172831631714,116981,417.6915390220547,-4.11857226961515,29
14768,644.9729513901189,27.84507353165213,116984,586.0312761189704,-1.722944617346204,30
14769,-28.612703451520638,-1.2831018522828728,116988,-29.714479793685786,-1.264748112657314,8
14770,-113.97528111849893,0.6121606674693462,116995,-118.09857507912784,0.7103841694799473,11
14771,238.31278971938661,-5.781952161458078,117013,227.03647807555316,-5.020718083634986,26
14772,6.9711183629039555,6.89262279870907,117018,18.937510567705566,1.034768221250525,27
14773,-89.55219459434868,-3.6246109317740363,117025,-85.91178621041317,3.2728237667350073,24
14774,-51.73702948772844,0.03864795728566354,117042,-49.93530245157272,-0.19848027172185767,2
14775,-74.00996472866926,3.0639290770193957,117051,-66.8889597803445,2.169628081691683,14
14776,-101.04731466440673,3.427290998926092,117058,-104.7190727296112,3.8815952186994593,7
14777,4.680080186096239,11.70308057558488,117072,-6.878718007946434,-1.0926682779646681,10
14778,-116.3971703190993,8.785758149287535,117073,-114.33047638704419,5.73481138949136,19
14779,112.38520421882247,3.7016260042548277,117078,104.96211155305676,-0.5414592591613776,31
14780,66.57551800488677,-0.20963041886931894,117084,78.01149217232324,3.6022338347977136,6
14781,-79.86752882529036,0.8809528457113542,117087,-77.6204452281073,-4.536559244831727,5
14782,762.2109791671026,28.193267904123775,117098,861.6475783799328,6.515082937232454,35
14783,-101.82268983019803,-1.49949805812343,117100,-104.7190727296112,3.8815952186994593,7
14784,-73.93785617757202,2.513435396750514,117108,-66.8889597803445,2.169628081691683,14
14785,-72.35996399445303,-7.0497116280774925,117110,-77.6204452281073,-4.536559244831727,5
14786,-97.76982273229535,-1.5919665216644574,117114,-96.6939343764425,2.7165835152131033,15
14787,-120.92758089625364,0.9804753291981864,117115,-118.09857507912784,0.7103841694799473,11
14788,123.10959046672211,-6.336752450470311,117117,135.4076551174278,-1.697351881935795,33
14789,99.67646858101547,-0.8434295957675669,117119,104.96211155305676,-0.5414592591613776,31
14790,-155.07288909581808,1.0427594053349338,117120,-152.23629829764135,4.213482038439798,37
14791,-97.05790982951353,3.209583868354105,117134,-96.6939343764425,2.7165835152131033,15
14792,-107.97622851666755,2.780906547693984,117142,-104.7190727296112,3.8815952186994593,7
14793,79.19192703460534,5.332574926544776,117154,78.01149217232324,3.6022338347977136,6
14794,-72.32802447744875,8.533973713868473,117156,-66.8889597803445,2.169628081691683,14
14795,13.054356130389523,5.18046090222385,117184,18.937510567705566,1.034768221250525,27
14796,4.093073675500614,5.204115611272818,117195,-6.878718007946434,-1.0926682779646681,10
14797,79.98868330833793,8.758878877671297,117209,78.01149217232324,3.6022338347977136,6
14798,44.669364953660335,11.564226964301582,117217,47.997068783449585,1.2679199422360634,13
14799,-53.84719901042977,2.4107505622115144,117218,-49.93530245157272,-0.19848027172185767,2
14800,-84.69365778665168,-1.985030313704691,117219,-85.91178621041317,3.2728237667350073,24
14801,51.844314879310076,9.919982681907216,117226,47.997068783449585,1.2679199422360634,13
14802,-131.53529964095586,-6.762544638735985,117230,-130.75996572568545,-6.6137591708523855,18
14803,235.4487157912399,6.436889148497907,117231,227.03647807555316,-5.020718083634986,26
14804,-126.897087689842,0.21809099930126874,117233,-129.1025175244067,1.5488809909733745,1
14805,-87.17433013817167,5.42721229930413,117235,-85.91178621041317,3.2728237667350073,24
14806,-114.85601099503762,-2.0394960429324858,117258,-118.09857507912784,0.7103841694799473,11
14807,-41.082833366525946,6.258568813430182,117259,-49.93530245157272,-0.19848027172185767,2
14808,-88.13130320031556,4.457919642251845,117273,-85.91178621041317,3.2728237667350073,24
14809,862.6911485098535,-3.934260290779006,117289,861.6475783799328,6.515082937232454,35
14810,-118.79648258907787,-1.3326130754776817,117299,-118.09857507912784,0.7103841694799473,11
14811,-136.2424131527984,5.572360175486634,117300,-137.57400940459857,4.493303950559668,20
14812,-128.07538304940437,2.062319333359077,117307,-129.1025175244067,1.5488809909733745,1
14813,-16.784152170904044,-12.574974228006186,117308,-6.878718007946434,-1.0926682779646681,10
14814,-88.0111028471817,1.3280782410456904,117319,-85.91178621041317,3.2728237667350073,24
14815,-82.91536389081126,0.8402576004582701,117334,-85.91178621041317,3.2728237667350073,24
14816,154.94081754230817,12.111981867040145,117335,172.66355239880147,-2.7112682595768685,38
14817,-48.872360338917545,1.5146413380650379,117355,-49.93530245157272,-0.19848027172185767,2
14818,-99.08313685374263,2.733204055882334,117370,-96.6939343764425,2.7165835152131033,15
14819,-127.37870941116782,8.192121098445444,117372,-123.80894152337959,5.566802721935252,23
14820,-148.21111364148553,4.151075411995919,117378,-146.59606179012786,4.113086925586259,4
14821,-97.35811776647807,8.773439371739224,117383,-96.6939343764425,2.7165835152131033,15
14822,-62.03040611194838,4.7402231617137165,117384,-66.8889597803445,2.169628081691683,14
14823,173.75429763961148,0.23248608346471053,117389,172.66355239880147,-2.7112682595768685,38
14824,9.736359668800771,10.037348719383523,117397,18.937510567705566,1.034768221250525,27
14825,520.4604229840439,1.8733273145442322,117402,586.0312761189704,-1.722944617346204,30
14826,-136.82329777464676,-1.0604956249310866,117409,-134.89656831690453,-0.030690791204986433,34
14827,-69.6357979890679,-3.0099863422800452,117427,-66.8889597803445,2.169628081691683,14
14828,25.548684585957893,-1.340586988506122,117443,18.937510567705566,1.034768221250525,27
14829,-87.51179555019014,-5.009606615469004,117444,-85.91178621041317,3.2728237667350073,24
14830,-52.28813631244697,-6.744952351435621,117461,-49.93530245157272,-0.19848027172185767,2
14831,-13.25504044740509,-5.273007064718482,117463,-6.878718007946434,-1.0926682779646681,10
14832,-127.12009788323853,3.5624249519044224,117468,-129.1025175244067,1.5488809909733745,1
14833,-125.0564481382491,1.1761041043281604,117482,-123.94204162798616,-1.5144507595891967,3
14834,-149.8735452457479,-2.734064251164285,117487,-148.09620948762597,-1.1157003398540595,36
14835,-122.25577125755609,6.103079138843863,117496,-123.80894152337959,5.566802721935252,23
14836,-127.94775413237662,-0.7429481530330833,117501,-129.1025175244067,1.5488809909733745,1
14837,-76.22448999523832,6.185752305531447,117531,-85.91178621041317,3.2728237667350073,24
14838,-137.16689047951377,4.430278634163861,117545,-137.57400940459857,4.493303950559668,20
14839,-137.9601210972055,-1.133643940338057,117557,-141.0346653257256,-1.1036168920026446,0
14840,267.02230566780236,-14.692702016220778,117562,302.44973475302317,-5.405747081354008,25
14841,-115.30116605683618,7.213198067059122,117563,-114.33047638704419,5.73481138949136,19
14842,-120.09336115664469,2.0755334517012454,117569,-118.09857507912784,0.7103841694799473,11
14843,165.2728432971184,7.048110242717031,117571,172.66355239880147,-2.7112682595768685,38
14844,-75.76118299673125,0.15738886338553204,117591,-77.6204452281073,-4.536559244831727,5
14845,-138.97803864138965,-0.2599448619607064,117592,-141.0346653257256,-1.1036168920026446,0
14846,-55.01804799488146,-11.67986946237126,117598,-49.93530245157272,-0.19848027172185767,2
14847,-151.16853395926617,3.696522696919762,117603,-152.23629829764135,4.213482038439798,37
14848,-118.3245889839888,-7.573575819960536,117604,-115.69510858146283,-11.595084171039186,39
14849,-90.83875537916052,-0.9721381805123309,117633,-85.91178621041317,3.2728237667350073,24
14850,-88.92430704107205,-13.282510258218217,117646,-95.36861679384212,-10.95784818293233,28
14851,-26.93876597858081,-10.886296999172432,117647,-29.714479793685786,-1.264748112657314,8
14852,-130.3719687352457,7.994299953795189,117649,-132.1080396739421,5.887059356646324,17
14853,-139.24827360063924,5.646405378082323,117651,-137.57400940459857,4.493303950559668,20
14854,323.573759162799,-6.475440735918319,117666,302.44973475302317,-5.405747081354008,25
14855,-105.92718114797569,0.7186363886866388,117684,-104.7190727296112,3.8815952186994593,7
14856,-146.07316045462346,1.6906602152454686,117685,-146.59606179012786,4.113086925586259,4
14857,16.185026192944452,3.388067205683766,117686,18.937510567705566,1.034768221250525,27
14858,358.30593943810356,-15.767056074169416,117687,302.44973475302317,-5.405747081354008,25
14859,95.90522637467127,-19.10843009517282,117688,104.96211155305676,-0.5414592591613776,31
14860,61.74682985976561,-4.064751255411835,117692,70.166569844569,-14.692630117552799,9
14861,336.4536998577576,-18.870148116928682,117698,302.44973475302317,-5.405747081354008,25
14862,3.952975829955207,-8.500866270094086,117705,-6.878718007946434,-1.0926682779646681,10
14863,-23.501496297899045,-2.60805315986641,117717,-29.714479793685786,-1.264748112657314,8
14864,123.8468448284822,-74.73945287932791,117718,110.19899446847099,-35.665903512662624,21
14865,-134.20328222726266,5.26829942262901,117741,-132.1080396739421,5.887059356646324,17
14866,-122.38871408022952,8.498365476660172,117748,-123.80894152337959,5.566802721935252,23
14867,-144.27180619219234,6.069268066165828,117751,-142.14616351708418,5.245197398204194,22
14868,-89.05305121067768,3.2466346621455333,117753,-85.91178621041317,3.2728237667350073,24
14869,-78.81339331430172,0.7195004681050844,117761,-77.6204452281073,-4.536559244831727,5
14870,-147.11108164619725,2.0117468099871667,117769,-146.59606179012786,4.113086925586259,4
14871,-135.03107217737474,0.447402094723862,117775,-134.89656831690453,-0.030690791204986433,34
14872,-100.46386169352583,-5.2585049755961695,117777,-95.36861679384212,-10.95784818293233,28
14873,-111.41680134975746,9.29517937384737,117779,-114.33047638704419,5.73481138949136,19
14874,-127.862335568976,-15.306443882785455,117797,-130.75996572568545,-6.6137591708523855,18
14875,-122.76759093499687,-1.0118193044858006,117799,-123.94204162798616,-1.5144507595891967,3
14876,4.655730598711094,-32.986573278820586,117814,28.39696760572947,-22.91072472808294,12
14877,26.578801941586974,-1.9859248890842873,117824,18.937510567705566,1.034768221250525,27
14878,-43.81897262848804,0.41949815784183764,117830,-49.93530245157272,-0.19848027172185767,2
14879,-89.8763200259168,0.9085083723796213,117834,-85.91178621041317,3.2728237667350073,24
14880,3.82718197220449,8.467344042582306,117840,-6.878718007946434,-1.0926682779646681,10
14881,449.85393344496896,-34.82080147368148,117841,417.6915390220547,-4.11857226961515,29
14882,153.1947943320418,-6.688186730142675,117848,135.4076551174278,-1.697351881935795,33
14883,-133.14007091051113,2.8800826592006383,117852,-132.1080396739421,5.887059356646324,17
14884,-39.165284643135735,-8.183545596205366,117854,-29.714479793685786,-1.264748112657314,8
14885,-125.27792253738555,6.5539803490917885,117860,-123.80894152337959,5.566802721935252,23
14886,-47.91193485558303,2.366584669511463,117863,-49.93530245157272,-0.19848027172185767,2
14887,-130.2011048207974,4.249068071743276,117876,-132.1080396739421,5.887059356646324,17
14888,-91.92190450373022,0.30798499195311774,117885,-96.6939343764425,2.7165835152131033,15
14889,49.28106788331888,3.8896625260434594,117889,47.997068783449585,1.2679199422360634,13
14890,-121.01421629790849,1.8602945558414894,117894,-118.09857507912784,0.7103841694799473,11
14891,234.95916159054875,-29.60272462824015,117904,227.03647807555316,-5.020718083634986,26
14892,0.66497809722593,-3.79969220756711,117905,-6.878718007946434,-1.0926682779646681,10
14893,72.06649295469879,-7.794271005217025,117907,70.166569844569,-14.692630117552799,9
14894,-102.27195982668798,6.7912512756953545,117922,-104.7190727296112,3.8815952186994593,7
14895,-102.24993139119216,6.320171258259537,117923,-104.7190727296112,3.8815952186994593,7
14896,305.2746815805789,-60.167603540762094,117944,302.44973475302317,-5.405747081354008,25
14897,-85.2443344369707,7.503889181740734,117950,-85.91178621041317,3.2728237667350073,24
14898,2.908016634203444,6.661211386755871,117958,-6.878718007946434,-1.0926682779646681,10
14899,-10.088729727296148,6.380964173281688,117964,-6.878718007946434,-1.0926682779646681,10
14900,-141.85880278008622,-1.912324550589626,117968,-141.0346653257256,-1.1036168920026446,0
14901,-79.93798669842928,2.418676010608215,117981,-85.91178621041317,3.2728237667350073,24
14902,-139.15247623426143,3.0333970009570956,117982,-137.57400940459857,4.493303950559668,20
14903,72.47158725416371,1.1389034116720067,118005,78.01149217232324,3.6022338347977136,6
14904,-144.03205977302233,1.849935494731348,118010,-146.59606179012786,4.113086925586259,4
14905,-142.31190411827083,6.484758298357647,118037,-142.14616351708418,5.245197398204194,22
14906,-77.00568604456745,2.414488715760495,118043,-77.6204452281073,-4.536559244831727,5
14907,-92.8820794653008,-14.260974495660289,118058,-95.36861679384212,-10.95784818293233,28
14908,-132.88183297893502,-1.2500633849484042,118073,-134.89656831690453,-0.030690791204986433,34
14909,319.3628227408063,11.262189563653436,118086,302.44973475302317,-5.405747081354008,25
14910,-20.49162075051088,-2.2545012132581057,118089,-29.714479793685786,-1.264748112657314,8
14911,-87.18267518820389,5.610302449365923,118094,-85.91178621041317,3.2728237667350073,24
14912,-90.09381298203188,4.129657190192602,118119,-85.91178621041317,3.2728237667350073,24
14913,-113.06302069109934,2.5353465614666373,118120,-114.33047638704419,5.73481138949136,19
14914,135.01521549241673,-4.5856637333773875,118121,135.4076551174278,-1.697351881935795,33
14915,-88.13389865412206,5.039645938420816,118140,-85.91178621041317,3.2728237667350073,24
14916,-83.24744676399821,7.6038515150393895,118158,-85.91178621041317,3.2728237667350073,24
14917,-55.12180517156834,-9.410163936439748,118173,-49.93530245157272,-0.19848027172185767,2
14918,250.6558915404009,4.7162434219512726,118181,227.03647807555316,-5.020718083634986,26
14919,-139.11326902718028,2.189061183156672,118184,-137.57400940459857,4.493303950559668,20
14920,457.6468236163002,-45.90680309735058,118185,417.6915390220547,-4.11857226961515,29
14921,-135.11836364531118,2.3493146287576963,118193,-134.89656831690453,-0.030690791204986433,34
14922,165.745572607552,-0.221722304065393,118198,172.66355239880147,-2.7112682595768685,38
14923,-37.76828320430005,-13.777921708294317,118205,-29.714479793685786,-1.264748112657314,8
14924,-119.9579567679256,-0.39922824744462776,118214,-118.09857507912784,0.7103841694799473,11
14925,1377.9071814702356,10.77371103180122,118221,1342.5649032771717,32.04824045393157,32
14926,40.63845613538819,-2.5498417736128776,118240,47.997068783449585,1.2679199422360634,13
14927,-4.0667804380194355,5.499818565083944,118244,-6.878718007946434,-1.0926682779646681,10
14928,-2.26032187282365,10.27096129138833,118245,-6.878718007946434,-1.0926682779646681,10
14929,472.59410769456065,12.873600205275766,118254,417.6915390220547,-4.11857226961515,29
14930,-96.06544968263579,3.4154608537430216,118260,-96.6939343764425,2.7165835152131033,15
14931,12.038111644965994,6.021479486325686,118270,18.937510567705566,1.034768221250525,27
14932,-131.99612389587782,0.2511237932832636,118273,-134.89656831690453,-0.030690791204986433,34
14933,-112.14343941922144,5.362388626393294,118294,-114.33047638704419,5.73481138949136,19
14934,437.5053983335961,-44.68309624170491,118297,417.6915390220547,-4.11857226961515,29
14935,-52.26571468099768,8.524698757042675,118307,-49.93530245157272,-0.19848027172185767,2
14936,-105.8700836152666,-0.5406255538137891,118326,-109.71624596876933,-1.0040630408538558,16
14937,281.41801756111727,-20.039800000818662,118336,302.44973475302317,-5.405747081354008,25
14938,-55.253013055577625,-7.048350355287713,118337,-49.93530245157272,-0.19848027172185767,2
14939,-77.94872283432412,1.136263352288106,118349,-77.6204452281073,-4.536559244831727,5
14940,-53.7978372208377,0.8185306999605391,118369,-49.93530245157272,-0.19848027172185767,2
14941,540.3393621003355,4.3568880719540095,118379,586.0312761189704,-1.722944617346204,30
14942,-129.95187914893518,0.34286168102556003,118409,-129.1025175244067,1.5488809909733745,1
14943,-92.2259423753752,-8.261766773945869,118421,-95.36861679384212,-10.95784818293233,28
14944,-41.115106316567626,5.411462219778783,118431,-49.93530245157272,-0.19848027172185767,2
14945,-67.7596267760995,-0.24726639382807986,118438,-66.8889597803445,2.169628081691683,14
14946,-141.26480501305616,5.979270500154069,118446,-142.14616351708418,5.245197398204194,22
14947,-113.9721810627078,0.5469416205516652,118447,-118.09857507912784,0.7103841694799473,11
14948,-119.91254235449276,1.6959760668818034,118451,-118.09857507912784,0.7103841694799473,11
14949,-138.13989220307536,2.790637337710534,118475,-137.57400940459857,4.493303950559668,20
14950,39.70177826957815,-3.4307773792773553,118480,47.997068783449585,1.2679199422360634,13
14951,-44.21235344445007,8.012739459251584,118482,-49.93530245157272,-0.19848027172185767,2
14952,47.01371268074627,-8.085701868084344,118494,47.997068783449585,1.2679199422360634,13
14953,-68.16344110732597,4.999755765534326,118500,-66.8889597803445,2.169628081691683,14
14954,113.22376254156387,5.715758894048108,118502,104.96211155305676,-0.5414592591613776,31
14955,-60.74313398436981,0.5069422771238454,118504,-66.8889597803445,2.169628081691683,14
14956,422.2846859692175,15.726631670846482,118513,417.6915390220547,-4.11857226961515,29
14957,-141.2586131592728,5.351393715436803,118516,-142.14616351708418,5.245197398204194,22
14958,-69.74907605968667,-0.529622349191038,118521,-66.8889597803445,2.169628081691683,14
14959,42.41572065847238,0.8365354293878516,118526,47.997068783449585,1.2679199422360634,13
14960,114.48928082612694,-12.242479334988719,118531,104.96211155305676,-0.5414592591613776,31
14961,-91.15699930817654,-9.757761631555205,118541,-95.36861679384212,-10.95784818293233,28
14962,-139.19945155192167,4.05360081280952,118555,-137.57400940459857,4.493303950559668,20
14963,-6.406308210593546,-3.8954738097326684,118562,-6.878718007946434,-1.0926682779646681,10
14964,-143.21746814187046,4.897407167896383,118571,-142.14616351708418,5.245197398204194,22
14965,135.1548721189673,7.593937571707611,118572,135.4076551174278,-1.697351881935795,33
14966,222.69313894085212,2.917531874041729,118575,227.03647807555316,-5.020718083634986,26
14967,-46.66997045174226,-15.57554659984178,118585,-49.93530245157272,-0.19848027172185767,2
14968,-117.96000387269896,2.262454600234094,118597,-118.09857507912784,0.7103841694799473,11
14969,-72.0459074582967,4.402435810066149,118598,-66.8889597803445,2.169628081691683,14
14970,286.3279939224023,-4.791748793471622,118613,302.44973475302317,-5.405747081354008,25
14971,-134.29612442363896,6.781787575450036,118628,-132.1080396739421,5.887059356646324,17
14972,-124.25207708479967,6.4915467635096356,118630,-123.80894152337959,5.566802721935252,23
14973,-21.82588982009836,-12.770326614539321,118636,-29.714479793685786,-1.264748112657314,8
14974,-16.540325905477996,-16.876052476282236,118644,-6.878718007946434,-1.0926682779646681,10
14975,515.6994922800734,12.839259893380172,118646,586.0312761189704,-1.722944617346204,30
14976,-108.04528975432501,3.7787375934105576,118648,-104.7190727296112,3.8815952186994593,7
14977,-129.1979304644634,-10.003008850694696,118650,-130.75996572568545,-6.6137591708523855,18
14978,343.7666279712476,5.907252330370678,118678,302.44973475302317,-5.405747081354008,25
14979,17.578007885488706,-16.839212147791862,118691,28.39696760572947,-22.91072472808294,12
14980,143.98573841469005,10.429761903788568,118692,135.4076551174278,-1.697351881935795,33
14981,-85.98915770514549,2.926922837354333,118712,-85.91178621041317,3.2728237667350073,24
14982,-50.97086811131589,4.135034036824185,118718,-49.93530245157272,-0.19848027172185767,2
14983,-2.7281607804812515,0.6532811840816074,118730,-6.878718007946434,-1.0926682779646681,10
14984,-133.22571817840102,5.26285997523091,118739,-132.1080396739421,5.887059356646324,17
14985,101.09203757162861,7.3795632378902,118741,104.96211155305676,-0.5414592591613776,31
14986,-69.61266962605609,-3.5085648892256214,118745,-66.8889597803445,2.169628081691683,14
14987,-107.24745007077706,6.179491772331958,118753,-104.7190727296112,3.8815952186994593,7
14988,-116.21936387883157,5.403125006380522,118754,-114.33047638704419,5.73481138949136,19
14989,-86.38891265631437,9.619722545886663,118761,-85.91178621041317,3.2728237667350073,24
14990,13.793418777907076,-5.873768332202346,118765,18.937510567705566,1.034768221250525,27
14991,-117.66794979139988,-3.1194402194691424,118766,-118.09857507912784,0.7103841694799473,11
14992,251.9535060433955,0.2639224570616107,118778,227.03647807555316,-5.020718083634986,26
14993,-112.43176968549481,-6.645640525253863,118784,-115.69510858146283,-11.595084171039186,39
14994,7.600291607735142,-2.775773179475434,118788,18.937510567705566,1.034768221250525,27
14995,-2.2034690089890185,-6.20499047742653,118796,-6.878718007946434,-1.0926682779646681,10
14996,4.257203459951749,-13.118966388584239,118799,-6.878718007946434,-1.0926682779646681,10
14997,228.2338347979194,9.987415765013878,118813,227.03647807555316,-5.020718083634986,26
14998,-56.07802595578336,4.343178220107235,118819,-49.93530245157272,-0.19848027172185767,2
14999,265.3198212541901,-4.463947959204086,118828,302.44973475302317,-5.405747081354008,25
15000,-123.3926646553078,-7.1909445347472065,118831,-123.94204162798616,-1.5144507595891967,3
15001,-114.98681153835285,1.3659113174681508,118834,-118.09857507912784,0.7103841694799473,11
15002,161.09270469707394,-4.821257391772134,118837,172.66355239880147,-2.7112682595768685,38
15003,-62.77617163176158,0.7022948957980886,118843,-66.8889597803445,2.169628081691683,14
15004,-144.2321012550278,5.214632653657136,118844,-142.14616351708418,5.245197398204194,22
15005,98.65574005611387,-0.405544013309261,118865,104.96211155305676,-0.5414592591613776,31
15006,-121.85733717470404,-1.0889177746384644,118879,-123.94204162798616,-1.5144507595891967,3
15007,-117.51738801689007,-4.882100268991229,118888,-118.09857507912784,0.7103841694799473,11
15008,7.014147053500991,6.474348529636411,118894,18.937510567705566,1.034768221250525,27
15009,43.647578825009305,-2.6845678073972943,118897,47.997068783449585,1.2679199422360634,13
15010,-135.02956950501246,1.9732363486071662,118904,-134.89656831690453,-0.030690791204986433,34
15011,-136.6656793485343,-3.49898467915974,118907,-134.89656831690453,-0.030690791204986433,34
15012,33.94439119083477,7.9283126852284775,118910,47.997068783449585,1.2679199422360634,13
15013,537.92182288922,10.385986646442563,118918,586.0312761189704,-1.722944617346204,30
15014,-82.99125523532201,3.533753712219152,118923,-85.91178621041317,3.2728237667350073,24
15015,-90.53714467053804,-4.498319661146903,118934,-95.36861679384212,-10.95784818293233,28
15016,-58.39887476210131,-5.441603065725486,118936,-49.93530245157272,-0.19848027172185767,2
15017,15.230375436461333,-26.553561051412395,118945,28.39696760572947,-22.91072472808294,12
15018,447.4179400463189,0.04201627588035404,118949,417.6915390220547,-4.11857226961515,29
15019,62.9767632364172,-6.494979728333623,118967,70.166569844569,-14.692630117552799,9
15020,-36.58536630845167,-2.0139774607631225,118976,-29.714479793685786,-1.264748112657314,8
15021,-65.31634417476707,8.904451278373783,118977,-66.8889597803445,2.169628081691683,14
15022,-143.32729504518701,6.807875827349669,118982,-142.14616351708418,5.245197398204194,22
15023,-57.30380192724243,8.260702725840943,118987,-49.93530245157272,-0.19848027172185767,2
15024,359.8005061113929,5.937925078355608,118998,302.44973475302317,-5.405747081354008,25
15025,-145.2696589737562,6.002056054186311,119000,-146.59606179012786,4.113086925586259,4
15026,-68.23317377655437,6.499853758109384,119014,-66.8889597803445,2.169628081691683,14
15027,-130.2600198945729,6.05921450576126,119023,-132.1080396739421,5.887059356646324,17
15028,44.93232109936131,-7.372016812659756,119027,47.997068783449585,1.2679199422360634,13
15029,-103.91474813890567,-0.04115700035627492,119029,-104.7190727296112,3.8815952186994593,7
15030,35.794418945236785,-5.023653795266754,119031,47.997068783449585,1.2679199422360634,13
15031,187.3598049498093,7.055511044148088,119032,172.66355239880147,-2.7112682595768685,38
15032,-66.00186369440274,3.5418463789403964,119046,-66.8889597803445,2.169628081691683,14
15033,64.53428192840741,0.13365156061110364,119055,78.01149217232324,3.6022338347977136,6
15034,-120.38190322502537,-7.3650788339847955,119064,-115.69510858146283,-11.595084171039186,39
15035,-97.98684138263262,1.1466105256273378,119069,-96.6939343764425,2.7165835152131033,15
15036,-40.257562186078694,-6.194427551618388,119070,-49.93530245157272,-0.19848027172185767,2
15037,35.40275483915026,0.9980645113551972,119073,47.997068783449585,1.2679199422360634,13
15038,579.4033031086665,-9.573534700428702,119087,586.0312761189704,-1.722944617346204,30
15039,5.35370943140067,-14.709204858358492,119091,-6.878718007946434,-1.0926682779646681,10
15040,-136.03828530161124,1.6246261435228915,119096,-134.89656831690453,-0.030690791204986433,34
15041,239.38359555822743,7.931439739744115,119097,227.03647807555316,-5.020718083634986,26
15042,120.01871741643313,-5.428752126092267,119098,104.96211155305676,-0.5414592591613776,31
15043,239.9739241040284,13.824890947695586,119104,227.03647807555316,-5.020718083634986,26
15044,-34.572705076260696,-2.7676994024207557,119106,-29.714479793685786,-1.264748112657314,8
15045,-140.65506829671406,-5.332994521496144,119118,-141.0346653257256,-1.1036168920026446,0
15046,-155.31308095825202,6.28161308858111,119135,-152.23629829764135,4.213482038439798,37
15047,-0.8299837175838618,1.9195827376729502,119147,-6.878718007946434,-1.0926682779646681,10
15048,573.5937322712485,1.9086509288241125,119148,586.0312761189704,-1.722944617346204,30
15049,-131.98611631046847,0.5221824311630819,119149,-134.89656831690453,-0.030690791204986433,34
15050,-133.2303169315441,4.849657604597793,119164,-132.1080396739421,5.887059356646324,17
15051,-56.17401767662901,-23.00338633097003,119169,-49.93530245157272,-0.19848027172185767,2
15052,-130.65258245022997,-3.1555602220855685,119180,-130.75996572568545,-6.6137591708523855,18
15053,39.945613568634535,-21.44190369940128,119184,28.39696760572947,-22.91072472808294,12
15054,17.60197707818581,-2.1348261012701997,119197,18.937510567705566,1.034768221250525,27
15055,-98.44568570551252,10.150026009358317,119199,-96.6939343764425,2.7165835152131033,15
15056,-86.28035570154867,-7.484589442996509,119226,-77.6204452281073,-4.536559244831727,5
15057,414.7876008933309,-6.549216995409052,119228,417.6915390220547,-4.11857226961515,29
15058,-0.8836453493641552,-11.147301529320401,119230,-6.878718007946434,-1.0926682779646681,10
15059,-136.93153111529824,-1.2581308631856902,119232,-134.89656831690453,-0.030690791204986433,34
15060,-96.21716770093028,6.20859286878305,119238,-96.6939343764425,2.7165835152131033,15
15061,-107.9303936592333,0.24894558442419748,119241,-109.71624596876933,-1.0040630408538558,16
15062,21.75162848105033,-4.311534127467209,119242,18.937510567705566,1.034768221250525,27
15063,-43.27960756420165,9.50471673302942,119243,-49.93530245157272,-0.19848027172185767,2
15064,-30.635884150448728,-1.8412518400653246,119253,-29.714479793685786,-1.264748112657314,8
15065,-69.73105100794412,-0.9299657057547982,119267,-66.8889597803445,2.169628081691683,14
15066,-105.10553119930375,3.1019271970346693,119277,-104.7190727296112,3.8815952186994593,7
15067,-118.11511832511869,-11.63207566178192,119283,-115.69510858146283,-11.595084171039186,39
15068,-126.07623345486249,3.1366142412429565,119292,-123.80894152337959,5.566802721935252,23
15069,-79.76076694355926,-0.9539609802391453,119298,-77.6204452281073,-4.536559244831727,5
15070,-95.16531994011679,5.099422770457799,119313,-96.6939343764425,2.7165835152131033,15
15071,-3.5807955356087096,-0.5278081042571511,119318,-6.878718007946434,-1.0926682779646681,10
15072,-61.91027561136636,2.122124188090381,119324,-66.8889597803445,2.169628081691683,14
15073,-4.861082705604821,3.5306731101049964,119326,-6.878718007946434,-1.0926682779646681,10
15074,-88.97801509996656,2.117024332191536,119327,-85.91178621041317,3.2728237667350073,24
15075,-137.74472138007764,-2.7921307892675955,119333,-141.0346653257256,-1.1036168920026446,0
15076,-117.4999883259868,-5.761604534310106,119343,-115.69510858146283,-11.595084171039186,39
15077,-119.26131624547976,6.27440718416656,119360,-123.80894152337959,5.566802721935252,23
15078,-84.10392185795376,5.464090199197753,119361,-85.91178621041317,3.2728237667350073,24
15079,-115.80826320686657,-2.5723560982702356,119376,-118.09857507912784,0.7103841694799473,11
15080,-139.09051815594668,1.6790995704854992,119389,-137.57400940459857,4.493303950559668,20
15081,-106.00166590835138,0.8026862154220376,119431,-104.7190727296112,3.8815952186994593,7
15082,-90.36117617361306,8.952831161046804,119452,-85.91178621041317,3.2728237667350073,24
15083,158.20004759770552,-7.231153293631874,119461,172.66355239880147,-2.7112682595768685,38
15084,-126.19060834872195,4.615141931140878,119464,-123.80894152337959,5.566802721935252,23
15085,1018.6972645783567,30.057868884856028,119473,861.6475783799328,6.515082937232454,35
15086,-147.85350581213882,-3.145995646286846,119486,-148.09620948762597,-1.1157003398540595,36
15087,-133.08891539779182,1.747663522799418,119490,-134.89656831690453,-0.030690791204986433,34
15088,-76.84460883073224,1.4401401041094388,119526,-77.6204452281073,-4.536559244831727,5
15089,-150.32614026129662,6.6682523642601925,119529,-152.23629829764135,4.213482038439798,37
15090,-92.24369845965235,6.881634868340337,119533,-96.6939343764425,2.7165835152131033,15
15091,9.799236145936264,-6.590334704760537,119560,18.937510567705566,1.034768221250525,27
15092,-66.34507493205815,9.510360024423115,119567,-66.8889597803445,2.169628081691683,14
15093,-9.909573373719736,3.485615667884236,119575,-6.878718007946434,-1.0926682779646681,10
15094,-106.15149759817865,4.591754038504812,119585,-104.7190727296112,3.8815952186994593,7
15095,-67.05597315663663,3.6846799621801885,119586,-66.8889597803445,2.169628081691683,14
15096,41.66013917802193,-31.95829633800212,119587,28.39696760572947,-22.91072472808294,12
15097,-115.02240323488725,0.6011647452105006,119591,-118.09857507912784,0.7103841694799473,11
15098,-117.0568302325034,1.8305341323488398,119595,-118.09857507912784,0.7103841694799473,11
15099,-132.81421657519158,-0.6793440219032787,119597,-134.89656831690453,-0.030690791204986433,34
15100,-56.89659122530341,2.916320944018295,119601,-49.93530245157272,-0.19848027172185767,2
15101,99.72256149712484,-1.3364383972291127,119607,104.96211155305676,-0.5414592591613776,31
15102,119.67767898323538,14.700291219765665,119623,104.96211155305676,-0.5414592591613776,31
15103,7.311825283158075,1.4918449787965833,119625,18.937510567705566,1.034768221250525,27
15104,-12.63789272695439,-15.192897299530355,119627,-6.878718007946434,-1.0926682779646681,10
15105,-142.72356821750378,-2.822572018741967,119631,-141.0346653257256,-1.1036168920026446,0
15106,-91.213322868146,5.197432455898833,119635,-85.91178621041317,3.2728237667350073,24
15107,74.81921928212464,-3.863388006734608,119636,78.01149217232324,3.6022338347977136,6
15108,31.756578059890984,-4.252083098094941,119645,18.937510567705566,1.034768221250525,27
15109,255.1586559393885,-2.650905295224817,119656,227.03647807555316,-5.020718083634986,26
15110,-48.95382054084076,2.776990612026687,119660,-49.93530245157272,-0.19848027172185767,2
15111,-75.12767434246969,5.623749594659074,119675,-66.8889597803445,2.169628081691683,14
15112,-151.13137068985236,3.3946575975438007,119680,-152.23629829764135,4.213482038439798,37
15113,-145.04662894116007,1.1324288838300047,119683,-146.59606179012786,4.113086925586259,4
15114,-13.239371474015801,8.595632051516743,119696,-6.878718007946434,-1.0926682779646681,10
15115,-7.905904996168942,-10.772054627087497,119698,-6.878718007946434,-1.0926682779646681,10
15116,-73.39017340499998,-6.392194498292665,119712,-77.6204452281073,-4.536559244831727,5
15117,77.74619572232154,-2.7344682373483957,119713,78.01149217232324,3.6022338347977136,6
15118,-80.90407579278093,0.11247048817849103,119719,-77.6204452281073,-4.536559244831727,5
15119,-105.14246087945584,-10.818954261729345,119721,-95.36861679384212,-10.95784818293233,28
15120,-71.94283789383563,1.6205205723827962,119746,-66.8889597803445,2.169628081691683,14
15121,-113.9345957236425,0.750034398489428,119750,-118.09857507912784,0.7103841694799473,11
15122,10.654798179397636,-3.4061642198921076,119756,18.937510567705566,1.034768221250525,27
15123,-30.842934132991893,2.6892929395796807,119772,-29.714479793685786,-1.264748112657314,8
15124,-26.228896355305178,-7.095188876110346,119789,-29.714479793685786,-1.264748112657314,8
15125,-111.99087617205694,0.46197338288973944,119796,-109.71624596876933,-1.0040630408538558,16
15126,-151.16776804651184,4.220022902060249,119809,-152.23629829764135,4.213482038439798,37
15127,-145.19935940884747,3.945222115101023,119813,-146.59606179012786,4.113086925586259,4
15128,-19.487899343622782,-2.319611778276735,119822,-29.714479793685786,-1.264748112657314,8
15129,595.4897621515267,-10.164538455357345,119831,586.0312761189704,-1.722944617346204,30
15130,-136.1594900592881,3.759825663692298,119836,-137.57400940459857,4.493303950559668,20
15131,-11.078291304550904,6.140996693576484,119849,-6.878718007946434,-1.0926682779646681,10
15132,622.1332694025871,10.252002417997048,119854,586.0312761189704,-1.722944617346204,30
15133,-144.12980155477877,2.4618688655430114,119858,-146.59606179012786,4.113086925586259,4
15134,95.76056684960174,-2.230451453379939,119860,104.96211155305676,-0.5414592591613776,31
15135,178.2225895951627,8.880509094332986,119868,172.66355239880147,-2.7112682595768685,38
15136,15.15376218211923,-25.3985460354897,119875,28.39696760572947,-22.91072472808294,12
15137,-133.81941563391987,-1.592579399924286,119880,-134.89656831690453,-0.030690791204986433,34
15138,-65.04898635550082,5.099441562541757,119885,-66.8889597803445,2.169628081691683,14
15139,-118.02095663283505,2.5603972767295393,119887,-118.09857507912784,0.7103841694799473,11
15140,-44.79617032156473,0.9252294611315157,119891,-49.93530245157272,-0.19848027172185767,2
15141,-118.13860695793974,4.633520598073453,119907,-118.09857507912784,0.7103841694799473,11
15142,-80.75704340558337,-1.0754271136529527,119918,-77.6204452281073,-4.536559244831727,5
15143,-96.0648077061301,1.8457763432530314,119923,-96.6939343764425,2.7165835152131033,15
15144,402.458890462423,12.615564061383786,119925,417.6915390220547,-4.11857226961515,29
15145,-149.13019502103296,2.877928106156316,119935,-146.59606179012786,4.113086925586259,4
15146,-145.26936516220692,5.992018536914235,119937,-146.59606179012786,4.113086925586259,4
15147,142.37760392433304,4.887820919488147,119974,135.4076551174278,-1.697351881935795,33
15148,42.89678187015017,8.616867285147274,119980,47.997068783449585,1.2679199422360634,13
15149,-70.7804132990047,0.14998620909229454,119981,-66.8889597803445,2.169628081691683,14
15150,-114.24877022613218,6.08704320452274,119989,-114.33047638704419,5.73481138949136,19
15151,-113.00170233996722,1.1968698410001428,119992,-109.71624596876933,-1.0040630408538558,16
15152,-92.077405303618,3.7320795723223186,119993,-96.6939343764425,2.7165835152131033,15
15153,902.9471925787539,-20.517960523743962,119994,861.6475783799328,6.515082937232454,35
15154,6.187661246662245,3.689336929420457,119999,18.937510567705566,1.034768221250525,27
15155,-30.535981722094565,13.78159969171314,120012,-29.714479793685786,-1.264748112657314,8
15156,-118.34303312539998,7.570508642734895,120018,-114.33047638704419,5.73481138949136,19
15157,148.1524979295743,7.853029803289621,120019,135.4076551174278,-1.697351881935795,33
15158,30.4552529186993,-0.24172050332448516,120044,18.937510567705566,1.034768221250525,27
15159,-144.1632269739862,3.1941790211942003,120046,-146.59606179012786,4.113086925586259,4
15160,-136.35221925112285,7.453738429679817,120050,-137.57400940459857,4.493303950559668,20
15161,-31.156457621278697,-7.728878566655035,120055,-29.714479793685786,-1.264748112657314,8
15162,-134.36254526771467,7.72741086699521,120058,-132.1080396739421,5.887059356646324,17
15163,-131.99837422504012,-0.2349078649188047,120061,-134.89656831690453,-0.030690791204986433,34
15164,-58.51051505617366,-4.031957564033397,120082,-49.93530245157272,-0.19848027172185767,2
15165,-64.37556978928866,-5.544293313400931,120098,-66.8889597803445,2.169628081691683,14
15166,-89.06445351133426,2.973031885222268,120103,-85.91178621041317,3.2728237667350073,24
15167,-109.14915820428585,4.495450104305398,120115,-104.7190727296112,3.8815952186994593,7
15168,-139.0234872891127,0.738234508653211,120117,-141.0346653257256,-1.1036168920026446,0
15169,167.31808899110916,-8.115167917022607,120120,172.66355239880147,-2.7112682595768685,38
15170,-124.13726575129868,2.924680912221138,120124,-123.80894152337959,5.566802721935252,23
15171,-145.85572649248675,-2.0472502255407092,120130,-148.09620948762597,-1.1157003398540595,36
15172,-68.41327791289966,-5.312478968897346,120135,-66.8889597803445,2.169628081691683,14
15173,-32.82432387647222,0.7140264716791053,120145,-29.714479793685786,-1.264748112657314,8
15174,-79.89804289411377,0.5063878128236321,120146,-77.6204452281073,-4.536559244831727,5
15175,-53.80607731377143,1.5083394904724472,120156,-49.93530245157272,-0.19848027172185767,2
15176,-88.71787192908444,-1.0058133458161178,120162,-85.91178621041317,3.2728237667350073,24
15177,-44.11354296045985,-8.87945960968579,120171,-49.93530245157272,-0.19848027172185767,2
15178,-23.117905463744158,6.804008457720382,120175,-29.714479793685786,-1.264748112657314,8
15179,-108.34773823482503,7.847446939883921,120193,-104.7190727296112,3.8815952186994593,7
15180,-71.19429856770915,6.116361170678017,120202,-66.8889597803445,2.169628081691683,14
15181,-131.93380821650766,-0.5918633452486683,120212,-134.89656831690453,-0.030690791204986433,34
15182,-85.15527979861452,5.042177316890119,120218,-85.91178621041317,3.2728237667350073,24
15183,-142.34601429463112,7.246327772910627,120235,-142.14616351708418,5.245197398204194,22
15184,-50.05351452797171,4.938726874750576,120254,-49.93530245157272,-0.19848027172185767,2
15185,-127.04809886566564,1.4768647752680553,120256,-129.1025175244067,1.5488809909733745,1
15186,-35.17596516577314,-7.368571198146442,120260,-29.714479793685786,-1.264748112657314,8
15187,140.76948321904266,-0.6481212036990283,120267,135.4076551174278,-1.697351881935795,33
15188,-31.31261270690622,-5.8422142649348,120276,-29.714479793685786,-1.264748112657314,8
15189,246.36525530808908,-6.279909738304141,120280,227.03647807555316,-5.020718083634986,26
15190,-153.95991007398743,-0.9000292183122358,120281,-152.23629829764135,4.213482038439798,37
15191,-98.13293593079877,4.310934984134985,120300,-96.6939343764425,2.7165835152131033,15
15192,-144.67754685260857,-4.912348177440946,120304,-148.09620948762597,-1.1157003398540595,36
15193,-134.7102782276336,-3.998819240113043,120311,-134.89656831690453,-0.030690791204986433,34
15194,-103.20377554101387,5.279084185959139,120315,-104.7190727296112,3.8815952186994593,7
15195,508.14601146763624,5.994138256023967,120327,586.0312761189704,-1.722944617346204,30
15196,-89.10736870182953,-10.819724635020004,120371,-95.36861679384212,-10.95784818293233,28
15197,-104.20165571762203,4.701271440656787,120381,-104.7190727296112,3.8815952186994593,7
15198,-31.66796610196847,-0.6356873706668489,120422,-29.714479793685786,-1.264748112657314,8
15199,-114.16618536976506,4.8095339412699465,120428,-114.33047638704419,5.73481138949136,19
15200,-64.27633546622806,8.553649883166232,120442,-66.8889597803445,2.169628081691683,14
15201,64.50478730731524,-14.451450114204667,120452,70.166569844569,-14.692630117552799,9
15202,-91.1679663961871,5.200415502699158,120459,-85.91178621041317,3.2728237667350073,24
15203,262.6872501104278,4.225574998544684,120462,227.03647807555316,-5.020718083634986,26
15204,-125.3168736324748,7.386238895736623,120467,-123.80894152337959,5.566802721935252,23
15205,163.10812769108506,8.578020300776862,120470,172.66355239880147,-2.7112682595768685,38
15206,339.17297475495525,-14.7240583545251,120472,302.44973475302317,-5.405747081354008,25
15207,-106.9925140383382,2.1103892487422913,120473,-104.7190727296112,3.8815952186994593,7
15208,-111.3996269890487,8.903775015632842,120477,-114.33047638704419,5.73481138949136,19
15209,808.371190155607,27.516235408215397,120480,861.6475783799328,6.515082937232454,35
15210,-124.31740965419769,7.421437193308069,120483,-123.80894152337959,5.566802721935252,23
15211,-81.41349262222175,-6.024663142506491,120493,-77.6204452281073,-4.536559244831727,5
15212,454.9657783832561,-21.952878265232904,120547,417.6915390220547,-4.11857226961515,29
15213,-78.07592748267646,4.462747793152234,120549,-85.91178621041317,3.2728237667350073,24
15214,130.6169723112061,-13.75000134163387,120552,135.4076551174278,-1.697351881935795,33
15215,-128.95639379959835,0.4488127672882072,120557,-129.1025175244067,1.5488809909733745,1
15216,-40.106842259457096,-8.971385975854082,120563,-29.714479793685786,-1.264748112657314,8
15217,-29.185342700418047,8.190414583392961,120566,-29.714479793685786,-1.264748112657314,8
15218,-146.99239348403768,0.9478531739178373,120570,-148.09620948762597,-1.1157003398540595,36
15219,14.763673295688053,-5.216312354546106,120571,18.937510567705566,1.034768221250525,27
15220,-135.02998224915365,1.9649755664887805,120574,-134.89656831690453,-0.030690791204986433,34
15221,-106.16447092389949,5.389901756748725,120576,-104.7190727296112,3.8815952186994593,7
15222,-98.44562753300937,10.14415420774639,120580,-96.6939343764425,2.7165835152131033,15
15223,-14.741619945400151,-28.192337257023674,120584,-6.878718007946434,-1.0926682779646681,10
15224,-145.07573494999818,1.7749820432896553,120587,-146.59606179012786,4.113086925586259,4
15225,-105.27995045233567,6.923573882265783,120588,-104.7190727296112,3.8815952186994593,7
15226,-104.83419171654376,-1.819900686124271,120592,-109.71624596876933,-1.0040630408538558,16
15227,-112.24857819367018,6.107297423728366,120601,-114.33047638704419,5.73481138949136,19
15228,-80.92606330403709,2.140604620095802,120610,-85.91178621041317,3.2728237667350073,24
15229,-59.410597786600654,10.566705016427575,120613,-66.8889597803445,2.169628081691683,14
15230,-92.2658544472396,7.340084802866035,120616,-96.6939343764425,2.7165835152131033,15
15231,256.1487825187188,12.32561820069338,120630,227.03647807555316,-5.020718083634986,26
15232,-144.02887606678235,0.263894073699227,120639,-141.0346653257256,-1.1036168920026446,0
15233,-73.98868013310327,3.625497108147643,120642,-66.8889597803445,2.169628081691683,14
15234,-18.409256242379925,-3.520104655153849,120646,-29.714479793685786,-1.264748112657314,8
15235,-100.35112979636139,8.04433589392466,120658,-104.7190727296112,3.8815952186994593,7
15236,-89.16242154984448,5.634483462001639,120669,-85.91178621041317,3.2728237667350073,24
15237,-29.096001071923663,6.73792640524258,120670,-29.714479793685786,-1.264748112657314,8
15238,-99.09334732279527,4.484132667839542,120694,-96.6939343764425,2.7165835152131033,15
15239,-107.35095623872866,-6.804580424845788,120695,-109.71624596876933,-1.0040630408538558,16
15240,62.124040656838076,-8.713350138747181,120707,70.166569844569,-14.692630117552799,9
15241,-115.8291757508586,-0.5708189843757685,120729,-118.09857507912784,0.7103841694799473,11
15242,62.08005236956722,5.940429913337614,120746,47.997068783449585,1.2679199422360634,13
15243,-103.21026238552862,5.925500330030646,120748,-104.7190727296112,3.8815952186994593,7
15244,-129.04689291789498,1.917269227357065,120757,-129.1025175244067,1.5488809909733745,1
15245,-133.948149178701,-0.8286123839677813,120758,-134.89656831690453,-0.030690791204986433,34
15246,-113.71030074302718,-3.1190762683712436,120760,-109.71624596876933,-1.0040630408538558,16
15247,-112.17328626142465,5.490412574753292,120762,-114.33047638704419,5.73481138949136,19
15248,20.465156580313458,-0.10186648607335072,120774,18.937510567705566,1.034768221250525,27
15249,59.81493018252372,-4.543250788490369,120778,47.997068783449585,1.2679199422360634,13
15250,-103.16773181290475,4.496620780208525,120779,-104.7190727296112,3.8815952186994593,7
15251,-140.64433481094366,-4.541625573140556,120785,-141.0346653257256,-1.1036168920026446,0
15252,-133.06913131661182,2.3263960280540292,120793,-134.89656831690453,-0.030690791204986433,34
15253,-94.96358993955529,2.2191052786100447,120798,-96.6939343764425,2.7165835152131033,15
15254,60.70644649143635,-3.7033652318498342,120799,47.997068783449585,1.2679199422360634,13
15255,-141.34566714219358,7.230751413140254,120843,-142.14616351708418,5.245197398204194,22
15256,1337.004233808102,7.945081567693564,120853,1342.5649032771717,32.04824045393157,32
15257,-143.1879692021702,4.261985271855547,120861,-142.14616351708418,5.245197398204194,22
15258,113.7960744207579,-2.1957737684125083,120862,104.96211155305676,-0.5414592591613776,31
15259,-88.82755421535126,0.8769393163594186,120863,-85.91178621041317,3.2728237667350073,24
15260,-76.73811818753454,-0.8840555975492967,120864,-77.6204452281073,-4.536559244831727,5
15261,-143.92478727248707,-1.510410825975891,120870,-141.0346653257256,-1.1036168920026446,0
15262,-67.7904918517383,0.9284044363329648,120871,-66.8889597803445,2.169628081691683,14
15263,-72.94309939501986,1.6150111198055113,120877,-66.8889597803445,2.169628081691683,14
15264,-129.3720946747888,8.014876228786042,120887,-132.1080396739421,5.887059356646324,17
15265,209.34882409616074,-7.059378954557469,120888,227.03647807555316,-5.020718083634986,26
15266,-97.45071699290732,10.302719419587437,120891,-96.6939343764425,2.7165835152131033,15
15267,-121.11332686786,4.039315665381845,120902,-123.80894152337959,5.566802721935252,23
15268,127.25623557556672,6.2672575951193386,120905,135.4076551174278,-1.697351881935795,33
15269,-144.1440332271327,2.774118690561214,120915,-146.59606179012786,4.113086925586259,4
15270,-138.046987289355,2.7964176035999104,120917,-137.57400940459857,4.493303950559668,20
15271,-54.600218944780664,-1.4898639091651338,120922,-49.93530245157272,-0.19848027172185767,2
15272,-141.2266127100523,5.143826881972249,120924,-142.14616351708418,5.245197398204194,22
15273,-89.89538114301706,0.2927889206398168,120929,-85.91178621041317,3.2728237667350073,24
15274,1.4583546154927287,-1.3097164885982395,120949,-6.878718007946434,-1.0926682779646681,10
15275,-116.99676424228387,1.0252348349903075,120951,-118.09857507912784,0.7103841694799473,11
15276,-109.90926331982818,1.2736534842766936,120958,-109.71624596876933,-1.0040630408538558,16
15277,64.7999867640939,-4.656832894586678,120973,70.166569844569,-14.692630117552799,9
15278,-101.13397921690512,3.801014671351672,120977,-104.7190727296112,3.8815952186994593,7
15279,-148.91504416517657,-1.8209572102997587,120981,-148.09620948762597,-1.1157003398540595,36
15280,-112.04626880431064,1.67226337285557,120983,-109.71624596876933,-1.0040630408538558,16
15281,138.9944680913381,9.621420665183486,120991,135.4076551174278,-1.697351881935795,33
15282,-74.07011128842471,4.390090228877094,121014,-66.8889597803445,2.169628081691683,14
15283,-96.5098368297555,-5.706399999905455,121018,-95.36861679384212,-10.95784818293233,28
15284,-94.10659563858285,5.370230171422825,121019,-96.6939343764425,2.7165835152131033,15
15285,-94.22298710866761,5.8618163854318786,121026,-96.6939343764425,2.7165835152131033,15
15286,-71.11700868395756,4.9560345348661645,121030,-66.8889597803445,2.169628081691683,14
15287,79.71070690995231,13.308696492921161,121037,78.01149217232324,3.6022338347977136,6
15288,-70.86088009982886,0.8931902413252432,121038,-66.8889597803445,2.169628081691683,14
15289,334.6433500909827,22.151754838536036,121051,302.44973475302317,-5.405747081354008,25
15290,11.421623764744478,0.18680111472437408,121053,18.937510567705566,1.034768221250525,27
15291,-36.16235577695978,7.555941995505118,121058,-29.714479793685786,-1.264748112657314,8
15292,-48.05431312120027,4.998332512572206,121069,-49.93530245157272,-0.19848027172185767,2
15293,166.02926067078405,10.864514899071375,121083,172.66355239880147,-2.7112682595768685,38
15294,1523.301527326935,24.430377255500424,121087,1342.5649032771717,32.04824045393157,32
15295,80.53982833655873,-0.7346153092153648,121092,78.01149217232324,3.6022338347977136,6
15296,-72.6362695246691,-3.055400106836576,121095,-77.6204452281073,-4.536559244831727,5
15297,-142.03797435353323,2.009744709146703,121117,-142.14616351708418,5.245197398204194,22
15298,90.67934898046562,13.658177762485389,121125,78.01149217232324,3.6022338347977136,6
15299,-47.11802210071937,6.40215621261688,121136,-49.93530245157272,-0.19848027172185767,2
15300,-133.05451165034629,2.015844480342856,121146,-134.89656831690453,-0.030690791204986433,34
15301,-86.81209416976546,-0.4484415256945447,121148,-85.91178621041317,3.2728237667350073,24
15302,-138.2793021365389,6.343913980828863,121152,-137.57400940459857,4.493303950559668,20
15303,-87.5843518837029,-3.9163573326842633,121153,-85.91178621041317,3.2728237667350073,24
15304,-132.24925601127867,5.287074897540581,121159,-132.1080396739421,5.887059356646324,17
15305,-111.12044580916195,4.3410129709404845,121167,-114.33047638704419,5.73481138949136,19
15306,-151.20915790553755,4.584650134668339,121173,-152.23629829764135,4.213482038439798,37
15307,67.53132087631086,-0.24467319501726537,121179,78.01149217232324,3.6022338347977136,6
15308,-123.14772537787982,4.237327031173066,121184,-123.80894152337959,5.566802721935252,23
15309,-121.48324852076996,-6.193024498801746,121236,-123.94204162798616,-1.5144507595891967,3
15310,-77.81889445157623,-0.6763963906628574,121244,-77.6204452281073,-4.536559244831727,5
15311,-62.096360987872764,4.13893368227457,121246,-66.8889597803445,2.169628081691683,14
15312,133.69152347299257,-0.0838860193913584,121250,135.4076551174278,-1.697351881935795,33
15313,-118.20897836304569,4.647080937836405,121252,-118.09857507912784,0.7103841694799473,11
15314,-132.3023132366865,6.970295043556142,121253,-132.1080396739421,5.887059356646324,17
15315,-126.04709336541968,1.4850717168076435,121258,-129.1025175244067,1.5488809909733745,1
15316,72.89886377442133,-19.86463585926861,121263,70.166569844569,-14.692630117552799,9
15317,-23.360301720558738,-19.403458413929187,121272,-29.714479793685786,-1.264748112657314,8
15318,152.83761834983352,-1.4270284125251922,121278,135.4076551174278,-1.697351881935795,33
15319,184.1572252898843,9.38745834027507,121289,172.66355239880147,-2.7112682595768685,38
15320,515.4685226688482,16.366349828317084,121293,586.0312761189704,-1.722944617346204,30
15321,-138.15744485735542,3.142194046463658,121304,-137.57400940459857,4.493303950559668,20
15322,-122.71076450629586,-2.2503542795696583,121307,-123.94204162798616,-1.5144507595891967,3
15323,-141.98407145039425,-0.6876100359669561,121328,-141.0346653257256,-1.1036168920026446,0
15324,15.378684798881347,-14.060497225155824,121337,18.937510567705566,1.034768221250525,27
15325,-20.094377143949664,5.8197630688679105,121348,-29.714479793685786,-1.264748112657314,8
15326,69.74820601178237,-46.59933096725753,121353,70.166569844569,-14.692630117552799,9
15327,44.0717972129625,-9.416288003402768,121354,47.997068783449585,1.2679199422360634,13
15328,656.9998764486796,13.246057237567342,121360,586.0312761189704,-1.722944617346204,30
15329,264.36920604590625,8.143190226904714,121362,227.03647807555316,-5.020718083634986,26
15330,-56.122267273736355,5.317458890780986,121385,-49.93530245157272,-0.19848027172185767,2
15331,-125.11953660904217,4.60380451621759,121391,-123.80894152337959,5.566802721935252,23
15332,-52.41922946184514,11.365630321597362,121407,-49.93530245157272,-0.19848027172185767,2
15333,-33.045914944041435,4.0274187108165656,121427,-29.714479793685786,-1.264748112657314,8
15334,-140.31595745998516,6.624511357915808,121431,-142.14616351708418,5.245197398204194,22
15335,-92.03712468960195,3.3590879060522543,121438,-96.6939343764425,2.7165835152131033,15
15336,-23.583556419335054,-0.806852420291838,121448,-29.714479793685786,-1.264748112657314,8
15337,-79.09494185745004,-10.39733576668597,121461,-77.6204452281073,-4.536559244831727,5
15338,232.10038585200738,-3.286557503299076,121498,227.03647807555316,-5.020718083634986,26
15339,79.48615281560396,1.4430332923816593,121503,78.01149217232324,3.6022338347977136,6
15340,-50.01630131105967,4.624432168702916,121525,-49.93530245157272,-0.19848027172185767,2
15341,-124.15821199619407,3.422186262935376,121527,-123.80894152337959,5.566802721935252,23
15342,-6.990149919707267,-9.429647306001625,121530,-6.878718007946434,-1.0926682779646681,10
15343,-130.05067326819028,1.453426576117759,121531,-129.1025175244067,1.5488809909733745,1
15344,160.3755164283964,-37.92062501018619,121535,172.66355239880147,-2.7112682595768685,38
15345,-114.81999769067254,-2.287361098561833,121540,-118.09857507912784,0.7103841694799473,11
15346,-146.9227837262529,-0.06753207522790772,121545,-148.09620948762597,-1.1157003398540595,36
15347,-103.22350448220611,5.7149689902222764,121553,-104.7190727296112,3.8815952186994593,7
15348,-72.27061955011388,8.288376519027612,121556,-66.8889597803445,2.169628081691683,14
15349,-55.46009734098496,-3.5453071706690418,121558,-49.93530245157272,-0.19848027172185767,2
15350,-94.85201769525567,-0.7442716380729386,121571,-96.6939343764425,2.7165835152131033,15
15351,830.9345721148485,20.144346183577312,121572,861.6475783799328,6.515082937232454,35
15352,744.7628366103863,-9.02853057661597,121575,861.6475783799328,6.515082937232454,35
15353,-123.3070744928388,7.209980810863792,121576,-123.80894152337959,5.566802721935252,23
15354,-142.94804232913117,-0.9929734414014605,121584,-141.0346653257256,-1.1036168920026446,0
15355,815.535133786162,10.85145025313778,121593,861.6475783799328,6.515082937232454,35
15356,-109.23666490972357,5.387604715662925,121597,-104.7190727296112,3.8815952186994593,7
15357,-47.18419551092608,-7.916061859505114,121604,-49.93530245157272,-0.19848027172185767,2
15358,458.39805544172486,15.381517485640053,121615,417.6915390220547,-4.11857226961515,29
15359,289.4447487992924,7.925964370024168,121625,302.44973475302317,-5.405747081354008,25
15360,-89.55765442511643,-4.526524261341052,121627,-85.91178621041317,3.2728237667350073,24
15361,-46.28452702358009,-6.2168082887324765,121630,-49.93530245157272,-0.19848027172185767,2
15362,-142.20535652216185,4.1301834905672665,121638,-142.14616351708418,5.245197398204194,22
15363,-93.94829803117902,0.8844690945979419,121643,-96.6939343764425,2.7165835152131033,15
15364,179.1938227050937,8.49854822999727,121661,172.66355239880147,-2.7112682595768685,38
15365,-74.19918218551102,6.702216590333157,121675,-66.8889597803445,2.169628081691683,14
15366,10.936000390911923,7.229999246059533,121678,18.937510567705566,1.034768221250525,27
15367,-73.1942133801305,6.084657970693698,121688,-66.8889597803445,2.169628081691683,14
15368,-42.014758079284476,4.721231399739322,121691,-49.93530245157272,-0.19848027172185767,2
15369,-103.73331901911223,-2.4704235591858366,121696,-109.71624596876933,-1.0040630408538558,16
15370,-118.00606664583194,1.7393205868720056,121703,-118.09857507912784,0.7103841694799473,11
15371,572.784225872458,-43.889754491050155,121714,586.0312761189704,-1.722944617346204,30
15372,-21.886872539665525,-11.427217259741784,121720,-29.714479793685786,-1.264748112657314,8
15373,-101.10566018846937,4.7158741549004155,121738,-104.7190727296112,3.8815952186994593,7
15374,31.03974403259908,5.281749901663509,121742,18.937510567705566,1.034768221250525,27
15375,105.50430108155456,-12.716164021604566,121759,104.96211155305676,-0.5414592591613776,31
15376,-8.06862753372924,-8.7532211631912,121761,-6.878718007946434,-1.0926682779646681,10
15377,-97.21204175505423,5.0693876948023915,121762,-96.6939343764425,2.7165835152131033,15
15378,-108.1904200997605,4.920581744969148,121769,-104.7190727296112,3.8815952186994593,7
15379,-91.68395552198575,-2.307412657811734,121773,-96.6939343764425,2.7165835152131033,15
15380,595.2830906804332,7.023639642037612,121778,586.0312761189704,-1.722944617346204,30
15381,-48.55542913133626,-3.3716629886228144,121780,-49.93530245157272,-0.19848027172185767,2
15382,-137.7424220613713,-2.331467112976297,121785,-141.0346653257256,-1.1036168920026446,0
15383,-119.17944302437107,4.99644179636454,121786,-118.09857507912784,0.7103841694799473,11
15384,32.82360538517908,10.04677967314837,121791,18.937510567705566,1.034768221250525,27
15385,80.40180094479318,2.2719858059059024,121800,78.01149217232324,3.6022338347977136,6
15386,247.75455651382427,3.010606459944826,121801,227.03647807555316,-5.020718083634986,26
15387,-31.83088858350638,2.9441609946858427,121804,-29.714479793685786,-1.264748112657314,8
15388,-115.74150722418466,-3.005171966814618,121806,-118.09857507912784,0.7103841694799473,11
15389,-122.96494752380262,-0.2919554458071086,121807,-123.94204162798616,-1.5144507595891967,3
15390,-20.97254255534785,4.158804721277833,121825,-29.714479793685786,-1.264748112657314,8
15391,-143.9841080621241,0.29133008094724405,121828,-141.0346653257256,-1.1036168920026446,0
15392,147.08975224246905,-48.67647492133487,121846,110.19899446847099,-35.665903512662624,21
15393,124.86902680639754,-3.108511833209475,121865,135.4076551174278,-1.697351881935795,33
15394,-116.92095355052649,1.4089899178926044,121881,-118.09857507912784,0.7103841694799473,11
15395,-145.92036397682884,0.4081719651883458,121886,-148.09620948762597,-1.1157003398540595,36
15396,-68.44659109202277,-5.085944264767941,121892,-66.8889597803445,2.169628081691683,14
15397,185.46387761929572,-9.470009758825702,121916,172.66355239880147,-2.7112682595768685,38
15398,-144.92977643436885,-1.9283829363676852,121922,-148.09620948762597,-1.1157003398540595,36
15399,-125.3517795019887,7.623996414358031,121931,-123.80894152337959,5.566802721935252,23
15400,-131.74049446244754,-2.785617250518068,121932,-130.75996572568545,-6.6137591708523855,18
15401,-111.35217778856881,8.413378730173276,121940,-114.33047638704419,5.73481138949136,19
15402,362.7849843387572,6.340237719122137,121943,417.6915390220547,-4.11857226961515,29
15403,293.82345053065495,-10.90539189400863,121958,302.44973475302317,-5.405747081354008,25
15404,478.56673441537714,-15.356362115954838,121968,417.6915390220547,-4.11857226961515,29
15405,-65.53738807421156,-3.045374780497272,121973,-66.8889597803445,2.169628081691683,14
15406,121.29074140850234,4.8958618463581836,121977,135.4076551174278,-1.697351881935795,33
15407,-2.50645785144081,-1.6295122036087362,121988,-6.878718007946434,-1.0926682779646681,10
15408,-151.24114661455616,5.274353319280684,121996,-152.23629829764135,4.213482038439798,37
15409,-131.5180758169727,-6.1223157768087795,121997,-130.75996572568545,-6.6137591708523855,18
15410,-104.14058582499058,4.914189401607436,121999,-104.7190727296112,3.8815952186994593,7
15411,34.01539476979452,-8.861446508466946,122011,28.39696760572947,-22.91072472808294,12
15412,-153.18426703775458,4.508342896282074,122023,-152.23629829764135,4.213482038439798,37
15413,-128.10374430833053,3.1896832060463556,122025,-129.1025175244067,1.5488809909733745,1
15414,-62.16042799865414,-9.200192522944086,122036,-66.8889597803445,2.169628081691683,14
15415,-130.3723206429069,8.005397998682955,122049,-132.1080396739421,5.887059356646324,17
15416,-84.20376783825319,6.6379774924832695,122057,-85.91178621041317,3.2728237667350073,24
15417,-129.73576015725774,-3.8938717702162755,122077,-130.75996572568545,-6.6137591708523855,18
15418,-108.22472671125865,6.697495107841063,122082,-104.7190727296112,3.8815952186994593,7
15419,-145.20644467508993,5.158870721365164,122086,-146.59606179012786,4.113086925586259,4
15420,-99.06182278825342,3.276929924972611,122107,-96.6939343764425,2.7165835152131033,15
15421,-97.77513854861301,-1.9800106489510463,122109,-96.6939343764425,2.7165835152131033,15
15422,-92.68490100513027,-17.054866573054472,122111,-95.36861679384212,-10.95784818293233,28
15423,154.80285267724688,-0.6447083925062005,122130,172.66355239880147,-2.7112682595768685,38
15424,-90.15830649275959,4.5038999015940275,122150,-85.91178621041317,3.2728237667350073,24
15425,-104.05403014078857,3.0204014536093107,122156,-104.7190727296112,3.8815952186994593,7
15426,-149.24835646940323,4.971608390591051,122191,-146.59606179012786,4.113086925586259,4
15427,-57.91873169583661,2.3705580992280146,122214,-49.93530245157272,-0.19848027172185767,2
15428,-103.9630641909894,2.0621511911704573,122243,-104.7190727296112,3.8815952186994593,7
15429,-3.9330511219764963,5.11661224614428,122244,-6.878718007946434,-1.0926682779646681,10
15430,10.176817885811436,-11.258535756078139,122254,18.937510567705566,1.034768221250525,27
15431,-65.53849530767958,-3.0214729945791263,122256,-66.8889597803445,2.169628081691683,14
15432,147.16242282082118,-6.5864121630359325,122263,135.4076551174278,-1.697351881935795,33
15433,-17.046164917720766,-8.886254600838486,122266,-6.878718007946434,-1.0926682779646681,10
15434,-128.20922548708035,4.4698799657722414,122282,-129.1025175244067,1.5488809909733745,1
15435,-94.1887101713134,5.63133239685553,122306,-96.6939343764425,2.7165835152131033,15
15436,-51.092679812496655,5.784818835551292,122309,-49.93530245157272,-0.19848027172185767,2
15437,-109.06809522621518,2.2112695719724527,122311,-109.71624596876933,-1.0040630408538558,16
15438,-60.44913924915797,-4.900413168197854,122313,-66.8889597803445,2.169628081691683,14
15439,-70.48759815476049,-4.741074435678668,122315,-77.6204452281073,-4.536559244831727,5
15440,-95.3203974635791,8.472012991907338,122322,-96.6939343764425,2.7165835152131033,15
15441,-88.33100707260817,7.806635428305895,122326,-85.91178621041317,3.2728237667350073,24
15442,-148.04945423389083,1.1521948110722477,122335,-148.09620948762597,-1.1157003398540595,36
15443,-136.1324335391645,4.185027010243189,122357,-137.57400940459857,4.493303950559668,20
15444,341.456488004215,10.101024072033482,122361,302.44973475302317,-5.405747081354008,25
15445,-96.7546711426257,-1.891179218732077,122362,-96.6939343764425,2.7165835152131033,15
15446,156.81083819720507,13.45174590555903,122373,172.66355239880147,-2.7112682595768685,38
15447,-74.23264950060987,6.390290220366871,122379,-66.8889597803445,2.169628081691683,14
15448,-128.25465009653644,5.461771736714955,122380,-132.1080396739421,5.887059356646324,17
15449,-9.535939406657144,-2.6311700841539274,122389,-6.878718007946434,-1.0926682779646681,10
15450,-139.97840266466224,0.2321344249899132,122396,-141.0346653257256,-1.1036168920026446,0
15451,-138.97637551173756,-0.8379924948877262,122402,-141.0346653257256,-1.1036168920026446,0
15452,-124.69221077220325,-4.74675700280687,122406,-123.94204162798616,-1.5144507595891967,3
15453,-95.22252407618923,6.317683006064748,122412,-96.6939343764425,2.7165835152131033,15
15454,-70.77180991751716,0.4825750374078941,122414,-66.8889597803445,2.169628081691683,14
15455,-104.87312254894894,-0.46897162662156416,122418,-104.7190727296112,3.8815952186994593,7
15456,35.9628362169161,6.540175153057249,122420,47.997068783449585,1.2679199422360634,13
15457,-21.085640586597837,7.15194587840727,122421,-29.714479793685786,-1.264748112657314,8
15458,118.62278083910533,0.6481782839299612,122423,104.96211155305676,-0.5414592591613776,31
15459,-93.1554529670856,5.9369932074345275,122435,-96.6939343764425,2.7165835152131033,15
15460,424.36902547059725,-0.29678668101159855,122458,417.6915390220547,-4.11857226961515,29
15461,-150.1084285251887,1.8946754991719577,122474,-152.23629829764135,4.213482038439798,37
15462,-136.93943410870773,0.9841256203505331,122479,-134.89656831690453,-0.030690791204986433,34
15463,-22.667437881974006,0.026847319814812698,122481,-29.714479793685786,-1.264748112657314,8
15464,180.26493270988325,7.994983091711896,122492,172.66355239880147,-2.7112682595768685,38
15465,-67.04311404663368,4.927783653748325,122502,-66.8889597803445,2.169628081691683,14
15466,-121.18018016108651,4.465570038155453,122507,-123.80894152337959,5.566802721935252,23
15467,-126.14836860142034,3.1724912493932145,122518,-123.80894152337959,5.566802721935252,23
15468,-74.91203062422274,1.418561271283703,122529,-77.6204452281073,-4.536559244831727,5
15469,-136.22932232737165,4.740252503853388,122536,-137.57400940459857,4.493303950559668,20
15470,231.58038039385914,-67.06950693555285,122550,227.03647807555316,-5.020718083634986,26
15471,-88.01692595170557,1.9520463815472515,122551,-85.91178621041317,3.2728237667350073,24
15472,-108.10710746282568,3.5836087630157345,122553,-104.7190727296112,3.8815952186994593,7
15473,342.89252796512073,4.1543072621653465,122563,302.44973475302317,-5.405747081354008,25
15474,-154.03183552078315,0.6531468089991711,122572,-152.23629829764135,4.213482038439798,37
15475,-129.7427480218336,-2.7090326989429303,122577,-130.75996572568545,-6.6137591708523855,18
15476,-95.65230934138147,-3.085435247308133,122585,-96.6939343764425,2.7165835152131033,15
15477,-116.0089505371718,1.3226729904272785,122604,-118.09857507912784,0.7103841694799473,11
15478,63.991968535764954,-7.323588447284147,122606,70.166569844569,-14.692630117552799,9
15479,0.15705436788695207,2.1855815635983897,122610,-6.878718007946434,-1.0926682779646681,10
15480,-112.09629047949952,4.324931937856262,122611,-114.33047638704419,5.73481138949136,19
15481,349.216556802214,-29.20488206067329,122621,302.44973475302317,-5.405747081354008,25
15482,-39.273972095762026,-6.324806220130573,122624,-29.714479793685786,-1.264748112657314,8
15483,-122.7845478463367,-1.1658185938287315,122632,-123.94204162798616,-1.5144507595891967,3
15484,-107.27898080906257,6.8696497078101135,122637,-104.7190727296112,3.8815952186994593,7
15485,-92.17897614560306,4.920039479293065,122650,-96.6939343764425,2.7165835152131033,15
15486,14.539244702839895,13.925649477736116,122652,18.937510567705566,1.034768221250525,27
15487,-140.2815766762037,6.359460103024287,122654,-142.14616351708418,5.245197398204194,22
15488,-139.11288591436892,2.6909944166304167,122655,-137.57400940459857,4.493303950559668,20
15489,-54.03142664964722,-10.34457195729217,122662,-49.93530245157272,-0.19848027172185767,2
15490,-117.98021953680711,1.6921376688844705,122664,-118.09857507912784,0.7103841694799473,11
15491,128.62082612195982,-13.864764602571604,122672,135.4076551174278,-1.697351881935795,33
15492,-140.98195196992637,-0.7220737959447935,122678,-141.0346653257256,-1.1036168920026446,0
15493,384.8029873625655,-36.331572798544926,122682,417.6915390220547,-4.11857226961515,29
15494,-57.1701709803434,6.856134999901005,122684,-49.93530245157272,-0.19848027172185767,2
15495,7.894142028483422,7.05907647080136,122688,18.937510567705566,1.034768221250525,27
15496,-139.35098923181738,7.374058596382493,122695,-137.57400940459857,4.493303950559668,20
15497,-43.06364571041955,5.804380746428418,122715,-49.93530245157272,-0.19848027172185767,2
15498,-96.99612638241818,3.4148733909642885,122718,-96.6939343764425,2.7165835152131033,15
15499,15.64266762727906,-3.5644502698819314,122742,18.937510567705566,1.034768221250525,27
15500,-138.86584807444217,-2.724199912798001,122750,-141.0346653257256,-1.1036168920026446,0
15501,-109.04248315565731,2.6726439256504153,122752,-109.71624596876933,-1.0040630408538558,16
15502,637.674138126468,-11.452519539268488,122753,586.0312761189704,-1.722944617346204,30
15503,-83.14474242990846,4.814462349141143,122760,-85.91178621041317,3.2728237667350073,24
15504,-116.31495715271886,7.006685678980677,122763,-114.33047638704419,5.73481138949136,19
15505,-92.72923433433569,-1.8713008198641308,122765,-96.6939343764425,2.7165835152131033,15
15506,-112.17699674348921,4.550687757012416,122779,-114.33047638704419,5.73481138949136,19
15507,171.7194613293759,0.4493261548754002,122786,172.66355239880147,-2.7112682595768685,38
15508,-114.18816430456201,5.290282761334069,122797,-114.33047638704419,5.73481138949136,19
15509,57.28896552774312,-11.38272835907098,122800,70.166569844569,-14.692630117552799,9
15510,-126.95278526709377,0.9220213539454263,122803,-129.1025175244067,1.5488809909733745,1
15511,77.68677251545458,13.29320704949764,122810,78.01149217232324,3.6022338347977136,6
15512,-30.74293408622516,-0.5190440953545478,122818,-29.714479793685786,-1.264748112657314,8
15513,-20.980288801407053,4.343440535714624,122823,-29.714479793685786,-1.264748112657314,8
15514,-64.76840170598649,0.4939499870700632,122869,-66.8889597803445,2.169628081691683,14
15515,-101.08683074948887,2.247210172180946,122872,-104.7190727296112,3.8815952186994593,7
15516,-6.72872269777422,1.632321200037771,122874,-6.878718007946434,-1.0926682779646681,10
15517,310.8166773363849,-24.687327022573932,122875,302.44973475302317,-5.405747081354008,25
15518,117.29859886188704,5.166942521529403,122877,104.96211155305676,-0.5414592591613776,31
15519,32.707227077882884,-3.6690706197075125,122882,18.937510567705566,1.034768221250525,27
15520,-41.21211242287406,7.53512639481913,122885,-49.93530245157272,-0.19848027172185767,2
15521,-124.41313338431539,-7.792426467288474,122890,-123.94204162798616,-1.5144507595891967,3
15522,72.47494893482319,16.31413067798255,122891,78.01149217232324,3.6022338347977136,6
15523,61.979424597123625,-21.310077380556116,122893,70.166569844569,-14.692630117552799,9
15524,-148.96668250908382,-0.6929989092288498,122931,-148.09620948762597,-1.1157003398540595,36
15525,-95.07031766426792,-11.190232388881375,122934,-95.36861679384212,-10.95784818293233,28
15526,-27.225091268526608,-7.188454833602748,122938,-29.714479793685786,-1.264748112657314,8
15527,-98.44368048570779,-6.677900294916916,122952,-95.36861679384212,-10.95784818293233,28
15528,-124.664878287918,-3.8169156957195605,122953,-123.94204162798616,-1.5144507595891967,3
15529,-151.29069065420705,5.848356395082288,122955,-152.23629829764135,4.213482038439798,37
15530,-87.88388947782586,0.5922330910792397,122957,-85.91178621041317,3.2728237667350073,24
15531,-3.235650264324791,-20.770285886621775,122971,-6.878718007946434,-1.0926682779646681,10
15532,141.70777207861164,14.910470087415424,122977,135.4076551174278,-1.697351881935795,33
15533,-65.94346531340553,3.282392611390153,123004,-66.8889597803445,2.169628081691683,14
15534,-137.2881831684766,6.019303285727369,123017,-137.57400940459857,4.493303950559668,20
15535,193.74251475442279,1.3526110173270673,123019,172.66355239880147,-2.7112682595768685,38
15536,-148.07278384848442,1.6645671414833347,123021,-148.09620948762597,-1.1157003398540595,36
15537,-84.84878520922103,-0.13085974585423957,123027,-85.91178621041317,3.2728237667350073,24
15538,89.92293138278133,-4.870594503200332,123029,78.01149217232324,3.6022338347977136,6
15539,200.48414401255903,19.78229410803013,123044,172.66355239880147,-2.7112682595768685,38
15540,241.37830088666684,23.315165985070063,123060,227.03647807555316,-5.020718083634986,26
15541,288.99683683505447,15.697253471219094,123062,302.44973475302317,-5.405747081354008,25
15542,167.3593778657502,-8.519272030605102,123069,172.66355239880147,-2.7112682595768685,38
15543,-131.25588218083934,5.951829432377504,123071,-132.1080396739421,5.887059356646324,17
15544,100.75094530046906,12.782455392952354,123079,104.96211155305676,-0.5414592591613776,31
15545,-110.80198081000164,-0.5737647950405084,123091,-109.71624596876933,-1.0040630408538558,16
15546,28.846212925587263,9.991587523897545,123101,18.937510567705566,1.034768221250525,27
15547,-116.7152543562679,-2.5784235013083783,123106,-118.09857507912784,0.7103841694799473,11
15548,-106.7067287928424,-3.6199461625692697,123116,-109.71624596876933,-1.0040630408538558,16
15549,-151.11090205254663,1.9447824914529956,123121,-152.23629829764135,4.213482038439798,37
15550,-79.6998307888094,-15.982551452841781,123131,-77.6204452281073,-4.536559244831727,5
15551,44.76430970625473,-5.242926617749457,123132,47.997068783449585,1.2679199422360634,13
15552,28.419724920333692,-0.008201310397323296,123133,18.937510567705566,1.034768221250525,27
15553,-92.19669265644384,6.343518244104636,123137,-96.6939343764425,2.7165835152131033,15
15554,-3.0576491733560562,6.825272935010194,123140,-6.878718007946434,-1.0926682779646681,10
15555,-111.20277117829653,5.124866236624481,123144,-114.33047638704419,5.73481138949136,19
15556,274.17439116668083,-31.09219686736182,123159,302.44973475302317,-5.405747081354008,25
15557,299.5492788033997,-6.838005377299887,123160,302.44973475302317,-5.405747081354008,25
15558,-142.9246127101612,-1.5215922745925505,123161,-141.0346653257256,-1.1036168920026446,0
15559,-68.52252602113505,-3.932186074870239,123168,-66.8889597803445,2.169628081691683,14
15560,33.3399781758565,-41.849795997770485,123169,28.39696760572947,-22.91072472808294,12
15561,-133.14133744883696,4.437450801605908,123175,-132.1080396739421,5.887059356646324,17
15562,140.63981236215682,1.1500748233877367,123195,135.4076551174278,-1.697351881935795,33
15563,-108.78344607524195,-0.4159224803397826,123205,-109.71624596876933,-1.0040630408538558,16
15564,106.01616082651852,9.110603752819088,123214,104.96211155305676,-0.5414592591613776,31
15565,-125.38076504252427,8.273035443138959,123215,-123.80894152337959,5.566802721935252,23
15566,657.7357766635577,16.976383003554893,123219,586.0312761189704,-1.722944617346204,30
15567,96.68578927694875,14.146316963423507,123227,104.96211155305676,-0.5414592591613776,31
15568,-17.630074463717325,-29.656853308907433,123233,-6.878718007946434,-1.0926682779646681,10
15569,85.07799128762595,-7.311870106691931,123234,78.01149217232324,3.6022338347977136,6
15570,-152.18726376353894,4.078967678036337,123240,-152.23629829764135,4.213482038439798,37
15571,-56.54456384382642,-3.2241801156030268,123249,-49.93530245157272,-0.19848027172185767,2
15572,-31.685219510959108,-0.2560041200330168,123252,-29.714479793685786,-1.264748112657314,8
15573,461.2363761612562,3.2367584384734087,123256,417.6915390220547,-4.11857226961515,29
15574,42.652297862299875,-2.822005712714643,123258,47.997068783449585,1.2679199422360634,13
15575,-116.94888045013778,-0.01373034449937017,123259,-118.09857507912784,0.7103841694799473,11
15576,-106.36275793789049,8.724896386409622,123260,-104.7190727296112,3.8815952186994593,7
15577,569.341330070412,5.318366079330618,123263,586.0312761189704,-1.722944617346204,30
15578,-44.98122977893102,4.466342490340042,123272,-49.93530245157272,-0.19848027172185767,2
15579,-130.28292006666365,6.049867293391169,123285,-132.1080396739421,5.887059356646324,17
15580,-102.8764625107404,-0.8670540822003805,123312,-104.7190727296112,3.8815952186994593,7
15581,-127.3544740480099,7.6527360318629825,123313,-123.80894152337959,5.566802721935252,23
15582,-90.9621625306475,1.2157410027519242,123314,-85.91178621041317,3.2728237667350073,24
15583,509.4314971540208,-12.403529630510866,123322,586.0312761189704,-1.722944617346204,30
15584,299.0232698106648,14.759073641597377,123335,302.44973475302317,-5.405747081354008,25
15585,-127.19388040646731,4.665812366459584,123344,-123.80894152337959,5.566802721935252,23
15586,52.52708909219126,-15.143390721727382,123360,47.997068783449585,1.2679199422360634,13
15587,217.23212689347872,9.840643316700445,123372,227.03647807555316,-5.020718083634986,26
15588,-0.025195295811706712,6.701232092005313,123373,-6.878718007946434,-1.0926682779646681,10
15589,-149.00662252640274,-0.3208029760483895,123375,-148.09620948762597,-1.1157003398540595,36
15590,18.773457763614065,8.34850803786841,123382,18.937510567705566,1.034768221250525,27
15591,-47.78281962758801,-14.148882471756522,123387,-49.93530245157272,-0.19848027172185767,2
15592,13.162123998417592,2.8116812537037665,123396,18.937510567705566,1.034768221250525,27
15593,6.907387399681654,7.795577414551243,123399,18.937510567705566,1.034768221250525,27
15594,-125.21569799466776,5.686442575773886,123402,-123.80894152337959,5.566802721935252,23
15595,-129.1447773007103,3.0206178059854962,123414,-129.1025175244067,1.5488809909733745,1
15596,-90.51399473611384,-4.482921598552714,123416,-95.36861679384212,-10.95784818293233,28
15597,53.05242084042769,6.917223325787032,123424,47.997068783449585,1.2679199422360634,13
15598,-39.36184973290479,-5.425989730499812,123426,-29.714479793685786,-1.264748112657314,8
15599,-66.58020421048488,-2.1089464545064533,123429,-66.8889597803445,2.169628081691683,14
15600,-115.12918726304635,3.4578483243650027,123445,-114.33047638704419,5.73481138949136,19
15601,116.59440668320771,14.939404242854943,123447,104.96211155305676,-0.5414592591613776,31
15602,-128.98532993173347,1.1066198302703736,123452,-129.1025175244067,1.5488809909733745,1
15603,-137.94700337918792,-0.9073349008705853,123459,-141.0346653257256,-1.1036168920026446,0
15604,-146.26745671922572,5.957698779790102,123469,-146.59606179012786,4.113086925586259,4
15605,-91.74444066881404,-0.9934117333360336,123473,-96.6939343764425,2.7165835152131033,15
15606,-136.08546396161842,3.1611210507405674,123480,-137.57400940459857,4.493303950559668,20
15607,270.7067483433212,4.453895624178966,123488,302.44973475302317,-5.405747081354008,25
15608,-150.02317723397175,0.0160605787686245,123495,-148.09620948762597,-1.1157003398540595,36
15609,-35.29234020022281,-49.51501531085463,123499,-29.714479793685786,-1.264748112657314,8
15610,116.71826619596692,-15.683784055797863,123529,104.96211155305676,-0.5414592591613776,31
15611,333.1523188151322,-14.371445468941523,123531,302.44973475302317,-5.405747081354008,25
15612,-71.0622674554829,4.267151701905051,123543,-66.8889597803445,2.169628081691683,14
15613,269.9112271975683,-27.447193796604584,123550,302.44973475302317,-5.405747081354008,25
15614,-118.19233425396801,4.782202547557389,123563,-114.33047638704419,5.73481138949136,19
15615,394.3086036450333,-28.936937073836432,123565,417.6915390220547,-4.11857226961515,29
15616,-129.07360625405158,2.504604091202565,123571,-129.1025175244067,1.5488809909733745,1
15617,60.69525798472139,11.288410101958332,123577,47.997068783449585,1.2679199422360634,13
15618,35.889763305583344,9.156109129067834,123589,47.997068783449585,1.2679199422360634,13
15619,-51.36687678074557,-6.02928667926713,123616,-49.93530245157272,-0.19848027172185767,2
15620,-138.55592716011424,-5.40550568680323,123624,-141.0346653257256,-1.1036168920026446,0
15621,-75.35722031360582,8.577449683618928,123626,-66.8889597803445,2.169628081691683,14
15622,-24.465603834090494,-3.4137531264311907,123630,-29.714479793685786,-1.264748112657314,8
15623,-116.95104163143387,1.0391141222169764,123632,-118.09857507912784,0.7103841694799473,11
15624,317.13134508268325,-14.69671829670296,123635,302.44973475302317,-5.405747081354008,25
15625,-134.18794029957087,4.410866889978019,123639,-132.1080396739421,5.887059356646324,17
15626,-112.22068929675852,4.982494593789992,123650,-114.33047638704419,5.73481138949136,19
15627,-70.53967310977058,-4.102377742935946,123658,-77.6204452281073,-4.536559244831727,5
15628,-113.27177301715714,6.0860425828484885,123675,-114.33047638704419,5.73481138949136,19
15629,669.49004432807,21.034915256523814,123677,586.0312761189704,-1.722944617346204,30
15630,-127.83076714039834,-0.7394997571758428,123678,-129.1025175244067,1.5488809909733745,1
15631,105.86300938536311,-18.019952594834816,123694,104.96211155305676,-0.5414592591613776,31
15632,-153.06154577955752,0.797295722493557,123702,-152.23629829764135,4.213482038439798,37
15633,-130.02678341060147,0.4251627771608143,123703,-129.1025175244067,1.5488809909733745,1
15634,257.0879357577351,13.163316047098279,123710,227.03647807555316,-5.020718083634986,26
15635,68.45595993085982,0.3674031503840054,123733,78.01149217232324,3.6022338347977136,6
15636,-136.3602421902346,7.660595991514332,123734,-137.57400940459857,4.493303950559668,20
15637,-116.2342560697025,5.212764508161102,123738,-114.33047638704419,5.73481138949136,19
15638,190.02776123210165,11.810663432605468,123742,172.66355239880147,-2.7112682595768685,38
15639,4.795300420710546,-6.067131364852213,123743,-6.878718007946434,-1.0926682779646681,10
15640,-113.29571866083488,6.5951740119073605,123744,-114.33047638704419,5.73481138949136,19
15641,-121.96314171972631,0.7299528404015192,123752,-123.94204162798616,-1.5144507595891967,3
15642,-121.2568588312449,6.653088046858416,123760,-123.80894152337959,5.566802721935252,23
15643,-89.52818010658868,-5.185025701720498,123792,-95.36861679384212,-10.95784818293233,28
15644,-150.05894185935392,1.8460425609030515,123796,-152.23629829764135,4.213482038439798,37
15645,-111.16543231377834,4.314261096513131,123803,-114.33047638704419,5.73481138949136,19
15646,-51.18948300133278,6.895421461003415,123849,-49.93530245157272,-0.19848027172185767,2
15647,-48.285176129489294,9.010028241920152,123850,-49.93530245157272,-0.19848027172185767,2
15648,-124.1218583956271,3.132563215259017,123853,-123.80894152337959,5.566802721935252,23
15649,-26.057648748244443,5.9511449852454215,123872,-29.714479793685786,-1.264748112657314,8
15650,13.059424023988381,5.576940263989536,123875,18.937510567705566,1.034768221250525,27
15651,6.575529015893765,12.469476800907366,123907,18.937510567705566,1.034768221250525,27
15652,557.4245797504847,18.02365844603727,123911,586.0312761189704,-1.722944617346204,30
15653,-71.9457239663699,1.7023491946696652,123915,-66.8889597803445,2.169628081691683,14
15654,-67.5429726523154,-2.4442319092959788,123921,-66.8889597803445,2.169628081691683,14
15655,-144.33930320451677,7.044152812552553,123924,-142.14616351708418,5.245197398204194,22
15656,-84.54658340387758,-3.1615280173036395,123925,-85.91178621041317,3.2728237667350073,24
15657,-61.88097918690416,1.4727722488659851,123937,-66.8889597803445,2.169628081691683,14
15658,-29.054147561111698,5.821216162400625,123948,-29.714479793685786,-1.264748112657314,8
15659,-59.77733856992447,0.7734684807772705,123949,-66.8889597803445,2.169628081691683,14
15660,-145.2038186919069,5.084712325173049,123950,-146.59606179012786,4.113086925586259,4
15661,-147.83043314790604,-2.620880610285132,123953,-148.09620948762597,-1.1157003398540595,36
15662,-134.3327108207704,7.068901846182805,123963,-132.1080396739421,5.887059356646324,17
15663,253.3213635995333,9.524078080421296,123966,227.03647807555316,-5.020718083634986,26
15664,377.68099656611184,-20.593009765463716,123967,417.6915390220547,-4.11857226961515,29
15665,483.53422166755985,-0.36059181081013025,123981,417.6915390220547,-4.11857226961515,29
15666,-146.11748148578812,2.6780161312313795,123985,-146.59606179012786,4.113086925586259,4
15667,4.529868152756193,13.444726176825931,123986,-6.878718007946434,-1.0926682779646681,10
15668,-151.21205109295502,4.12030089164408,123988,-152.23629829764135,4.213482038439798,37
15669,-91.02433457878512,2.0817348630893107,123989,-85.91178621041317,3.2728237667350073,24
15670,-116.4022496638683,8.879030454910456,124006,-114.33047638704419,5.73481138949136,19
15671,-85.81364838996068,0.09655902809106469,124008,-85.91178621041317,3.2728237667350073,24
15672,107.22518472221083,6.083760993491191,124015,104.96211155305676,-0.5414592591613776,31
15673,-12.519720159268772,-1.516128201811905,124020,-6.878718007946434,-1.0926682779646681,10
15674,-134.95214434845298,-0.23454662358435358,124029,-134.89656831690453,-0.030690791204986433,34
15675,429.88039539908124,22.152897228941654,124032,417.6915390220547,-4.11857226961515,29
15676,40.91217472839282,8.774657638378745,124037,47.997068783449585,1.2679199422360634,13
15677,255.55014303261328,20.304045380627933,124053,227.03647807555316,-5.020718083634986,26
15678,-76.61868318945889,-2.470788853532362,124058,-77.6204452281073,-4.536559244831727,5
15679,-134.11434601706193,2.2862982595033228,124069,-134.89656831690453,-0.030690791204986433,34
15680,-116.96611384584718,1.8930968610754384,124078,-118.09857507912784,0.7103841694799473,11
15681,46.540223449428424,-16.059897226270344,124098,47.997068783449585,1.2679199422360634,13
15682,810.5530990502086,10.361816421312644,124103,861.6475783799328,6.515082937232454,35
15683,-74.63561682893643,-2.07312140430582,124106,-77.6204452281073,-4.536559244831727,5
15684,-45.96510293947271,2.0412262772205283,124107,-49.93530245157272,-0.19848027172185767,2
15685,-56.787958621849036,1.0626880527514355,124122,-49.93530245157272,-0.19848027172185767,2
15686,-11.33103047808368,-5.116039615906225,124125,-6.878718007946434,-1.0926682779646681,10
15687,-85.59307102930626,-4.732668287046144,124135,-77.6204452281073,-4.536559244831727,5
15688,-126.23462860684867,6.085019074140268,124139,-123.80894152337959,5.566802721935252,23
15689,35.745324502065465,-33.4005254947865,124144,28.39696760572947,-22.91072472808294,12
15690,-69.5472900985195,-3.401244724789413,124145,-66.8889597803445,2.169628081691683,14
15691,311.83041501491914,3.965300304168987,124146,302.44973475302317,-5.405747081354008,25
15692,78.24079071135586,4.742302454396736,124153,78.01149217232324,3.6022338347977136,6
15693,43.20353384878042,4.4642353777222805,124155,47.997068783449585,1.2679199422360634,13
15694,193.26520066312153,8.711146354546086,124165,172.66355239880147,-2.7112682595768685,38
15695,-145.08492057922498,2.9805239871934175,124174,-146.59606179012786,4.113086925586259,4
15696,297.28231371832084,-3.0981332751059316,124176,302.44973475302317,-5.405747081354008,25
15697,0.30783387106833277,0.9355084328798395,124177,-6.878718007946434,-1.0926682779646681,10
15698,-1.5186788872523138,-2.369448815568838,124178,-6.878718007946434,-1.0926682779646681,10
15699,-86.65575339462545,-1.8323671850673613,124183,-85.91178621041317,3.2728237667350073,24
15700,-101.10854849093943,-10.98028694893454,124187,-95.36861679384212,-10.95784818293233,28
15701,97.59538249970612,-14.336380733253641,124188,104.96211155305676,-0.5414592591613776,31
15702,80.90810044377751,9.516454492117218,124206,78.01149217232324,3.6022338347977136,6
15703,-127.21569816512269,5.139885416969857,124209,-123.80894152337959,5.566802721935252,23
15704,-146.00876491279573,0.292686568613059,124219,-148.09620948762597,-1.1157003398540595,36
15705,-117.28347481452253,6.782257765288693,124228,-114.33047638704419,5.73481138949136,19
15706,-102.03004774752928,2.5247466432249586,124230,-104.7190727296112,3.8815952186994593,7
15707,-84.17213876596918,6.437751493186684,124246,-85.91178621041317,3.2728237667350073,24
15708,-104.74018989071821,-1.8194842039747672,124255,-109.71624596876933,-1.0040630408538558,16
15709,544.7649919312782,-16.02363391282317,124257,586.0312761189704,-1.722944617346204,30
15710,-119.07568836545946,3.2459467773805337,124261,-118.09857507912784,0.7103841694799473,11
15711,-131.8359517628367,-2.755303749536417,124262,-130.75996572568545,-6.6137591708523855,18
15712,-130.03896431493476,0.722412272444061,124266,-129.1025175244067,1.5488809909733745,1
15713,-136.35640695770283,7.556445465617313,124274,-137.57400940459857,4.493303950559668,20
15714,-119.16423057569033,5.173577443259137,124286,-118.09857507912784,0.7103841694799473,11
15715,205.34810720909115,-7.106096361155575,124309,227.03647807555316,-5.020718083634986,26
15716,-124.03386447330307,0.6884787892902119,124331,-123.94204162798616,-1.5144507595891967,3
15717,-114.92042218766483,0.9290991459893545,124345,-118.09857507912784,0.7103841694799473,11
15718,-91.63618746667252,-2.335073780026383,124354,-96.6939343764425,2.7165835152131033,15
15719,-145.18805767885618,4.2185842529302295,124355,-146.59606179012786,4.113086925586259,4
15720,-136.50087606647128,-6.05799869332435,124366,-130.75996572568545,-6.6137591708523855,18
15721,-115.97886301738005,1.6693685440438861,124397,-118.09857507912784,0.7103841694799473,11
15722,-46.63706841372896,-15.78265025848356,124405,-49.93530245157272,-0.19848027172185767,2
15723,56.89845582988894,-5.906383742628495,124411,47.997068783449585,1.2679199422360634,13
15724,-111.79334346596843,-0.26146039929525405,124431,-109.71624596876933,-1.0040630408538558,16
15725,-52.86354980840782,2.7812702035314407,124440,-49.93530245157272,-0.19848027172185767,2
15726,-83.55431689507057,-18.215563814990222,124443,-95.36861679384212,-10.95784818293233,28
15727,-80.97074818284406,2.6139474167649652,124450,-85.91178621041317,3.2728237667350073,24
15728,-42.161925940300364,6.408701051887549,124454,-49.93530245157272,-0.19848027172185767,2
15729,-111.17224729488461,4.99156883453852,124458,-114.33047638704419,5.73481138949136,19
15730,-145.0411703157531,2.0364827448154803,124487,-146.59606179012786,4.113086925586259,4
15731,65.33199063951655,-11.688563375169176,124489,70.166569844569,-14.692630117552799,9
15732,-93.09574431672031,4.1082468512450285,124490,-96.6939343764425,2.7165835152131033,15
15733,171.30244915549721,-7.702696801943834,124495,172.66355239880147,-2.7112682595768685,38
15734,-77.0323028279747,2.4828664317744558,124506,-77.6204452281073,-4.536559244831727,5
15735,177.23252271044603,7.1078314372005496,124512,172.66355239880147,-2.7112682595768685,38
15736,-147.66406938676116,-4.723460801452335,124513,-148.09620948762597,-1.1157003398540595,36
15737,-127.01878504235192,0.32834038535425936,124522,-129.1025175244067,1.5488809909733745,1
15738,-4.376087230898926,11.232066767570375,124523,-6.878718007946434,-1.0926682779646681,10
15739,-142.19001699483817,4.338871702611469,124525,-142.14616351708418,5.245197398204194,22
15740,-127.92829082457175,-0.6589428394755003,124526,-129.1025175244067,1.5488809909733745,1
15741,-109.11202712450925,4.198514043220584,124528,-104.7190727296112,3.8815952186994593,7
15742,-124.1880396193824,4.060037632358872,124529,-123.80894152337959,5.566802721935252,23
15743,-11.664560169711907,0.6503039280604007,124538,-6.878718007946434,-1.0926682779646681,10
15744,-108.07384495823275,3.356706811489937,124539,-104.7190727296112,3.8815952186994593,7
15745,-143.94937286666777,1.0712073231702177,124541,-141.0346653257256,-1.1036168920026446,0
15746,202.83975015023944,-14.326155329045694,124543,227.03647807555316,-5.020718083634986,26
15747,-74.82609843776135,0.04325976141741746,124544,-77.6204452281073,-4.536559244831727,5
15748,-129.14666031304137,3.5784339104585317,124555,-129.1025175244067,1.5488809909733745,1
15749,-31.863255528509885,1.581436434608446,124559,-29.714479793685786,-1.264748112657314,8
15750,-123.97958583600698,1.5626816919993356,124562,-123.94204162798616,-1.5144507595891967,3
15751,-79.3745504201728,8.893766827840107,124563,-85.91178621041317,3.2728237667350073,24
15752,-132.18868857270004,3.9499134877160866,124576,-132.1080396739421,5.887059356646324,17
15753,-62.104020613899685,-9.393423327622854,124580,-66.8889597803445,2.169628081691683,14
15754,-117.0693518495823,2.106417176809078,124599,-118.09857507912784,0.7103841694799473,11
15755,-80.7802052709069,-0.019654504151291198,124603,-77.6204452281073,-4.536559244831727,5
15756,48.97172286589641,-7.664862218315028,124608,47.997068783449585,1.2679199422360634,13
15757,-34.744900690124744,-28.977072004143068,124609,-29.714479793685786,-1.264748112657314,8
15758,-46.30624430684358,-6.756090736618866,124610,-49.93530245157272,-0.19848027172185767,2
15759,-126.15333708932755,3.7815651297688606,124627,-123.80894152337959,5.566802721935252,23
15760,-91.25625366925415,6.62698381337037,124635,-85.91178621041317,3.2728237667350073,24
15761,-98.22089739375755,6.248893219674331,124652,-96.6939343764425,2.7165835152131033,15
15762,-125.18810441159843,4.0670547841415585,124654,-123.80894152337959,5.566802721935252,23
15763,3.2307581717399603,1.650185180117483,124656,-6.878718007946434,-1.0926682779646681,10
15764,8.981953787712829,6.693636436017955,124658,18.937510567705566,1.034768221250525,27
15765,34.86807720247308,-5.616466840227019,124666,47.997068783449585,1.2679199422360634,13
15766,60.892372189718024,-5.194612174001656,124681,70.166569844569,-14.692630117552799,9
15767,-152.1998779948489,4.391776564896224,124682,-152.23629829764135,4.213482038439798,37
15768,-101.09385337440814,2.392839249792609,124685,-104.7190727296112,3.8815952186994593,7
15769,-13.23670391260658,9.56661120520497,124692,-6.878718007946434,-1.0926682779646681,10
15770,-139.35315503631895,7.425743699796246,124695,-137.57400940459857,4.493303950559668,20
15771,-115.47055231251359,-5.341967569543908,124698,-115.69510858146283,-11.595084171039186,39
15772,-58.22600682214042,-7.684521990109395,124709,-49.93530245157272,-0.19848027172185767,2
15773,-102.37033322171833,-7.846655828073636,124712,-95.36861679384212,-10.95784818293233,28
15774,-111.41816672907308,9.320534594467246,124715,-114.33047638704419,5.73481138949136,19
15775,-92.827165893418,-1.273831136868349,124731,-96.6939343764425,2.7165835152131033,15
15776,-141.20827972901975,4.226599518267267,124739,-142.14616351708418,5.245197398204194,22
15777,-72.63326395046057,-3.1116943133362405,124741,-77.6204452281073,-4.536559244831727,5
15778,270.17497445409236,-16.95712521602794,124747,302.44973475302317,-5.405747081354008,25
15779,-22.062946362428338,-9.635348185277058,124773,-29.714479793685786,-1.264748112657314,8
15780,-122.38955724920515,8.511806272704103,124783,-123.80894152337959,5.566802721935252,23
15781,-126.94421004845718,0.7291378293333663,124785,-129.1025175244067,1.5488809909733745,1
15782,285.0746286070811,-15.022990721659149,124793,302.44973475302317,-5.405747081354008,25
15783,24.359458591985174,-42.42915514194755,124795,28.39696760572947,-22.91072472808294,12
15784,-113.34529276692261,8.212164858814036,124796,-114.33047638704419,5.73481138949136,19
15785,-94.66074468827256,-3.4043147533861324,124798,-96.6939343764425,2.7165835152131033,15
15786,-152.15767804976798,3.4456152006978114,124805,-152.23629829764135,4.213482038439798,37
15787,-32.99091400960515,-10.871544550281012,124825,-29.714479793685786,-1.264748112657314,8
15788,-87.14744052730246,-9.395605794247132,124828,-95.36861679384212,-10.95784818293233,28
15789,88.69109193269905,-2.377972184926269,124848,78.01149217232324,3.6022338347977136,6
15790,66.74716370529224,10.756514204262844,124852,78.01149217232324,3.6022338347977136,6
15791,-38.649423305403936,-1.1567325628136442,124854,-29.714479793685786,-1.264748112657314,8
15792,-140.07793735232602,1.4015118551236416,124866,-141.0346653257256,-1.1036168920026446,0
15793,-125.19011433692143,5.1499198769662495,124867,-123.80894152337959,5.566802721935252,23
15794,12.943878006456345,7.086132406723016,124872,18.937510567705566,1.034768221250525,27
15795,42.22781163748655,2.9010981154781614,124880,47.997068783449585,1.2679199422360634,13
15796,-113.92369204562509,1.018839704014364,124883,-118.09857507912784,0.7103841694799473,11
15797,-142.17928869695868,4.099584397661622,124891,-142.14616351708418,5.245197398204194,22
15798,-145.06167676706713,1.482059230470301,124898,-146.59606179012786,4.113086925586259,4
15799,-79.57437332525836,-3.488896383018173,124906,-77.6204452281073,-4.536559244831727,5
15800,-49.26862867282559,8.651119082430698,124910,-49.93530245157272,-0.19848027172185767,2
15801,-140.13660216644774,3.1662360807359144,124911,-137.57400940459857,4.493303950559668,20
15802,-134.15569766740416,3.174784315411481,124922,-134.89656831690453,-0.030690791204986433,34
15803,-36.81454510081075,-12.757230753844535,124928,-29.714479793685786,-1.264748112657314,8
15804,102.66333052923748,-0.5114928038698594,124950,104.96211155305676,-0.5414592591613776,31
15805,217.65116393073444,2.725937359840442,124961,227.03647807555316,-5.020718083634986,26
15806,52.09294334926085,6.5239303524908285,124969,47.997068783449585,1.2679199422360634,13
15807,46.114098608029046,5.450206768831597,124984,47.997068783449585,1.2679199422360634,13
15808,-130.34156126667594,7.321858035632908,125007,-132.1080396739421,5.887059356646324,17
15809,-96.41227491241489,-7.334325713019466,125008,-95.36861679384212,-10.95784818293233,28
15810,426.6134055044567,-3.558745969315543,125011,417.6915390220547,-4.11857226961515,29
15811,-112.15842986888964,4.6505464785988435,125014,-114.33047638704419,5.73481138949136,19
15812,-136.89229338493362,-0.06724244971137855,125015,-134.89656831690453,-0.030690791204986433,34
15813,-125.06250879210245,1.8166015191606562,125020,-123.94204162798616,-1.5144507595891967,3
15814,364.4831001983621,-18.01606021292732,125037,417.6915390220547,-4.11857226961515,29
15815,55.06585173503328,-8.593666363250353,125045,47.997068783449585,1.2679199422360634,13
15816,-132.03853651115793,2.207665849490272,125047,-129.1025175244067,1.5488809909733745,1
15817,-98.13577802964764,5.432220806933872,125049,-96.6939343764425,2.7165835152131033,15
15818,310.84431692160234,3.6437239227700253,125062,302.44973475302317,-5.405747081354008,25
15819,460.4356080222911,0.3943341527470209,125070,417.6915390220547,-4.11857226961515,29
15820,108.02642742130081,-5.810527705527477,125073,104.96211155305676,-0.5414592591613776,31
15821,149.0243363890261,9.65984435047162,125075,135.4076551174278,-1.697351881935795,33
15822,-130.9075430109131,-1.1708132357827157,125093,-129.1025175244067,1.5488809909733745,1
15823,160.79910709873113,-1.4796088144418005,125114,172.66355239880147,-2.7112682595768685,38
15824,-127.95071852051228,0.3559106162352985,125119,-129.1025175244067,1.5488809909733745,1
15825,-128.36999820676573,-7.769380369620564,125120,-130.75996572568545,-6.6137591708523855,18
15826,932.8858590447841,38.695821893106476,125121,861.6475783799328,6.515082937232454,35
15827,117.14247581930313,7.555380026773135,125123,104.96211155305676,-0.5414592591613776,31
15828,672.871602174909,-27.351750230944628,125125,586.0312761189704,-1.722944617346204,30
15829,166.98967171713656,10.715517006384452,125137,172.66355239880147,-2.7112682595768685,38
15830,186.77223535881222,-14.161381289014413,125143,172.66355239880147,-2.7112682595768685,38
15831,-149.22927647877492,4.551051722000748,125146,-146.59606179012786,4.113086925586259,4
15832,-106.04232570008641,1.7079362396131512,125161,-104.7190727296112,3.8815952186994593,7
15833,-35.039381675699076,4.356311028393849,125162,-29.714479793685786,-1.264748112657314,8
15834,-65.68514768634611,-0.832196110889866,125166,-66.8889597803445,2.169628081691683,14
15835,-112.18935369598144,5.33096149194072,125178,-114.33047638704419,5.73481138949136,19
15836,-90.94204138751269,2.327398224590587,125201,-85.91178621041317,3.2728237667350073,24
15837,-100.5382340434428,-4.651504345550723,125209,-95.36861679384212,-10.95784818293233,28
15838,199.21308259370454,-19.999540635275864,125229,227.03647807555316,-5.020718083634986,26
15839,-125.17502383895577,4.271732396884718,125238,-123.80894152337959,5.566802721935252,23
15840,9.06277359858936,-10.316383732004244,125246,18.937510567705566,1.034768221250525,27
15841,-4.894862604751881,-11.47352544175688,125247,-6.878718007946434,-1.0926682779646681,10
15842,-108.31261638754987,-8.182700052062756,125248,-109.71624596876933,-1.0040630408538558,16
15843,-152.2480867486904,4.9054151416570395,125260,-152.23629829764135,4.213482038439798,37
15844,132.02962582731237,10.275141938993482,125261,135.4076551174278,-1.697351881935795,33
15845,-31.144382796730614,-8.0001953305049,125265,-29.714479793685786,-1.264748112657314,8
15846,-43.15237937484551,6.190040341860011,125266,-49.93530245157272,-0.19848027172185767,2
15847,319.3811552674206,-61.23838871135818,125280,302.44973475302317,-5.405747081354008,25
15848,56.873800301170284,10.38294869618318,125285,47.997068783449585,1.2679199422360634,13
15849,-86.92756641318181,1.0472047992653066,125287,-85.91178621041317,3.2728237667350073,24
15850,-134.0008946199645,-0.2298087716007583,125328,-134.89656831690453,-0.030690791204986433,34
15851,-124.78129700275858,-3.3120988366348163,125342,-123.94204162798616,-1.5144507595891967,3
15852,-132.9763203581571,-0.19192541859954768,125352,-134.89656831690453,-0.030690791204986433,34
15853,-90.80934374741624,-0.5826459713096511,125391,-85.91178621041317,3.2728237667350073,24
15854,187.4842047224362,4.845229191582221,125394,172.66355239880147,-2.7112682595768685,38
15855,25.635006602166083,-3.2388381226410425,125399,18.937510567705566,1.034768221250525,27
15856,477.2682864767701,3.3254813001915493,125420,417.6915390220547,-4.11857226961515,29
15857,775.6411620566759,-6.357346284474976,125424,861.6475783799328,6.515082937232454,35
15858,-120.71633983374358,-4.154676991926879,125425,-123.94204162798616,-1.5144507595891967,3
15859,-55.044942052834095,4.135980581092931,125426,-49.93530245157272,-0.19848027172185767,2
15860,-71.40493520780609,-6.037641664593099,125447,-77.6204452281073,-4.536559244831727,5
15861,75.806301807143,-18.295923466855424,125449,70.166569844569,-14.692630117552799,9
15862,-59.262545527657245,-7.402962416122022,125452,-49.93530245157272,-0.19848027172185767,2
15863,-120.2047702064283,5.532153100698408,125453,-123.80894152337959,5.566802721935252,23
15864,135.32818446271486,5.8464859888110885,125456,135.4076551174278,-1.697351881935795,33
15865,-117.06632347454276,3.5731270161104227,125480,-118.09857507912784,0.7103841694799473,11
15866,-78.42021461362226,-5.8197597971701995,125482,-77.6204452281073,-4.536559244831727,5
15867,597.0910475546209,-4.482840579983981,125489,586.0312761189704,-1.722944617346204,30
15868,171.64596170446472,-13.180512456734883,125504,172.66355239880147,-2.7112682595768685,38
15869,-36.91643839975195,3.1911885784997636,125518,-29.714479793685786,-1.264748112657314,8
15870,-73.02121254001233,3.8447215493588707,125540,-66.8889597803445,2.169628081691683,14
15871,-138.96903879293038,-0.9810294836251104,125554,-141.0346653257256,-1.1036168920026446,0
15872,-85.8607434614758,0.1191983599683429,125563,-85.91178621041317,3.2728237667350073,24
15873,-81.06676351794295,2.639482279888318,125570,-85.91178621041317,3.2728237667350073,24
15874,-42.905045303410745,3.854304219286387,125571,-49.93530245157272,-0.19848027172185767,2
15875,-51.906283577622794,3.7436578283478568,125572,-49.93530245157272,-0.19848027172185767,2
15876,-24.472346754094723,-3.7796074240289665,125573,-29.714479793685786,-1.264748112657314,8
15877,-103.6936330476319,-1.8082176844376345,125581,-104.7190727296112,3.8815952186994593,7
15878,76.19726160969009,5.15747669261205,125582,78.01149217232324,3.6022338347977136,6
15879,-83.71525719734457,-1.5002615320913053,125600,-85.91178621041317,3.2728237667350073,24
15880,-152.25532647832168,5.574912739720423,125603,-152.23629829764135,4.213482038439798,37
15881,-49.17438716395922,7.608260317756821,125608,-49.93530245157272,-0.19848027172185767,2
15882,4.7727253733170505,9.66650007656547,125609,-6.878718007946434,-1.0926682779646681,10
15883,73.49479083216386,-28.305019439605243,125616,70.166569844569,-14.692630117552799,9
15884,-122.39055386649164,8.547322345090155,125618,-123.80894152337959,5.566802721935252,23
15885,-151.11193800169167,2.9637158520503086,125636,-152.23629829764135,4.213482038439798,37
15886,24.171329258495987,3.2824542378015944,125637,18.937510567705566,1.034768221250525,27
15887,70.40801119673309,1.9884248785547076,125661,78.01149217232324,3.6022338347977136,6
15888,599.4112214324995,19.528736917814502,125675,586.0312761189704,-1.722944617346204,30
15889,98.07559818262872,7.673588665125256,125679,104.96211155305676,-0.5414592591613776,31
15890,5.823315149787247,8.551028927084214,125680,18.937510567705566,1.034768221250525,27
15891,-93.11034756911272,3.9061313079100266,125689,-96.6939343764425,2.7165835152131033,15
15892,46.44049603152991,-14.375067995362077,125694,47.997068783449585,1.2679199422360634,13
15893,-111.18252822769009,4.171610020600213,125701,-114.33047638704419,5.73481138949136,19
15894,-49.15274195171072,6.115087251280803,125739,-49.93530245157272,-0.19848027172185767,2
15895,-6.980085856418588,-10.170338360251153,125748,-6.878718007946434,-1.0926682779646681,10
15896,46.959283609349235,6.794155330471021,125749,47.997068783449585,1.2679199422360634,13
15897,68.30506434305916,-11.0417483338964,125761,70.166569844569,-14.692630117552799,9
15898,426.67170123300247,-4.321435545406674,125763,417.6915390220547,-4.11857226961515,29
15899,-132.3671275081302,7.863205802664547,125776,-132.1080396739421,5.887059356646324,17
15900,1.180329871431712,-11.491315341030113,125801,-6.878718007946434,-1.0926682779646681,10
15901,-89.3360875653356,8.407880091615684,125802,-85.91178621041317,3.2728237667350073,24
15902,315.2260689634924,-16.289778558462697,125814,302.44973475302317,-5.405747081354008,25
15903,113.26452314983517,5.324826222337108,125829,104.96211155305676,-0.5414592591613776,31
15904,-135.07424939497042,1.3968925513893007,125848,-134.89656831690453,-0.030690791204986433,34
15905,-101.37280996046826,9.00794620884741,125855,-104.7190727296112,3.8815952186994593,7
15906,-115.96980529733484,1.4753780519669204,125858,-118.09857507912784,0.7103841694799473,11
15907,-145.20888891288067,4.679980013102975,125865,-146.59606179012786,4.113086925586259,4
15908,487.8904307886259,-19.737286133568954,125881,417.6915390220547,-4.11857226961515,29
15909,170.92794682750542,-2.075306716511803,125888,172.66355239880147,-2.7112682595768685,38
15910,-120.55776775882426,-4.034343181275573,125890,-123.94204162798616,-1.5144507595891967,3
15911,-154.22548408171255,4.375452930246993,125891,-152.23629829764135,4.213482038439798,37
15912,179.32887092210666,-8.150615841897341,125895,172.66355239880147,-2.7112682595768685,38
15913,-129.00652761176357,1.045744371939539,125898,-129.1025175244067,1.5488809909733745,1
15914,462.4856315528409,-29.09299884283637,125899,417.6915390220547,-4.11857226961515,29
15915,-87.49619853350622,-34.288931773539346,125917,-95.36861679384212,-10.95784818293233,28
15916,-127.95276198984703,-0.6346807994719413,125924,-129.1025175244067,1.5488809909733745,1
15917,104.0323346541626,-6.003136245931391,125925,104.96211155305676,-0.5414592591613776,31
15918,-148.02483510418256,1.6271799300823424,125930,-148.09620948762597,-1.1157003398540595,36
15919,-139.8948777816877,-0.5666051847376565,125936,-141.0346653257256,-1.1036168920026446,0
15920,-108.25364211700455,6.796677644812641,125938,-104.7190727296112,3.8815952186994593,7
15921,-148.8709136555848,-2.2538928913313074,125942,-148.09620948762597,-1.1157003398540595,36
15922,-120.0811817305921,2.8276331994350077,125943,-118.09857507912784,0.7103841694799473,11
15923,-110.68916436093436,-3.550352054011623,125946,-109.71624596876933,-1.0040630408538558,16
15924,-36.31340895752398,-5.921052587396786,125954,-29.714479793685786,-1.264748112657314,8
15925,214.00568613455178,-2.5463629251052717,125960,227.03647807555316,-5.020718083634986,26
15926,-129.71458344514267,-3.8346060143350833,125964,-130.75996572568545,-6.6137591708523855,18
15927,173.1120864303588,-5.041478051064918,125986,172.66355239880147,-2.7112682595768685,38
15928,-130.12213418746416,4.086869789886594,125994,-132.1080396739421,5.887059356646324,17
15929,191.9558580436134,-16.54103115496821,126003,172.66355239880147,-2.7112682595768685,38
15930,-148.23845943378694,5.269278070851042,126010,-146.59606179012786,4.113086925586259,4
15931,-33.05163385864059,6.197695030286363,126011,-29.714479793685786,-1.264748112657314,8
15932,-122.02981000363496,1.6800141746098587,126018,-123.94204162798616,-1.5144507595891967,3
15933,-141.1772351273928,4.555892914827105,126040,-142.14616351708418,5.245197398204194,22
15934,391.7346510665176,-6.289408620872295,126053,417.6915390220547,-4.11857226961515,29
15935,-116.15803329543742,4.0608780173655425,126055,-114.33047638704419,5.73481138949136,19
15936,-125.38508750882814,8.394960798671281,126065,-123.80894152337959,5.566802721935252,23
15937,-99.00283661191054,2.499338281414723,126070,-96.6939343764425,2.7165835152131033,15
15938,-128.97174038891512,-0.2284505795373056,126078,-129.1025175244067,1.5488809909733745,1
15939,-61.20556438977801,-8.200555512832564,126090,-66.8889597803445,2.169628081691683,14
15940,156.88570510755514,-17.136860443649805,126097,172.66355239880147,-2.7112682595768685,38
15941,57.823031501130615,-4.254290411541144,126098,47.997068783449585,1.2679199422360634,13
15942,61.15106348426345,4.891752779473382,126102,47.997068783449585,1.2679199422360634,13
15943,-102.07232747213007,3.960487127312531,126106,-104.7190727296112,3.8815952186994593,7
15944,29.286820986954577,2.402844255525731,126113,18.937510567705566,1.034768221250525,27
15945,-61.71541489581374,-0.10590921746457575,126114,-66.8889597803445,2.169628081691683,14
15946,279.01874233535676,-14.412448207820455,126121,302.44973475302317,-5.405747081354008,25
15947,420.66527624164513,24.647129989600703,126142,417.6915390220547,-4.11857226961515,29
15948,41.95747698719775,7.276223386256999,126143,47.997068783449585,1.2679199422360634,13
15949,-77.33857012089143,9.191974406866002,126151,-85.91178621041317,3.2728237667350073,24
15950,-120.07597842554081,2.7155777871112394,126155,-118.09857507912784,0.7103841694799473,11
15951,-75.00255802282537,3.927973678776465,126158,-66.8889597803445,2.169628081691683,14
15952,-27.43160806274728,-3.1719354937724336,126163,-29.714479793685786,-1.264748112657314,8
15953,-137.60459710813484,-5.876196781123395,126176,-141.0346653257256,-1.1036168920026446,0
15954,-45.92872937142892,2.269614861166794,126182,-49.93530245157272,-0.19848027172185767,2
15955,-97.65785090544259,-3.5051243303400943,126184,-96.6939343764425,2.7165835152131033,15
15956,-29.49976167797504,-2.751269906735617,126185,-29.714479793685786,-1.264748112657314,8
15957,-127.76835867058752,-1.6102836415490844,126188,-129.1025175244067,1.5488809909733745,1
15958,-15.675406299441265,0.29867076117122454,126191,-6.878718007946434,-1.0926682779646681,10
15959,-115.18403129503228,4.133564576812036,126196,-114.33047638704419,5.73481138949136,19
15960,-136.29189853636532,6.653430158983601,126208,-137.57400940459857,4.493303950559668,20
15961,315.6706235532241,-22.42744949756343,126216,302.44973475302317,-5.405747081354008,25
15962,-46.98242793356326,3.950979878316721,126220,-49.93530245157272,-0.19848027172185767,2
15963,25.49205177955617,-1.6347068408821344,126221,18.937510567705566,1.034768221250525,27
15964,-126.98773273513376,1.6811552271707186,126227,-129.1025175244067,1.5488809909733745,1
15965,-149.11812110173994,3.1558613964057884,126244,-146.59606179012786,4.113086925586259,4
15966,-150.3252460690804,6.6347369004901475,126245,-152.23629829764135,4.213482038439798,37
15967,-80.1476180104001,5.98721923503792,126247,-85.91178621041317,3.2728237667350073,24
15968,-113.1746480212109,4.97862435532335,126258,-114.33047638704419,5.73481138949136,19
15969,-114.10560975362837,3.9705483963457398,126265,-114.33047638704419,5.73481138949136,19
15970,690.5038996396269,-35.77339869503052,126273,586.0312761189704,-1.722944617346204,30
15971,-48.77938885969628,1.0123419863004464,126285,-49.93530245157272,-0.19848027172185767,2
15972,-126.14135543710869,4.048971685528725,126289,-123.80894152337959,5.566802721935252,23
15973,41.1754413256138,4.542835212884078,126290,47.997068783449585,1.2679199422360634,13
15974,-120.12875131827798,3.335743531001288,126295,-118.09857507912784,0.7103841694799473,11
15975,-90.12975125805865,4.396053978758825,126307,-85.91178621041317,3.2728237667350073,24
15976,-38.35283860374391,10.133978751593807,126313,-29.714479793685786,-1.264748112657314,8
15977,279.7609629343935,3.914830085220963,126314,302.44973475302317,-5.405747081354008,25
15978,-99.04763233828916,2.958642871095844,126320,-96.6939343764425,2.7165835152131033,15
15979,209.31682923116762,-21.089852368849304,126331,227.03647807555316,-5.020718083634986,26
15980,-92.26743602865848,6.355813718002104,126332,-96.6939343764425,2.7165835152131033,15
15981,-93.4560123111428,10.45353240156502,126336,-96.6939343764425,2.7165835152131033,15
15982,-111.81232730255594,0.1597506409069915,126347,-109.71624596876933,-1.0040630408538558,16
15983,-94.21118027026378,5.085604335073308,126351,-96.6939343764425,2.7165835152131033,15
15984,-126.35209500265991,7.6109106307981795,126353,-123.80894152337959,5.566802721935252,23
15985,95.20831340411051,-9.491828760622397,126355,104.96211155305676,-0.5414592591613776,31
15986,-130.0635355462201,2.791105421637602,126366,-129.1025175244067,1.5488809909733745,1
15987,341.18446364702635,-0.21660202695947034,126371,302.44973475302317,-5.405747081354008,25
15988,-54.6586688920811,-2.2555383892206433,126378,-49.93530245157272,-0.19848027172185767,2
15989,262.9645354797745,15.45130106227577,126384,227.03647807555316,-5.020718083634986,26
15990,50.956947580275056,8.452463385124036,126387,47.997068783449585,1.2679199422360634,13
15991,-123.84605667246706,-0.34560164852485914,126392,-123.94204162798616,-1.5144507595891967,3
15992,-107.72347231850452,-16.45516820617127,126393,-115.69510858146283,-11.595084171039186,39
15993,467.8054424830465,9.696186313918146,126402,417.6915390220547,-4.11857226961515,29
15994,949.6681205291914,13.798473675066782,126405,861.6475783799328,6.515082937232454,35
15995,-128.74293236523488,-3.196201354612817,126426,-130.75996572568545,-6.6137591708523855,18
15996,229.54649988702994,-9.51419817006496,126438,227.03647807555316,-5.020718083634986,26
15997,-127.81261662549042,-1.1388105956399157,126445,-129.1025175244067,1.5488809909733745,1
15998,-91.248534603715,6.976723907335901,126460,-85.91178621041317,3.2728237667350073,24
15999,-140.10854975577973,2.576652897347351,126461,-137.57400940459857,4.493303950559668,20
16000,-125.99742234589176,1.9358547391684553,126462,-129.1025175244067,1.5488809909733745,1
16001,-125.86481338676917,-1.5034797917046627,126468,-123.94204162798616,-1.5144507595891967,3
16002,-110.71305192910614,-2.505870677419181,126478,-109.71624596876933,-1.0040630408538558,16
16003,42.02875474751299,5.703667776770544,126480,47.997068783449585,1.2679199422360634,13
16004,-112.06700775769366,2.6410225058193277,126483,-114.33047638704419,5.73481138949136,19
16005,-93.42836373019625,9.85605156858956,126514,-96.6939343764425,2.7165835152131033,15
16006,-148.2702421249837,5.4830516055333565,126518,-146.59606179012786,4.113086925586259,4
16007,-112.10281042737412,4.445471559403644,126527,-114.33047638704419,5.73481138949136,19
16008,118.30472892620153,5.050497415492803,126528,104.96211155305676,-0.5414592591613776,31
16009,5.678659053346926,-4.527048201335939,126529,-6.878718007946434,-1.0926682779646681,10
16010,-88.93344535157689,0.616150784529396,126531,-85.91178621041317,3.2728237667350073,24
16011,-126.23071084910171,5.502848178818523,126532,-123.80894152337959,5.566802721935252,23
16012,-28.373729760667693,11.289147152156987,126533,-29.714479793685786,-1.264748112657314,8
16013,5.833022432874781,-7.4079945470587525,126546,-6.878718007946434,-1.0926682779646681,10
16014,-123.21894701533384,5.78991942264177,126547,-123.80894152337959,5.566802721935252,23
16015,-78.60931492044594,-2.7061421137272665,126548,-77.6204452281073,-4.536559244831727,5
16016,307.4823115438849,-5.7742556150646145,126559,302.44973475302317,-5.405747081354008,25
16017,74.79702398138387,-3.381308857976198,126567,78.01149217232324,3.6022338347977136,6
16018,608.7293324516172,-42.106333473175916,126569,586.0312761189704,-1.722944617346204,30
16019,-74.73173837021179,-0.9880700194697596,126570,-77.6204452281073,-4.536559244831727,5
16020,-21.128480304313694,6.55517419965051,126571,-29.714479793685786,-1.264748112657314,8
16021,369.43838555630856,-31.68430312656569,126575,417.6915390220547,-4.11857226961515,29
16022,-121.0502454707963,1.6190057891709182,126577,-118.09857507912784,0.7103841694799473,11
16023,17.02857673331154,6.3243748834263895,126581,18.937510567705566,1.034768221250525,27
16024,-67.25992704970177,8.159953468222795,126604,-66.8889597803445,2.169628081691683,14
16025,-120.98086714827264,0.1129586690359949,126608,-118.09857507912784,0.7103841694799473,11
16026,61.40051470477984,-12.737300720268872,126620,70.166569844569,-14.692630117552799,9
16027,-106.44218171287247,-6.327874683502285,126631,-109.71624596876933,-1.0040630408538558,16
16028,-49.97374536529533,3.183012153724593,126667,-49.93530245157272,-0.19848027172185767,2
16029,-134.96252170163655,1.520610206015526,126672,-134.89656831690453,-0.030690791204986433,34
16030,-104.9524101607561,0.2522654910074817,126683,-104.7190727296112,3.8815952186994593,7
16031,-83.16419427201879,4.766615578049877,126688,-85.91178621041317,3.2728237667350073,24
16032,351.492961985413,-4.241821369126734,126692,302.44973475302317,-5.405747081354008,25
16033,-132.22380160082,5.251146287087685,126694,-132.1080396739421,5.887059356646324,17
16034,-36.21203476656348,-7.115340970708058,126695,-29.714479793685786,-1.264748112657314,8
16035,-95.13772982115468,4.488783864003954,126701,-96.6939343764425,2.7165835152131033,15
16036,-80.25622079283511,7.3287276489448505,126703,-85.91178621041317,3.2728237667350073,24
16037,-109.19867154224575,5.58321838656101,126716,-104.7190727296112,3.8815952186994593,7
16038,782.2563421699186,13.849543485696788,126728,861.6475783799328,6.515082937232454,35
16039,-115.2071154576906,5.160186301370038,126733,-114.33047638704419,5.73481138949136,19
16040,-73.68714417961213,-16.163667639691276,126755,-77.6204452281073,-4.536559244831727,5
16041,-127.90035950501007,-0.24166894137335707,126759,-129.1025175244067,1.5488809909733745,1
16042,-72.79569540217254,-1.1011480995520975,126763,-77.6204452281073,-4.536559244831727,5
16043,-127.95862426013295,-0.009521199729860841,126780,-129.1025175244067,1.5488809909733745,1
16044,164.42291449943878,-9.957207537094595,126785,172.66355239880147,-2.7112682595768685,38
16045,-94.0145784268884,1.8041295484881656,126787,-96.6939343764425,2.7165835152131033,15
16046,-130.90736524884326,-1.6879669875365892,126795,-129.1025175244067,1.5488809909733745,1
16047,79.9892995662764,-6.485750421084772,126797,78.01149217232324,3.6022338347977136,6
16048,-154.96910036699947,-1.252622898909459,126809,-152.23629829764135,4.213482038439798,37
16049,-131.20464957133606,-10.41307476455789,126816,-130.75996572568545,-6.6137591708523855,18
16050,-125.24997429941452,5.424764782100849,126834,-123.80894152337959,5.566802721935252,23
16051,-41.065943436452635,5.873715919292153,126837,-49.93530245157272,-0.19848027172185767,2
16052,-131.17049852263108,5.104692556302597,126852,-132.1080396739421,5.887059356646324,17
16053,151.00982435735585,11.025656238764997,126859,135.4076551174278,-1.697351881935795,33
16054,-143.09990306008203,2.326842026532538,126863,-142.14616351708418,5.245197398204194,22
16055,-26.783023563002534,1.9742888932164453,126888,-29.714479793685786,-1.264748112657314,8
16056,10.778891904002434,-5.099765442754016,126908,18.937510567705566,1.034768221250525,27
16057,105.38918442520549,3.490847166791975,126911,104.96211155305676,-0.5414592591613776,31
16058,-114.05261807075338,2.303186419552852,126915,-114.33047638704419,5.73481138949136,19
16059,-75.59832779906013,-2.405260432611499,126933,-77.6204452281073,-4.536559244831727,5
16060,-135.76276934212382,-2.35702554593904,126950,-134.89656831690453,-0.030690791204986433,34
16061,-50.46265476714301,-3.9192261695127306,126956,-49.93530245157272,-0.19848027172185767,2
16062,23.250709020895183,3.610693866849758,126982,18.937510567705566,1.034768221250525,27
16063,-43.71850450714974,-14.461211104428953,126989,-49.93530245157272,-0.19848027172185767,2
16064,132.57950421281473,1.319916655803185,126996,135.4076551174278,-1.697351881935795,33
16065,-133.19421906062604,4.047019313220698,127010,-132.1080396739421,5.887059356646324,17
16066,-84.23614309928357,7.334051470054483,127017,-85.91178621041317,3.2728237667350073,24
16067,-150.3283302606527,6.707984288526159,127023,-152.23629829764135,4.213482038439798,37
16068,-112.0773011725265,3.912789531257495,127048,-114.33047638704419,5.73481138949136,19
16069,-111.25945342714645,6.3698289665418315,127057,-114.33047638704419,5.73481138949136,19
16070,-132.0227766301053,0.8310075192349649,127058,-134.89656831690453,-0.030690791204986433,34
16071,-95.90536480068499,0.9178762885761196,127069,-96.6939343764425,2.7165835152131033,15
16072,-138.28495482071855,5.964337307527989,127082,-137.57400940459857,4.493303950559668,20
16073,87.2723948542083,4.71121770922949,127084,78.01149217232324,3.6022338347977136,6
16074,-13.24585918401563,-5.473912429598679,127099,-6.878718007946434,-1.0926682779646681,10
16075,-28.65105360967375,0.07993551095294081,127130,-29.714479793685786,-1.264748112657314,8
16076,-35.11920328987667,7.144925734494185,127131,-29.714479793685786,-1.264748112657314,8
16077,35.857139751785226,8.848249797227941,127134,47.997068783449585,1.2679199422360634,13
16078,-153.0581029821233,0.7326686365130468,127141,-152.23629829764135,4.213482038439798,37
16079,-120.02599705114693,1.5996038750680288,127162,-118.09857507912784,0.7103841694799473,11
16080,-128.9955107255625,-0.23698359254544532,127164,-129.1025175244067,1.5488809909733745,1
16081,491.16545605368617,-37.86658766456991,127170,417.6915390220547,-4.11857226961515,29
16082,-136.02102313965275,1.2315612747942422,127195,-134.89656831690453,-0.030690791204986433,34
16083,-120.94872055229949,0.9301625259710585,127200,-118.09857507912784,0.7103841694799473,11
16084,-33.06247027308125,-9.840409342665208,127204,-29.714479793685786,-1.264748112657314,8
16085,122.91583286181125,11.080788364195248,127211,135.4076551174278,-1.697351881935795,33
16086,-109.7978453379744,-0.6460362132152326,127212,-109.71624596876933,-1.0040630408538558,16
16087,-136.14697489336953,2.9518814696556785,127228,-137.57400940459857,4.493303950559668,20
16088,-135.1769582396215,3.635420272526765,127232,-137.57400940459857,4.493303950559668,20
16089,-11.092991984769036,7.479133951944968,127247,-6.878718007946434,-1.0926682779646681,10
16090,-88.9337042171089,1.673362298038702,127293,-85.91178621041317,3.2728237667350073,24
16091,-64.85577416114934,1.8935911674886263,127295,-66.8889597803445,2.169628081691683,14
16092,-103.45254596764678,-6.574779095400481,127297,-109.71624596876933,-1.0040630408538558,16
16093,-152.27037379785878,5.412461508658966,127298,-152.23629829764135,4.213482038439798,37
16094,54.84005270633963,-4.65700690741532,127301,47.997068783449585,1.2679199422360634,13
16095,242.8787425695616,15.455249268742703,127304,227.03647807555316,-5.020718083634986,26
16096,-131.89506329147915,0.5973121024579594,127317,-129.1025175244067,1.5488809909733745,1
16097,-104.74488420625413,-2.2286466572587034,127318,-109.71624596876933,-1.0040630408538558,16
16098,-37.11508391531485,6.513281349574246,127335,-29.714479793685786,-1.264748112657314,8
16099,72.50695621564641,0.36517558675251055,127336,78.01149217232324,3.6022338347977136,6
16100,230.86137384393157,0.8961624368621517,127341,227.03647807555316,-5.020718083634986,26
16101,-63.45380779938255,-5.346147558669284,127385,-66.8889597803445,2.169628081691683,14
16102,-116.18672905332083,5.1865106956337925,127391,-114.33047638704419,5.73481138949136,19
16103,-19.747394898686828,0.2733127221801846,127410,-29.714479793685786,-1.264748112657314,8
16104,-140.79044471948373,-1.3064541002311025,127414,-141.0346653257256,-1.1036168920026446,0
16105,3.4287432953489243,-1.1417373622162732,127434,-6.878718007946434,-1.0926682779646681,10
16106,-47.49808653778378,-3.086080946981285,127440,-49.93530245157272,-0.19848027172185767,2
16107,-66.72683246362995,-0.9600538180986985,127443,-66.8889597803445,2.169628081691683,14
16108,-148.10065608157012,2.774863667968267,127457,-146.59606179012786,4.113086925586259,4
16109,-150.94331481213771,0.3061658789948317,127473,-148.09620948762597,-1.1157003398540595,36
16110,-125.808221444316,-15.930390938180771,127500,-130.75996572568545,-6.6137591708523855,18
16111,277.98286788602763,-42.575118122328035,127523,302.44973475302317,-5.405747081354008,25
16112,-86.06697824787231,4.126042099629293,127553,-85.91178621041317,3.2728237667350073,24
16113,157.89714839959177,-2.137008562157823,127575,172.66355239880147,-2.7112682595768685,38
16114,-139.12950815783543,2.5555236090857685,127580,-137.57400940459857,4.493303950559668,20
16115,-92.25798507173783,7.1593264911228465,127583,-96.6939343764425,2.7165835152131033,15
16116,-21.18565365047725,8.307624525007501,127586,-29.714479793685786,-1.264748112657314,8
16117,-112.07360788670817,3.82385628312377,127590,-114.33047638704419,5.73481138949136,19
16118,-129.98587335735778,1.0989010277208109,127595,-129.1025175244067,1.5488809909733745,1
16119,59.29846167663541,3.671511942930864,127609,47.997068783449585,1.2679199422360634,13
16120,-97.13869257943337,5.498606459680958,127622,-96.6939343764425,2.7165835152131033,15
16121,-57.09338986956234,5.185975439656299,127635,-49.93530245157272,-0.19848027172185767,2
16122,-133.05352628004164,0.9789924784440307,127639,-134.89656831690453,-0.030690791204986433,34
16123,-87.74559769854474,-0.8997069774581451,127653,-85.91178621041317,3.2728237667350073,24
16124,-81.99620857409634,3.1331546148909117,127655,-85.91178621041317,3.2728237667350073,24
16125,-134.13991512788468,3.8854400172150423,127656,-132.1080396739421,5.887059356646324,17
16126,-128.10128859118382,2.622615670051234,127675,-129.1025175244067,1.5488809909733745,1
16127,-83.93337069561754,2.247955986177663,127677,-85.91178621041317,3.2728237667350073,24
16128,-37.55137838257618,-16.99429221549909,127680,-29.714479793685786,-1.264748112657314,8
16129,-11.586950007151211,-0.5325588258104951,127686,-6.878718007946434,-1.0926682779646681,10
16130,-142.09581570093133,2.762598285116473,127693,-142.14616351708418,5.245197398204194,22
16131,-114.8778717046196,-1.0471927419165217,127699,-118.09857507912784,0.7103841694799473,11
16132,-95.3215039506272,8.510674370264978,127705,-96.6939343764425,2.7165835152131033,15
16133,115.0214021573754,-20.315004805991887,127715,110.19899446847099,-35.665903512662624,21
16134,-68.22786030810198,5.887797744986692,127717,-66.8889597803445,2.169628081691683,14
16135,-136.10551508730285,3.1046858477420205,127725,-137.57400940459857,4.493303950559668,20
16136,-117.08381798118677,2.941334722906782,127728,-118.09857507912784,0.7103841694799473,11
16137,-31.332964779633635,-20.651773901773595,127739,-29.714479793685786,-1.264748112657314,8
16138,-124.82521366654483,-1.8386281444345156,127755,-123.94204162798616,-1.5144507595891967,3
16139,396.5557042486604,10.905427911481162,127767,417.6915390220547,-4.11857226961515,29
16140,-142.19149107724843,4.874547291413559,127770,-142.14616351708418,5.245197398204194,22
16141,-0.6622359647938747,-0.24488703766633405,127771,-6.878718007946434,-1.0926682779646681,10
16142,-98.58110936223689,-5.206748516243521,127775,-95.36861679384212,-10.95784818293233,28
16143,79.68394664941948,-30.78529204975204,127780,70.166569844569,-14.692630117552799,9
16144,216.12633373691165,-3.6081045944633683,127782,227.03647807555316,-5.020718083634986,26
16145,-53.775128565921214,-0.18979336872020353,127785,-49.93530245157272,-0.19848027172185767,2
16146,-42.02752125503799,5.001004144399961,127787,-49.93530245157272,-0.19848027172185767,2
16147,-134.09431278190775,2.868257264151308,127788,-134.89656831690453,-0.030690791204986433,34
16148,-118.22993639465679,5.101276702871279,127791,-114.33047638704419,5.73481138949136,19
16149,-51.40472733713266,-19.411553696792158,127807,-49.93530245157272,-0.19848027172185767,2
16150,50.83471528874048,-5.134443553145065,127817,47.997068783449585,1.2679199422360634,13
16151,16.590065127159157,-2.9110484090611704,127823,18.937510567705566,1.034768221250525,27
16152,-38.1980163524352,7.7702942326590145,127824,-29.714479793685786,-1.264748112657314,8
16153,58.04466806659128,-7.558415750080709,127827,47.997068783449585,1.2679199422360634,13
16154,-135.35400695235748,7.521396036714531,127832,-132.1080396739421,5.887059356646324,17
16155,9.687127153940468,11.112049866624485,127833,18.937510567705566,1.034768221250525,27
16156,-133.23302434400114,5.930019825234351,127843,-132.1080396739421,5.887059356646324,17
16157,-128.9704519688575,-0.2592070603199476,127844,-129.1025175244067,1.5488809909733745,1
16158,-48.98021558423195,3.853311293320709,127851,-49.93530245157272,-0.19848027172185767,2
16159,-62.84145771369858,1.6050890645449007,127855,-66.8889597803445,2.169628081691683,14
16160,19.06860493116751,-23.98508740006586,127858,28.39696760572947,-22.91072472808294,12
16161,-96.53989730979141,-3.5166173922441497,127861,-96.6939343764425,2.7165835152131033,15
16162,-41.80429773320235,0.6478070406905262,127867,-49.93530245157272,-0.19848027172185767,2
16163,-26.591484578787956,-1.1979097645350183,127869,-29.714479793685786,-1.264748112657314,8
16164,62.251809084728876,-11.514692933022932,127893,70.166569844569,-14.692630117552799,9
16165,154.88051880595222,-2.3326721065281553,127898,172.66355239880147,-2.7112682595768685,38
16166,-65.25544509077376,-7.686322750307619,127899,-66.8889597803445,2.169628081691683,14
16167,-121.98131216954395,0.08522357914306924,127900,-123.94204162798616,-1.5144507595891967,3
16168,242.30014095249174,-20.178242880427728,127902,227.03647807555316,-5.020718083634986,26
16169,17.134733227544157,-10.730722820047973,127908,18.937510567705566,1.034768221250525,27
16170,18.192080494154506,2.742822849816921,127909,18.937510567705566,1.034768221250525,27
16171,-126.02603966228358,3.055289409479228,127913,-123.80894152337959,5.566802721935252,23
16172,-53.88909309663452,2.299882171996388,127944,-49.93530245157272,-0.19848027172185767,2
16173,-94.97646232676598,3.005680011834808,127947,-96.6939343764425,2.7165835152131033,15
16174,-95.45279879860881,10.358428843355512,127958,-96.6939343764425,2.7165835152131033,15
16175,-134.12504542072008,3.5445903503885123,127962,-132.1080396739421,5.887059356646324,17
16176,44.25344014504332,3.380838580733821,127963,47.997068783449585,1.2679199422360634,13
16177,-99.53164454736626,-19.500148312659388,127965,-95.36861679384212,-10.95784818293233,28
16178,125.17792239181983,-7.8132930454092255,127968,135.4076551174278,-1.697351881935795,33
16179,-141.24537883940303,5.058734085460367,127972,-142.14616351708418,5.245197398204194,22
16180,-87.45792731954789,-5.150821055887498,127992,-85.91178621041317,3.2728237667350073,24
16181,-98.11541312218148,5.494693955675649,127994,-96.6939343764425,2.7165835152131033,15
16182,-1.1337616508189354,-8.242030683614013,127999,-6.878718007946434,-1.0926682779646681,10
16183,675.3686531128129,8.554489231221945,128005,586.0312761189704,-1.722944617346204,30
16184,-104.07058351868159,2.8578996658547693,128006,-104.7190727296112,3.8815952186994593,7
16185,16.211427659347002,3.338842233112088,128018,18.937510567705566,1.034768221250525,27
16186,42.95441955544161,-6.857500142382598,128024,47.997068783449585,1.2679199422360634,13
16187,-101.26528401643162,7.173632942673678,128034,-104.7190727296112,3.8815952186994593,7
16188,-137.18880175752108,4.386127938976404,128035,-137.57400940459857,4.493303950559668,20
16189,98.87194230024612,-18.333383111850534,128049,104.96211155305676,-0.5414592591613776,31
16190,755.6334885172456,21.89408427584419,128050,861.6475783799328,6.515082937232454,35
16191,-107.27325998110526,6.240923692434868,128053,-104.7190727296112,3.8815952186994593,7
16192,-51.45129253755243,-4.165839278147484,128060,-49.93530245157272,-0.19848027172185767,2
16193,409.15818363815487,2.5320233091907642,128063,417.6915390220547,-4.11857226961515,29
16194,1241.8871650629194,6.3495162129272895,128078,1342.5649032771717,32.04824045393157,32
16195,-133.98283987853648,0.9535841548553423,128086,-134.89656831690453,-0.030690791204986433,34
16196,-63.74122037180057,-0.615548792761828,128102,-66.8889597803445,2.169628081691683,14
16197,-34.591438534644226,-1.3347615208797103,128116,-29.714479793685786,-1.264748112657314,8
16198,-118.04511326349923,1.5480159414535213,128119,-118.09857507912784,0.7103841694799473,11
16199,-153.0907668560806,1.4332633161902502,128124,-152.23629829764135,4.213482038439798,37
16200,-127.10366555828163,2.192536389044249,128131,-129.1025175244067,1.5488809909733745,1
16201,-15.32124088358922,10.357226548411274,128145,-6.878718007946434,-1.0926682779646681,10
16202,93.92423703384682,-33.76622094788656,128154,110.19899446847099,-35.665903512662624,21
16203,135.6280584877523,0.3099824440254753,128158,135.4076551174278,-1.697351881935795,33
16204,-82.18910235753144,4.802850484155779,128160,-85.91178621041317,3.2728237667350073,24
16205,-30.993808022282145,5.007828677999725,128168,-29.714479793685786,-1.264748112657314,8
16206,-130.93600375944573,-1.0648766815025517,128181,-129.1025175244067,1.5488809909733745,1
16207,-136.98468133325207,-0.6031085603974248,128188,-134.89656831690453,-0.030690791204986433,34
16208,-152.05291446545957,0.6632907163201605,128219,-152.23629829764135,4.213482038439798,37
16209,-133.0582501834243,1.0925063579644667,128235,-134.89656831690453,-0.030690791204986433,34
16210,-69.73976810348186,-0.21843930382666807,128240,-66.8889597803445,2.169628081691683,14
16211,-74.38449183753322,-20.75560002289868,128241,-77.6204452281073,-4.536559244831727,5
16212,-80.91899441201248,1.4756241915167962,128244,-85.91178621041317,3.2728237667350073,24
16213,213.03677416507946,12.529336349083001,128249,227.03647807555316,-5.020718083634986,26
16214,22.827317632478255,-5.4420661349364154,128252,18.937510567705566,1.034768221250525,27
16215,-136.99466129420875,-0.41134997095291215,128258,-134.89656831690453,-0.030690791204986433,34
16216,162.5172086554704,-11.019487248013489,128280,172.66355239880147,-2.7112682595768685,38
16217,-114.00331384461853,1.2372203679854263,128285,-118.09857507912784,0.7103841694799473,11
16218,-147.20117953462116,5.007007869933085,128289,-146.59606179012786,4.113086925586259,4
16219,-121.39544911656618,8.673266336559964,128292,-123.80894152337959,5.566802721935252,23
16220,-71.88592596102792,0.3906047092869091,128297,-66.8889597803445,2.169628081691683,14
16221,-96.20026564468003,6.341143326505167,128301,-96.6939343764425,2.7165835152131033,15
16222,-74.9093437003095,2.3853086281231684,128302,-77.6204452281073,-4.536559244831727,5
16223,-144.1589902649883,4.13263014585979,128308,-142.14616351708418,5.245197398204194,22
16224,-103.16546584006892,5.473569328100386,128312,-104.7190727296112,3.8815952186994593,7
16225,-150.09232775316787,2.5605235000508753,128317,-152.23629829764135,4.213482038439798,37
16226,-64.06799956571783,-10.218820575477787,128318,-66.8889597803445,2.169628081691683,14
16227,-61.56307610554562,-2.4131933185323655,128328,-66.8889597803445,2.169628081691683,14
16228,-126.71600512618798,-3.2297817946350182,128330,-123.94204162798616,-1.5144507595891967,3
16229,-71.95973233423251,2.5181264415657,128334,-66.8889597803445,2.169628081691683,14
16230,-41.322402064466175,-6.83969351758674,128339,-49.93530245157272,-0.19848027172185767,2
16231,-48.80479806213644,1.5564430108672627,128343,-49.93530245157272,-0.19848027172185767,2
16232,-133.307767748721,6.529961216381508,128351,-132.1080396739421,5.887059356646324,17
16233,1183.9039483493293,47.14061350828714,128354,1342.5649032771717,32.04824045393157,32
16234,-115.02355181609981,2.159076439153282,128365,-118.09857507912784,0.7103841694799473,11
16235,474.2408795810869,-10.868766469115505,128370,417.6915390220547,-4.11857226961515,29
16236,60.23857621788151,4.48467926983778,128378,47.997068783449585,1.2679199422360634,13
16237,-106.17325187694135,4.5777468037787035,128383,-104.7190727296112,3.8815952186994593,7
16238,-111.95466367964059,1.7198460416486705,128390,-109.71624596876933,-1.0040630408538558,16
16239,-40.169809787110914,7.654740129450457,128397,-49.93530245157272,-0.19848027172185767,2
16240,-107.01213954062617,3.5850291214203724,128398,-104.7190727296112,3.8815952186994593,7
16241,-130.01457196653323,1.205249049301643,128399,-129.1025175244067,1.5488809909733745,1
16242,63.34203237414724,2.7943890870656474,128416,78.01149217232324,3.6022338347977136,6
16243,-47.43526956307572,-18.67725577188835,128418,-49.93530245157272,-0.19848027172185767,2
16244,-119.89031879645327,-0.3200007306553579,128420,-118.09857507912784,0.7103841694799473,11
16245,-111.12972221701148,4.547526977839053,128424,-114.33047638704419,5.73481138949136,19
16246,-103.11025103430032,4.254439615584477,128428,-104.7190727296112,3.8815952186994593,7
16247,-97.55434484030829,-3.7043081282109807,128443,-96.6939343764425,2.7165835152131033,15
16248,-127.12186008048361,2.580573207734111,128461,-129.1025175244067,1.5488809909733745,1
16249,189.94091731160634,-16.25553158653919,128466,172.66355239880147,-2.7112682595768685,38
16250,-53.706109945575605,-0.1701273751640996,128480,-49.93530245157272,-0.19848027172185767,2
16251,172.88135941993283,-2.051567451898076,128481,172.66355239880147,-2.7112682595768685,38
16252,83.11183369629244,7.14479252465348,128507,78.01149217232324,3.6022338347977136,6
16253,-77.97823483240369,2.8207500620278365,128511,-77.6204452281073,-4.536559244831727,5
16254,-60.867984480708635,1.7164078506000173,128535,-66.8889597803445,2.169628081691683,14
16255,-129.020248037686,0.31798551730976155,128546,-129.1025175244067,1.5488809909733745,1
16256,-99.23935904775735,6.146594398114623,128557,-96.6939343764425,2.7165835152131033,15
16257,153.73731887605587,15.005872055519657,128576,135.4076551174278,-1.697351881935795,33
16258,-123.6550782333535,-4.53509963818108,128581,-123.94204162798616,-1.5144507595891967,3
16259,-29.294776832083446,9.030946064863034,128588,-29.714479793685786,-1.264748112657314,8
16260,-109.41865941414817,9.351512824242505,128596,-114.33047638704419,5.73481138949136,19
16261,37.22371917105504,3.9248544909639675,128599,47.997068783449585,1.2679199422360634,13
16262,72.03762507330359,8.074006518873947,128611,78.01149217232324,3.6022338347977136,6
16263,-141.943331015781,0.9748300603708459,128622,-141.0346653257256,-1.1036168920026446,0
16264,374.33872737678274,12.706659236195582,128626,417.6915390220547,-4.11857226961515,29
16265,1385.980349469962,52.974350860475624,128627,1342.5649032771717,32.04824045393157,32
16266,-83.3780382876296,-5.796750602278359,128629,-77.6204452281073,-4.536559244831727,5
16267,-76.17950207850947,6.239835586399289,128640,-66.8889597803445,2.169628081691683,14
16268,27.200008571264146,3.765798614869965,128641,18.937510567705566,1.034768221250525,27
16269,-20.867133703128886,1.8518201914963526,128648,-29.714479793685786,-1.264748112657314,8
16270,-123.76705540695752,-2.5801394551069934,128649,-123.94204162798616,-1.5144507595891967,3
16271,-83.11860563484422,4.786629526371538,128652,-85.91178621041317,3.2728237667350073,24
16272,15.885917029919757,8.400407604621773,128670,18.937510567705566,1.034768221250525,27
16273,-130.17138165021927,4.124958005385491,128713,-132.1080396739421,5.887059356646324,17
16274,-116.95413605956209,-0.43091965778804925,128716,-118.09857507912784,0.7103841694799473,11
16275,-89.22847779561096,6.572726043587176,128717,-85.91178621041317,3.2728237667350073,24
16276,-38.03141863070399,-9.551012780269856,128721,-29.714479793685786,-1.264748112657314,8
16277,-49.463278024941125,-4.911772099404461,128722,-49.93530245157272,-0.19848027172185767,2
16278,476.78333761872625,-4.3897644224527905,128732,417.6915390220547,-4.11857226961515,29
16279,-86.83674830828195,-0.9629116096976188,128736,-85.91178621041317,3.2728237667350073,24
16280,-29.491358084606293,-3.961975249360924,128740,-29.714479793685786,-1.264748112657314,8
16281,-65.1103421641414,4.395935274060485,128748,-66.8889597803445,2.169628081691683,14
16282,-115.13179729697741,3.5052116554738832,128763,-114.33047638704419,5.73481138949136,19
16283,-76.77888326201666,-0.4997444726326612,128768,-77.6204452281073,-4.536559244831727,5
16284,1175.6050704990641,36.76997363953992,128775,1342.5649032771717,32.04824045393157,32
16285,-154.05032345439818,1.0526130563296217,128784,-152.23629829764135,4.213482038439798,37
16286,-97.76469736353755,-1.6721185906382228,128794,-96.6939343764425,2.7165835152131033,15
16287,226.93094702249869,-0.17756361720570932,128808,227.03647807555316,-5.020718083634986,26
16288,-108.97019233825974,1.6165565910716369,128813,-109.71624596876933,-1.0040630408538558,16
16289,-74.61845407760039,-3.478959590667038,128816,-77.6204452281073,-4.536559244831727,5
16290,64.63592001275198,14.180158577727559,128824,78.01149217232324,3.6022338347977136,6
16291,-11.143808676871172,-21.89050898568625,128830,-6.878718007946434,-1.0926682779646681,10
16292,-50.507527639923474,-3.450324435941754,128834,-49.93530245157272,-0.19848027172185767,2
16293,-147.33618557116776,6.950709372297572,128835,-146.59606179012786,4.113086925586259,4
16294,120.21312191074722,-8.140345177016535,128852,135.4076551174278,-1.697351881935795,33
16295,-79.94890260705426,1.6430276974016236,128853,-85.91178621041317,3.2728237667350073,24
16296,-68.04794364507136,3.9890858744333237,128854,-66.8889597803445,2.169628081691683,14
16297,-104.13678283293994,5.3548086794220575,128860,-104.7190727296112,3.8815952186994593,7
16298,-84.89374994340139,0.8546734005225497,128877,-85.91178621041317,3.2728237667350073,24
16299,28.210182179329514,-11.160683448427859,128891,28.39696760572947,-22.91072472808294,12
16300,56.9051065748121,9.685857055630688,128895,47.997068783449585,1.2679199422360634,13
16301,-114.01590658119672,2.0132795120017795,128901,-114.33047638704419,5.73481138949136,19
16302,-140.07364512543452,3.3403328424340506,128905,-137.57400940459857,4.493303950559668,20
16303,-82.73782050487479,-0.4683259693180052,128907,-85.91178621041317,3.2728237667350073,24
16304,-80.2121719458156,6.888225884752076,128909,-85.91178621041317,3.2728237667350073,24
16305,-152.11256269724814,1.94882959272493,128910,-152.23629829764135,4.213482038439798,37
16306,14.107224907107812,-10.178332821036543,128911,18.937510567705566,1.034768221250525,27
16307,199.25373216799264,-20.372567551534257,128915,227.03647807555316,-5.020718083634986,26
16308,-80.00438647411401,3.3548211807753665,128917,-85.91178621041317,3.2728237667350073,24
16309,-102.96416828331775,2.5935322053350762,128931,-104.7190727296112,3.8815952186994593,7
16310,116.22133513272084,6.841640055137232,128973,104.96211155305676,-0.5414592591613776,31
16311,-90.07936010569524,4.836016470485967,128979,-85.91178621041317,3.2728237667350073,24
16312,-10.100778467789015,-8.085342610939382,128981,-6.878718007946434,-1.0926682779646681,10
16313,16.02280145088531,5.926027721650254,128982,18.937510567705566,1.034768221250525,27
16314,-114.18162502540564,4.0918980886246175,128985,-114.33047638704419,5.73481138949136,19
16315,-102.4056481821891,9.197146025201656,128996,-104.7190727296112,3.8815952186994593,7
16316,-118.03527690791515,0.8167964866864931,129002,-118.09857507912784,0.7103841694799473,11
16317,-127.1718165197047,4.682421083768036,129010,-123.80894152337959,5.566802721935252,23
16318,196.4931037134342,-9.926400104666206,129020,172.66355239880147,-2.7112682595768685,38
16319,148.40542371985018,-24.56540544941006,129021,135.4076551174278,-1.697351881935795,33
16320,-129.9671585401564,0.1699958840841323,129022,-129.1025175244067,1.5488809909733745,1
16321,400.9040405652549,5.906299453467535,129027,417.6915390220547,-4.11857226961515,29
16322,143.50850244344758,2.5554959674145428,129037,135.4076551174278,-1.697351881935795,33
16323,-105.32518527582269,7.908902563067441,129047,-104.7190727296112,3.8815952186994593,7
16324,17.763606557873253,-5.667839322911631,129048,18.937510567705566,1.034768221250525,27
16325,-141.24489639670134,5.5394700299270445,129056,-142.14616351708418,5.245197398204194,22
16326,-64.85920024897729,0.9461111113620403,129058,-66.8889597803445,2.169628081691683,14
16327,-121.7525686973494,-2.3472819329215233,129086,-123.94204162798616,-1.5144507595891967,3
16328,-55.73128103428069,0.3588602770895486,129091,-49.93530245157272,-0.19848027172185767,2
16329,-24.92762793860428,3.6268374123071734,129112,-29.714479793685786,-1.264748112657314,8
16330,689.7148835197424,18.505314623304415,129114,586.0312761189704,-1.722944617346204,30
16331,-69.98905074838233,-11.551147898629992,129118,-77.6204452281073,-4.536559244831727,5
16332,-153.2551353026284,5.576190917002329,129126,-152.23629829764135,4.213482038439798,37
16333,-40.399781348839824,11.151056163329965,129141,-49.93530245157272,-0.19848027172185767,2
16334,182.91292550817346,-2.056780072035458,129159,172.66355239880147,-2.7112682595768685,38
16335,-36.31399406258914,-5.910676605401696,129176,-29.714479793685786,-1.264748112657314,8
16336,-118.1958001103488,4.845562386690983,129189,-114.33047638704419,5.73481138949136,19
16337,-117.91476582385236,-0.27082469814367827,129190,-118.09857507912784,0.7103841694799473,11
16338,333.60034485558566,-35.31475862612479,129198,302.44973475302317,-5.405747081354008,25
16339,165.77007153277336,0.26172617907125245,129200,172.66355239880147,-2.7112682595768685,38
16340,-120.5044661460601,-5.199242034580801,129206,-123.94204162798616,-1.5144507595891967,3
16341,-59.86011128159601,2.079216091672459,129210,-66.8889597803445,2.169628081691683,14
16342,43.66358196239039,-17.782788037579227,129215,28.39696760572947,-22.91072472808294,12
16343,-137.35684799044384,7.566989243712705,129218,-137.57400940459857,4.493303950559668,20
16344,-117.32220978623431,7.119129859647579,129219,-114.33047638704419,5.73481138949136,19
16345,-127.31398105322901,7.286494833253343,129233,-123.80894152337959,5.566802721935252,23
16346,-77.0196127968703,3.738674904578469,129243,-77.6204452281073,-4.536559244831727,5
16347,-78.22041895930916,7.106295651260607,129244,-85.91178621041317,3.2728237667350073,24
16348,-130.7169255794691,-17.499861465245335,129246,-130.75996572568545,-6.6137591708523855,18
16349,154.9625688783301,11.620140461482343,129256,172.66355239880147,-2.7112682595768685,38
16350,-17.9665616247268,-11.166828399037355,129258,-6.878718007946434,-1.0926682779646681,10
16351,-8.05380375291006,6.166865845850184,129267,-6.878718007946434,-1.0926682779646681,10
16352,-33.78214033701562,0.2834865805450905,129277,-29.714479793685786,-1.264748112657314,8
16353,-127.97713384475111,1.44076349539524,129281,-129.1025175244067,1.5488809909733745,1
16354,1490.6295296403428,32.96712935201246,129304,1342.5649032771717,32.04824045393157,32
16355,-114.09337151660571,4.2167664039545025,129311,-114.33047638704419,5.73481138949136,19
16356,-31.79984348631201,0.7069117287008032,129316,-29.714479793685786,-1.264748112657314,8
16357,-51.04738033411926,4.78415950181804,129319,-49.93530245157272,-0.19848027172185767,2
16358,-88.98964432162266,2.3661293042999,129339,-85.91178621041317,3.2728237667350073,24
16359,-146.11556293489144,3.1500008375692525,129341,-146.59606179012786,4.113086925586259,4
16360,-32.401413777101425,-19.180502815801596,129350,-29.714479793685786,-1.264748112657314,8
16361,366.4663874532331,-32.342706567879404,129355,417.6915390220547,-4.11857226961515,29
16362,-111.04395315580655,2.6890835480534103,129358,-109.71624596876933,-1.0040630408538558,16
16363,-131.37144437672075,7.985285167619644,129376,-132.1080396739421,5.887059356646324,17
16364,-115.98349968124535,1.270592030835241,129386,-118.09857507912784,0.7103841694799473,11
16365,-139.23115562750314,4.7667209059478886,129405,-137.57400940459857,4.493303950559668,20
16366,-124.0849760716853,2.3245150847577505,129412,-123.80894152337959,5.566802721935252,23
16367,-51.0252282687795,4.811550266568573,129414,-49.93530245157272,-0.19848027172185767,2
16368,278.47072410564357,8.210154698705276,129416,302.44973475302317,-5.405747081354008,25
16369,58.52562509608807,-0.2823150965914363,129431,47.997068783449585,1.2679199422360634,13
16370,-116.35137711753664,-8.489102596591186,129432,-115.69510858146283,-11.595084171039186,39
16371,-122.85089328363469,-1.7641520918399822,129434,-123.94204162798616,-1.5144507595891967,3
16372,105.300936955129,-9.810771138187578,129439,104.96211155305676,-0.5414592591613776,31
16373,129.78308997037922,-16.373613396491443,129496,135.4076551174278,-1.697351881935795,33
16374,-80.66419325408243,-1.5442627783248015,129511,-77.6204452281073,-4.536559244831727,5
16375,-122.38439873723162,8.415171981470982,129517,-123.80894152337959,5.566802721935252,23
16376,-33.11636636190964,7.096788482000039,129519,-29.714479793685786,-1.264748112657314,8
16377,-129.1026513078054,2.122229340612749,129523,-129.1025175244067,1.5488809909733745,1
16378,-124.03968295678492,3.3876299381938737,129527,-123.80894152337959,5.566802721935252,23
16379,-23.784789194924503,1.536827626050902,129534,-29.714479793685786,-1.264748112657314,8
16380,-127.91391101847127,0.05206087989177818,129538,-129.1025175244067,1.5488809909733745,1
16381,-36.918049775419256,1.6597657882008956,129550,-29.714479793685786,-1.264748112657314,8
16382,-133.17349988435453,3.599292645072328,129558,-132.1080396739421,5.887059356646324,17
16383,-136.7821160405337,-2.468467794587722,129569,-134.89656831690453,-0.030690791204986433,34
16384,82.09391256505732,-7.724051343116418,129572,78.01149217232324,3.6022338347977136,6
16385,-147.79372673085373,-2.4000563377782287,129594,-148.09620948762597,-1.1157003398540595,36
16386,14.224356021367031,3.5227125125613172,129597,18.937510567705566,1.034768221250525,27
16387,84.2993453290647,4.594886468919619,129600,78.01149217232324,3.6022338347977136,6
16388,137.45049407173383,-12.047286073874215,129609,135.4076551174278,-1.697351881935795,33
16389,203.52820657747066,4.679743454207215,129612,227.03647807555316,-5.020718083634986,26
16390,5.343898669651013,0.7473118109419283,129655,-6.878718007946434,-1.0926682779646681,10
16391,200.03266124130087,-2.8599900925162807,129663,227.03647807555316,-5.020718083634986,26
16392,-118.39690775652393,8.731642800978175,129666,-114.33047638704419,5.73481138949136,19
16393,-104.22641924197339,6.281458682922539,129677,-104.7190727296112,3.8815952186994593,7
16394,-118.70787940078155,-3.279052241345435,129689,-118.09857507912784,0.7103841694799473,11
16395,9.079916557942216,-39.12057182782265,129698,28.39696760572947,-22.91072472808294,12
16396,667.097834331494,-16.639202297555705,129701,586.0312761189704,-1.722944617346204,30
16397,-141.11598818043424,3.747369220331252,129709,-142.14616351708418,5.245197398204194,22
16398,-86.22305730163228,5.994152408201593,129721,-85.91178621041317,3.2728237667350073,24
16399,-110.80705050614482,-0.9700063034475304,129723,-109.71624596876933,-1.0040630408538558,16
16400,191.0352401427152,-3.0645947680520105,129725,172.66355239880147,-2.7112682595768685,38
16401,-134.0479713117927,2.3564037584805013,129733,-134.89656831690453,-0.030690791204986433,34
16402,-79.31350111478021,-7.1481704615660515,129745,-77.6204452281073,-4.536559244831727,5
16403,-154.20212862464714,3.8764689003817163,129765,-152.23629829764135,4.213482038439798,37
16404,-69.59516255633001,-2.370070410517956,129776,-66.8889597803445,2.169628081691683,14
16405,400.34208852032515,-14.835100856910902,129783,417.6915390220547,-4.11857226961515,29
16406,-105.15369628775142,4.134847421213383,129788,-104.7190727296112,3.8815952186994593,7
16407,161.5376780277871,-11.486294373512004,129790,172.66355239880147,-2.7112682595768685,38
16408,-17.388597271275025,-4.976850291470249,129796,-6.878718007946434,-1.0926682779646681,10
16409,-133.27484892632168,6.347499933709724,129800,-132.1080396739421,5.887059356646324,17
16410,-138.18459058062842,3.7715408830536727,129817,-137.57400940459857,4.493303950559668,20
16411,-136.22571021945566,5.733475952026208,129828,-137.57400940459857,4.493303950559668,20
16412,108.94870893744957,9.098497771516772,129829,104.96211155305676,-0.5414592591613776,31
16413,-113.02028380110318,1.6017087701819799,129832,-109.71624596876933,-1.0040630408538558,16
16414,27.25303372238804,3.109366669549577,129837,18.937510567705566,1.034768221250525,27
16415,527.0151374957354,23.40205201135181,129838,586.0312761189704,-1.722944617346204,30
16416,-63.87056373587853,1.22476480464407,129840,-66.8889597803445,2.169628081691683,14
16417,-109.06041286639031,3.0476473068069923,129845,-109.71624596876933,-1.0040630408538558,16
16418,-143.0276934490115,0.22705672186104958,129848,-141.0346653257256,-1.1036168920026446,0
16419,-135.14141239587647,2.8806949838235267,129850,-137.57400940459857,4.493303950559668,20
16420,430.68668061197434,10.148874040889785,129870,417.6915390220547,-4.11857226961515,29
16421,-143.30258251473464,6.242410152365268,129891,-142.14616351708418,5.245197398204194,22
16422,-147.11779553508924,2.1502131346740683,129892,-146.59606179012786,4.113086925586259,4
16423,15.884245347986475,-6.811954188347382,129896,18.937510567705566,1.034768221250525,27
16424,75.00316119036448,8.374091308336691,129906,78.01149217232324,3.6022338347977136,6
16425,-130.02915923846706,1.0063208909571058,129915,-129.1025175244067,1.5488809909733745,1
16426,3475.6739401868567,186.57465470619343,129928,1342.5649032771717,32.04824045393157,32
16427,33.633706568797855,-2.5525930238106955,129931,47.997068783449585,1.2679199422360634,13
16428,-145.68040368101617,-4.85014103545134,129943,-148.09620948762597,-1.1157003398540595,36
16429,-98.24210789145747,5.705683813946549,129945,-96.6939343764425,2.7165835152131033,15
16430,-124.0499709202669,2.0672771469584417,129946,-123.80894152337959,5.566802721935252,23
16431,158.53598408419776,3.217456116661651,129960,172.66355239880147,-2.7112682595768685,38
16432,-128.96829048770633,0.1983519957256059,129963,-129.1025175244067,1.5488809909733745,1
16433,29.51813537577517,-0.5994509175575928,129971,18.937510567705566,1.034768221250525,27
16434,-153.31901155941253,6.446019498072826,129975,-152.23629829764135,4.213482038439798,37
16435,35.18971052029484,4.626358806126831,129982,47.997068783449585,1.2679199422360634,13
16436,-96.33482716088984,8.258114352984252,129984,-96.6939343764425,2.7165835152131033,15
16437,-38.26988522342608,-21.11753552699342,130004,-29.714479793685786,-1.264748112657314,8
16438,106.2248181369227,6.102060122966105,130008,104.96211155305676,-0.5414592591613776,31
16439,15.041823585340106,-9.763323290975377,130018,18.937510567705566,1.034768221250525,27
16440,-85.18648888216823,6.24545090390905,130028,-85.91178621041317,3.2728237667350073,24
16441,471.00870410709365,-50.5242405846145,130036,417.6915390220547,-4.11857226961515,29
16442,-134.13387482067674,2.7008893124702547,130037,-134.89656831690453,-0.030690791204986433,34
16443,-137.7716850685821,-2.202149803543397,130043,-141.0346653257256,-1.1036168920026446,0
16444,-122.0749275819435,2.661450063024057,130048,-123.80894152337959,5.566802721935252,23
16445,-51.19277381950123,6.943454359179435,130054,-49.93530245157272,-0.19848027172185767,2
16446,-2.2667609889099003,-5.852094153859939,130062,-6.878718007946434,-1.0926682779646681,10
16447,59.4893098146841,-0.5023137509876947,130066,47.997068783449585,1.2679199422360634,13
16448,-104.02909241402185,2.976672797670226,130070,-104.7190727296112,3.8815952186994593,7
16449,-148.33167928446656,6.8327046116330346,130072,-146.59606179012786,4.113086925586259,4
16450,193.15972346261293,-5.2373106040728095,130074,172.66355239880147,-2.7112682595768685,38
16451,-129.26106680630568,6.109658441575838,130077,-132.1080396739421,5.887059356646324,17
16452,-48.166246904731175,6.927202753733364,130083,-49.93530245157272,-0.19848027172185767,2
16453,-115.50283496427316,-5.658901844865555,130084,-115.69510858146283,-11.595084171039186,39
16454,707.0772230169752,28.13332404397462,130097,586.0312761189704,-1.722944617346204,30
16455,-55.48953906233631,-4.435950164986834,130105,-49.93530245157272,-0.19848027172185767,2
16456,-139.66138398380673,-5.161055858345159,130107,-141.0346653257256,-1.1036168920026446,0
16457,-16.21877762058983,8.608544579917602,130114,-6.878718007946434,-1.0926682779646681,10
16458,-124.38601808500535,8.4137970271937,130119,-123.80894152337959,5.566802721935252,23
16459,313.96514921548857,16.79553246382271,130151,302.44973475302317,-5.405747081354008,25
16460,-134.9405351869009,0.01137169636023081,130159,-134.89656831690453,-0.030690791204986433,34
16461,-44.95673947012939,2.3591203289354667,130160,-49.93530245157272,-0.19848027172185767,2
16462,-124.10780520650933,2.845388050242888,130173,-123.80894152337959,5.566802721935252,23
16463,41.04898460264072,6.2641494939203115,130182,47.997068783449585,1.2679199422360634,13
16464,41.999948205688405,-51.03497912331414,130191,28.39696760572947,-22.91072472808294,12
16465,-62.83032346495901,0.3528905565535198,130199,-66.8889597803445,2.169628081691683,14
16466,-88.97311040627733,1.5020497317594632,130208,-85.91178621041317,3.2728237667350073,24
16467,-126.93936698031013,1.1412397901944702,130232,-129.1025175244067,1.5488809909733745,1
16468,-127.05814279292404,1.6854089864704818,130233,-129.1025175244067,1.5488809909733745,1
16469,-41.76759525083965,1.373618246158801,130238,-49.93530245157272,-0.19848027172185767,2
16470,-62.360750570289895,-6.8583022977905275,130304,-66.8889597803445,2.169628081691683,14
16471,-20.061173476120985,-9.12539710598212,130318,-29.714479793685786,-1.264748112657314,8
16472,80.09414130012715,-8.266241269079634,130322,70.166569844569,-14.692630117552799,9
16473,-125.99973692732654,-0.08394490411197986,130338,-123.94204162798616,-1.5144507595891967,3
16474,1182.5395334682296,37.79951704580541,130340,1342.5649032771717,32.04824045393157,32
16475,87.17187676460142,-66.20290224892669,130342,110.19899446847099,-35.665903512662624,21
16476,2.2609256587847075,0.9794179187818394,130348,-6.878718007946434,-1.0926682779646681,10
16477,-104.15985554516699,5.321370393037842,130355,-104.7190727296112,3.8815952186994593,7
16478,-131.01151637511825,0.08274595794943733,130360,-129.1025175244067,1.5488809909733745,1
16479,172.86316033160557,-1.6487541410152333,130362,172.66355239880147,-2.7112682595768685,38
16480,-140.3489755984685,7.314409511726599,130370,-142.14616351708418,5.245197398204194,22
16481,372.93917156451505,-10.059212364495599,130375,417.6915390220547,-4.11857226961515,29
16482,-29.363207615159997,-5.221392880221784,130385,-29.714479793685786,-1.264748112657314,8
16483,-111.21331461853161,5.3419824831239255,130389,-114.33047638704419,5.73481138949136,19
16484,-147.0642374770033,0.9675636197504239,130392,-148.09620948762597,-1.1157003398540595,36
16485,252.48211765790785,-21.937916399519327,130408,227.03647807555316,-5.020718083634986,26
16486,-65.95310440130308,3.509479266359143,130416,-66.8889597803445,2.169628081691683,14
16487,-103.72526289754401,-1.6238833591791726,130417,-104.7190727296112,3.8815952186994593,7
16488,-76.08266702741764,4.116278742241853,130422,-77.6204452281073,-4.536559244831727,5
16489,49.60435868012816,-1.6571642634042663,130430,47.997068783449585,1.2679199422360634,13
16490,-140.20060733540043,4.072950384744361,130442,-142.14616351708418,5.245197398204194,22
16491,-22.463452375884966,-32.36439278730779,130461,-29.714479793685786,-1.264748112657314,8
16492,-43.02609644903047,-10.79025695282834,130464,-49.93530245157272,-0.19848027172185767,2
16493,74.19469237992391,5.16970890129297,130470,78.01149217232324,3.6022338347977136,6
16494,200.18899827242942,9.997713244810326,130478,172.66355239880147,-2.7112682595768685,38
16495,-73.00567486595484,2.98606292001804,130486,-66.8889597803445,2.169628081691683,14
16496,-94.96744365328384,0.7501043459453822,130488,-96.6939343764425,2.7165835152131033,15
16497,-71.57540720018224,-3.3374503305946517,130489,-77.6204452281073,-4.536559244831727,5
16498,30.549652061399208,-2.2880505964462645,130498,18.937510567705566,1.034768221250525,27
16499,-106.0349261659596,3.0699948932964602,130528,-104.7190727296112,3.8815952186994593,7
16500,-69.29086062855507,-21.703605992554063,130536,-77.6204452281073,-4.536559244831727,5
16501,562.1519059915539,7.7983233756129735,130552,586.0312761189704,-1.722944617346204,30
16502,-105.19756679940211,5.644134247629296,130553,-104.7190727296112,3.8815952186994593,7
16503,122.10688569204929,-6.302048537994975,130560,135.4076551174278,-1.697351881935795,33
16504,-38.682792523140066,-0.4197432482085801,130566,-29.714479793685786,-1.264748112657314,8
16505,-48.460905677229825,-4.425369689337098,130574,-49.93530245157272,-0.19848027172185767,2
16506,-88.18363609030791,4.583644187210384,130580,-85.91178621041317,3.2728237667350073,24
16507,-37.90858155782243,3.4969369513406594,130583,-29.714479793685786,-1.264748112657314,8
16508,-54.18783980282205,7.306048604508342,130591,-49.93530245157272,-0.19848027172185767,2
16509,-98.694041466463,-2.747604879382778,130610,-96.6939343764425,2.7165835152131033,15
16510,-63.92869428754303,1.4407942569069798,130621,-66.8889597803445,2.169628081691683,14
16511,-106.08510579369934,3.14154641711583,130628,-104.7190727296112,3.8815952186994593,7
16512,-131.16682911003807,5.043680027221564,130641,-132.1080396739421,5.887059356646324,17
16513,-58.009707572665185,3.8612171111370155,130650,-49.93530245157272,-0.19848027172185767,2
16514,9.659841675585485,11.19412234720813,130651,18.937510567705566,1.034768221250525,27
16515,-24.775046746138866,0.7997905514810477,130656,-29.714479793685786,-1.264748112657314,8
16516,-107.87265764489698,0.4992056394081616,130665,-109.71624596876933,-1.0040630408538558,16
16517,-149.02083003141226,1.5399364628853331,130669,-148.09620948762597,-1.1157003398540595,36
16518,-107.13273340002918,3.154133613052042,130674,-104.7190727296112,3.8815952186994593,7
16519,98.41851445290594,2.7257551645530964,130676,104.96211155305676,-0.5414592591613776,31
16520,147.36216996556664,5.308624721503066,130684,135.4076551174278,-1.697351881935795,33
16521,80.56705309238667,0.21328750421555942,130685,78.01149217232324,3.6022338347977136,6
16522,-23.023392592118437,5.237851891751585,130689,-29.714479793685786,-1.264748112657314,8
16523,-127.90229324970316,-1.2166091059707616,130703,-129.1025175244067,1.5488809909733745,1
16524,-115.34283240113419,8.14596171825444,130717,-114.33047638704419,5.73481138949136,19
16525,128.35312139468527,-10.05890789703067,130723,135.4076551174278,-1.697351881935795,33
16526,-105.14074055440666,-10.33136071279922,130757,-95.36861679384212,-10.95784818293233,28
16527,-119.98049859191019,0.09439248896160315,130771,-118.09857507912784,0.7103841694799473,11
16528,-85.78437026686413,-0.020420833767736835,130773,-85.91178621041317,3.2728237667350073,24
16529,-142.95888064559858,-1.2622334384320486,130775,-141.0346653257256,-1.1036168920026446,0
16530,129.3954197381618,4.271799515025452,130793,135.4076551174278,-1.697351881935795,33
16531,-7.00620140739697,-24.32568334081621,130810,-6.878718007946434,-1.0926682779646681,10
16532,-86.89176732417096,0.26087035971099826,130823,-85.91178621041317,3.2728237667350073,24
16533,-71.1992169820563,5.734336292654341,130840,-66.8889597803445,2.169628081691683,14
16534,-115.95051468671161,0.5423829419437611,130848,-118.09857507912784,0.7103841694799473,11
16535,132.00338010163335,9.831539439342176,130849,135.4076551174278,-1.697351881935795,33
16536,-132.20703880051988,4.858885546822781,130856,-132.1080396739421,5.887059356646324,17
16537,-100.02355980731174,3.4376677015097927,130857,-96.6939343764425,2.7165835152131033,15
16538,-46.53822899335319,-2.1892231523860306,130865,-49.93530245157272,-0.19848027172185767,2
16539,-130.88469125893997,-1.143291781989291,130868,-129.1025175244067,1.5488809909733745,1
16540,551.7344600419575,-15.248006250497637,130871,586.0312761189704,-1.722944617346204,30
16541,-97.05825537966754,3.719143321774214,130876,-96.6939343764425,2.7165835152131033,15
16542,-87.36107748348374,8.502346503717538,130877,-85.91178621041317,3.2728237667350073,24
16543,45.79110597271942,-5.289633788689808,130895,47.997068783449585,1.2679199422360634,13
16544,-52.89513390308976,2.9519054882194276,130900,-49.93530245157272,-0.19848027172185767,2
16545,-136.00649464003146,2.4657104413571354,130904,-137.57400940459857,4.493303950559668,20
16546,-83.81514873661592,-0.8507601494261194,130905,-85.91178621041317,3.2728237667350073,24
16547,-112.66804292105034,-4.04756778752817,130908,-109.71624596876933,-1.0040630408538558,16
16548,241.88909764132777,-13.737528551850193,130912,227.03647807555316,-5.020718083634986,26
16549,243.97554299000856,-29.287483346349244,130915,227.03647807555316,-5.020718083634986,26
16550,-150.90362892880944,-1.5787004388869017,130922,-148.09620948762597,-1.1157003398540595,36
16551,-125.9608708696448,0.5920820556249852,130936,-123.94204162798616,-1.5144507595891967,3
16552,74.7456340076038,-2.7863180510970134,130955,78.01149217232324,3.6022338347977136,6
16553,-111.69576469831429,-3.948328199731992,130964,-109.71624596876933,-1.0040630408538558,16
16554,-26.968333419728307,3.454952413810923,130965,-29.714479793685786,-1.264748112657314,8
16555,-149.92567347866927,-1.6072987022327772,130974,-148.09620948762597,-1.1157003398540595,36
16556,-128.1719785181617,4.1835229601222395,130976,-129.1025175244067,1.5488809909733745,1
16557,-115.91608688194677,-0.21220869511426482,130979,-118.09857507912784,0.7103841694799473,11
16558,16.453501298226158,-0.4522151539092612,130987,18.937510567705566,1.034768221250525,27
16559,-117.80425911663727,-2.696785742964631,130996,-118.09857507912784,0.7103841694799473,11
16560,-56.0821171147153,3.9288200116293663,130998,-49.93530245157272,-0.19848027172185767,2
16561,-2.526148092319991,-1.1921628455671223,131001,-6.878718007946434,-1.0926682779646681,10
16562,-71.94145566245143,1.6017234103931268,131003,-66.8889597803445,2.169628081691683,14
16563,-67.05399099261236,4.152078131012446,131004,-66.8889597803445,2.169628081691683,14
16564,50.72256543569034,-17.911517341589885,131006,47.997068783449585,1.2679199422360634,13
16565,93.9780250347655,8.20708653471073,131014,104.96211155305676,-0.5414592591613776,31
16566,-15.774716159021771,1.9631802468396562,131020,-6.878718007946434,-1.0926682779646681,10
16567,-70.49746314022858,-5.019997757510385,131038,-77.6204452281073,-4.536559244831727,5
16568,-119.46413277075858,-7.111238623437554,131047,-115.69510858146283,-11.595084171039186,39
16569,-25.04331619861666,5.652678775772817,131048,-29.714479793685786,-1.264748112657314,8
16570,-80.01645693026813,3.1190853348932914,131053,-85.91178621041317,3.2728237667350073,24
16571,-65.40065574563502,10.219425598851428,131066,-66.8889597803445,2.169628081691683,14
16572,-125.77478784865448,-1.4209650150370057,131071,-123.94204162798616,-1.5144507595891967,3
16573,-13.481544429721168,-1.8558567245674276,131074,-6.878718007946434,-1.0926682779646681,10
16574,-133.2337045586641,5.9340291667193545,131085,-132.1080396739421,5.887059356646324,17
16575,-153.3174993090847,6.416137407273955,131088,-152.23629829764135,4.213482038439798,37
16576,12.579323880624546,-16.950471551048995,131104,28.39696760572947,-22.91072472808294,12
16577,-144.26771769195182,5.485325051110535,131109,-142.14616351708418,5.245197398204194,22
16578,-133.20879122906175,5.398411101764275,131111,-132.1080396739421,5.887059356646324,17
16579,-86.1340126578459,5.0700024646835935,131129,-85.91178621041317,3.2728237667350073,24
16580,377.74572273416607,22.68853692121066,131152,417.6915390220547,-4.11857226961515,29
16581,-8.772997352649828,2.5751140376737953,131171,-6.878718007946434,-1.0926682779646681,10
16582,207.5936745914301,4.323658959557428,131172,227.03647807555316,-5.020718083634986,26
16583,1188.3707751195484,40.58068857538225,131181,1342.5649032771717,32.04824045393157,32
16584,0.930399912665583,6.135142130053709,131184,-6.878718007946434,-1.0926682779646681,10
16585,-17.279877118140302,-5.829161378357381,131187,-6.878718007946434,-1.0926682779646681,10
16586,-127.17638463974347,4.7785879700236835,131193,-123.80894152337959,5.566802721935252,23
16587,102.40948613069372,2.9775928215794947,131201,104.96211155305676,-0.5414592591613776,31
16588,-118.26172563131115,5.784288150679892,131205,-114.33047638704419,5.73481138949136,19
16589,513.2226691802986,-9.29764126140224,131207,586.0312761189704,-1.722944617346204,30
16590,-10.24178161906052,8.698896289002434,131209,-6.878718007946434,-1.0926682779646681,10
16591,-22.912011878948782,4.339240247407176,131225,-29.714479793685786,-1.264748112657314,8
16592,-112.27372108082697,6.660089790918114,131243,-114.33047638704419,5.73481138949136,19
16593,21.85645331232207,-6.082582088396953,131255,18.937510567705566,1.034768221250525,27
16594,-108.04141936564395,1.6433895055540226,131259,-109.71624596876933,-1.0040630408538558,16
16595,2.791571409853997,-6.021371738993756,131261,-6.878718007946434,-1.0926682779646681,10
16596,-133.0687358405057,1.3160772024061125,131262,-134.89656831690453,-0.030690791204986433,34
16597,-73.23035048241198,7.90077106328977,131265,-66.8889597803445,2.169628081691683,14
16598,92.12597073139857,-7.748514220409634,131285,104.96211155305676,-0.5414592591613776,31
16599,-128.30953746853854,7.160702735176059,131287,-132.1080396739421,5.887059356646324,17
16600,-127.1135528437143,2.915972624676143,131288,-129.1025175244067,1.5488809909733745,1
16601,-65.3038965043278,-6.615623793246675,131317,-66.8889597803445,2.169628081691683,14
16602,443.51980248285497,-15.952730656169244,131318,417.6915390220547,-4.11857226961515,29
16603,28.52467342491056,-1.2819593832289993,131330,18.937510567705566,1.034768221250525,27
16604,-111.87107601721132,-0.1172037852688743,131337,-109.71624596876933,-1.0040630408538558,16
16605,-6.42414961730311,-3.5019940785037385,131338,-6.878718007946434,-1.0926682779646681,10
16606,-129.25527268738006,5.442995895746222,131344,-132.1080396739421,5.887059356646324,17
16607,-109.23751219489229,6.427502214104345,131345,-114.33047638704419,5.73481138949136,19
16608,184.2848430610521,-7.108112728327976,131350,172.66355239880147,-2.7112682595768685,38
16609,-102.02435714219531,2.9290021799490327,131356,-104.7190727296112,3.8815952186994593,7
16610,118.00719534948975,-19.931442138889356,131357,110.19899446847099,-35.665903512662624,21
16611,-125.13057545354074,3.8258391071617295,131358,-123.80894152337959,5.566802721935252,23
16612,76.05012496735499,-6.8510828727468125,131359,70.166569844569,-14.692630117552799,9
16613,-56.710583192219524,-0.12812632938708002,131370,-49.93530245157272,-0.19848027172185767,2
16614,-151.32468740495034,6.601084696980166,131380,-152.23629829764135,4.213482038439798,37
16615,-137.06409030225325,2.1537572518762667,131384,-137.57400940459857,4.493303950559668,20
16616,-117.21225067684331,5.736156865536656,131389,-114.33047638704419,5.73481138949136,19
16617,9.098137591012366,4.156277085503338,131401,18.937510567705566,1.034768221250525,27
16618,-136.16321032327693,3.329843865548873,131408,-137.57400940459857,4.493303950559668,20
16619,-50.909441806338805,2.789331847094894,131420,-49.93530245157272,-0.19848027172185767,2
16620,-79.62388788303579,-17.1367292452962,131424,-77.6204452281073,-4.536559244831727,5
16621,189.61245753039898,-12.145825959471269,131425,172.66355239880147,-2.7112682595768685,38
16622,-46.45549975637556,-4.002987504276862,131429,-49.93530245157272,-0.19848027172185767,2
16623,-129.9344800714512,-0.5368381858973157,131438,-129.1025175244067,1.5488809909733745,1
16624,-125.01435138149346,2.2973582775915213,131444,-123.80894152337959,5.566802721935252,23
16625,-144.01035676778704,1.35883852139624,131448,-146.59606179012786,4.113086925586259,4
16626,140.19987878978176,-21.73893857070267,131452,135.4076551174278,-1.697351881935795,33
16627,-16.215879435673884,8.043996552103588,131453,-6.878718007946434,-1.0926682779646681,10
16628,-107.38490553238793,-36.54555330755391,131458,-115.69510858146283,-11.595084171039186,39
16629,717.2521016098651,11.302138426955374,131476,586.0312761189704,-1.722944617346204,30
16630,-98.33124524755274,-7.09365119305671,131478,-95.36861679384212,-10.95784818293233,28
16631,-81.70604134988297,-16.405418560449608,131490,-77.6204452281073,-4.536559244831727,5
16632,209.577321313222,-24.73803029666379,131498,227.03647807555316,-5.020718083634986,26
16633,179.0994551814528,-18.88546877465842,131506,172.66355239880147,-2.7112682595768685,38
16634,-58.3080791083832,8.331430032731857,131511,-66.8889597803445,2.169628081691683,14
16635,40.88641866672696,9.31371113781925,131514,47.997068783449585,1.2679199422360634,13
16636,-139.05539860027926,1.4108259922303703,131519,-141.0346653257256,-1.1036168920026446,0
16637,-145.2444656642554,4.9658549225297985,131544,-146.59606179012786,4.113086925586259,4
16638,10.777898565361316,9.662274155638086,131552,18.937510567705566,1.034768221250525,27
16639,-118.07498444578142,2.1994025504669157,131555,-118.09857507912784,0.7103841694799473,11
16640,-126.20176531382744,5.355547737220883,131561,-123.80894152337959,5.566802721935252,23
16641,-152.2150844169108,4.2011655674301025,131594,-152.23629829764135,4.213482038439798,37
16642,-63.64401718269682,-1.7027229707549432,131595,-66.8889597803445,2.169628081691683,14
16643,-81.60949046869474,-18.00178964214731,131606,-77.6204452281073,-4.536559244831727,5
16644,-134.09481733950062,3.398679638688992,131617,-132.1080396739421,5.887059356646324,17
16645,-47.13950406125136,6.342678527066379,131621,-49.93530245157272,-0.19848027172185767,2
16646,-33.09574857250758,6.656118088549602,131624,-29.714479793685786,-1.264748112657314,8
16647,-141.96808328950806,-0.523277547080335,131647,-141.0346653257256,-1.1036168920026446,0
16648,423.21132585863904,16.842457120211666,131656,417.6915390220547,-4.11857226961515,29
16649,-145.2704406313828,5.507625638676339,131659,-146.59606179012786,4.113086925586259,4
16650,-118.30605371406236,6.749972046261192,131664,-114.33047638704419,5.73481138949136,19
16651,-54.88317003426204,2.152587299716036,131670,-49.93530245157272,-0.19848027172185767,2
16652,-91.04199991081188,3.4803660836941908,131672,-85.91178621041317,3.2728237667350073,24
16653,-98.53525612520632,-19.90443444866981,131695,-95.36861679384212,-10.95784818293233,28
16654,-118.87031702247724,-15.478212546788377,131697,-115.69510858146283,-11.595084171039186,39
16655,-88.3169317385193,8.019620169105453,131702,-85.91178621041317,3.2728237667350073,24
16656,-14.730696231905707,1.0276021440403051,131709,-6.878718007946434,-1.0926682779646681,10
16657,70.2381417078078,-24.786785239064148,131718,70.166569844569,-14.692630117552799,9
16658,-106.31948436539403,7.7558884004193995,131738,-104.7190727296112,3.8815952186994593,7
16659,-21.233033205527434,-6.894456458955727,131740,-29.714479793685786,-1.264748112657314,8
16660,-146.30023564657807,6.155151540439291,131743,-146.59606179012786,4.113086925586259,4
16661,-104.24185754688365,6.096847572971859,131745,-104.7190727296112,3.8815952186994593,7
16662,-51.93311183237904,2.2573779582325932,131754,-49.93530245157272,-0.19848027172185767,2
16663,-76.07015303690103,3.334203356812439,131770,-77.6204452281073,-4.536559244831727,5
16664,-64.09180762963085,-9.693503964882316,131772,-66.8889597803445,2.169628081691683,14
16665,-104.82692881414772,-1.4743037806266774,131774,-109.71624596876933,-1.0040630408538558,16
16666,-109.88589401255742,-0.2507936133293242,131776,-109.71624596876933,-1.0040630408538558,16
16667,56.18275598568468,4.6178438113421505,131778,47.997068783449585,1.2679199422360634,13
16668,8.147582337530167,-11.684321732596532,131791,18.937510567705566,1.034768221250525,27
16669,306.9679051532065,-27.044387851105455,131792,302.44973475302317,-5.405747081354008,25
16670,-94.13096802249599,4.345236448950371,131818,-96.6939343764425,2.7165835152131033,15
16671,-27.11927065805176,5.7423182843277045,131820,-29.714479793685786,-1.264748112657314,8
16672,-100.93399962162374,1.9740304886695965,131832,-104.7190727296112,3.8815952186994593,7
16673,4.117048814223576,3.125222041069148,131834,-6.878718007946434,-1.0926682779646681,10
16674,-143.01878643896512,1.564583126454544,131841,-141.0346653257256,-1.1036168920026446,0
16675,-104.25021996131684,6.808452666259821,131843,-104.7190727296112,3.8815952186994593,7
16676,-126.73450439815443,-3.3515387787814723,131852,-123.94204162798616,-1.5144507595891967,3
16677,-148.33021323984948,6.77525595963253,131855,-146.59606179012786,4.113086925586259,4
16678,-116.12190330897711,4.297031654854131,131856,-114.33047638704419,5.73481138949136,19
16679,-85.93803011777986,1.793808161481046,131860,-85.91178621041317,3.2728237667350073,24
16680,-82.87639120860587,1.0223230626529758,131861,-85.91178621041317,3.2728237667350073,24
16681,451.0755396792828,-52.3241529094586,131864,417.6915390220547,-4.11857226961515,29
16682,-105.90893857054554,0.8391153989478082,131872,-104.7190727296112,3.8815952186994593,7
16683,-84.61860863771409,-3.651085301500171,131876,-85.91178621041317,3.2728237667350073,24
16684,755.3337115167882,-2.5353576933166693,131880,861.6475783799328,6.515082937232454,35
16685,-121.09551116552201,2.0902403491535355,131881,-118.09857507912784,0.7103841694799473,11
16686,-89.77558032211552,-0.2753750719948007,131895,-85.91178621041317,3.2728237667350073,24
16687,-131.6957388814217,-3.2389568515381515,131899,-130.75996572568545,-6.6137591708523855,18
16688,-94.72467423651601,-0.9628630074986954,131970,-96.6939343764425,2.7165835152131033,15
16689,-31.011343933036034,-24.60415575041107,131978,-29.714479793685786,-1.264748112657314,8
16690,-24.78007122258328,-12.801190546189916,131986,-29.714479793685786,-1.264748112657314,8
16691,-96.47705139805531,-5.3988784911155925,131990,-95.36861679384212,-10.95784818293233,28
16692,560.4425131273459,18.188596441658994,132007,586.0312761189704,-1.722944617346204,30
16693,-91.31408069593269,7.916303495428396,132010,-85.91178621041317,3.2728237667350073,24
16694,-80.95064840885512,3.185506525138903,132019,-85.91178621041317,3.2728237667350073,24
16695,224.49990366589105,5.6435409805292105,132027,227.03647807555316,-5.020718083634986,26
16696,71.70705503118303,-31.43766092082922,132033,70.166569844569,-14.692630117552799,9
16697,886.8320176415467,38.08525745188519,132034,861.6475783799328,6.515082937232454,35
16698,-98.58235885153773,-4.6687259727529895,132049,-95.36861679384212,-10.95784818293233,28
16699,-110.4166652899796,9.308678509255857,132054,-114.33047638704419,5.73481138949136,19
16700,-54.78146572503973,-0.6108086869173355,132055,-49.93530245157272,-0.19848027172185767,2
16701,204.7264981706928,1.8613079440187554,132060,227.03647807555316,-5.020718083634986,26
16702,-120.19604510471665,4.319764183567269,132078,-123.80894152337959,5.566802721935252,23
16703,170.09332914975508,-5.211274461071454,132081,172.66355239880147,-2.7112682595768685,38
16704,70.8830679000627,10.395828128535891,132090,78.01149217232324,3.6022338347977136,6
16705,-42.97387929368219,3.827273562738097,132103,-49.93530245157272,-0.19848027172185767,2
16706,-110.13906749492446,4.769466234396139,132109,-114.33047638704419,5.73481138949136,19
16707,80.94150570548582,8.790291328087246,132113,78.01149217232324,3.6022338347977136,6
16708,-140.2824273106375,6.374194336603195,132119,-142.14616351708418,5.245197398204194,22
16709,-66.09202293232853,3.9661714155081182,132147,-66.8889597803445,2.169628081691683,14
16710,2.6141566173622977,-3.1634011443489563,132151,-6.878718007946434,-1.0926682779646681,10
16711,-26.325312166719367,10.272830585298545,132153,-29.714479793685786,-1.264748112657314,8
16712,1183.5416944337069,23.556650446534366,132154,1342.5649032771717,32.04824045393157,32
16713,-44.22737282810828,7.830194966456463,132157,-49.93530245157272,-0.19848027172185767,2
16714,-89.45060405087096,-6.887208566056031,132162,-95.36861679384212,-10.95784818293233,28
16715,-74.45372838822509,-4.00433568090665,132163,-77.6204452281073,-4.536559244831727,5
16716,-130.37077702503544,7.9563017178146875,132166,-132.1080396739421,5.887059356646324,17
16717,152.06934473072138,-4.969563900335427,132208,135.4076551174278,-1.697351881935795,33
16718,-117.16613011468242,5.247861805100238,132212,-114.33047638704419,5.73481138949136,19
16719,-126.31322126929805,7.282109843561691,132216,-123.80894152337959,5.566802721935252,23
16720,-98.93511811764814,1.0120647440986588,132218,-96.6939343764425,2.7165835152131033,15
16721,337.56806479035544,-20.32828990055192,132234,302.44973475302317,-5.405747081354008,25
16722,-30.95505115374546,-11.131136824831355,132248,-29.714479793685786,-1.264748112657314,8
16723,-130.03378540183468,2.136313873058095,132251,-129.1025175244067,1.5488809909733745,1
16724,-126.66284742447826,-4.907840539739222,132269,-123.94204162798616,-1.5144507595891967,3
16725,-132.0412320376738,2.260647373323818,132286,-129.1025175244067,1.5488809909733745,1
16726,54.646079388628515,-1.443036985063022,132290,47.997068783449585,1.2679199422360634,13
16727,-143.08756848731326,2.5799778003946883,132291,-142.14616351708418,5.245197398204194,22
16728,-148.03170673105112,0.7470944296790312,132293,-148.09620948762597,-1.1157003398540595,36
16729,-51.99605069594895,2.6192980495700007,132294,-49.93530245157272,-0.19848027172185767,2
16730,-32.71417290222919,0.35451217058688606,132296,-29.714479793685786,-1.264748112657314,8
16731,-102.17816831544566,4.21225366626347,132297,-104.7190727296112,3.8815952186994593,7
16732,191.06606154833014,-61.1122411873325,132298,172.66355239880147,-2.7112682595768685,38
16733,-107.56855148326355,-4.096937936509933,132317,-109.71624596876933,-1.0040630408538558,16
16734,-149.32948683835272,6.762844892736625,132318,-146.59606179012786,4.113086925586259,4
16735,-138.35392240603858,7.47350562006842,132332,-137.57400940459857,4.493303950559668,20
16736,-44.083344891719236,5.6913442036003135,132333,-49.93530245157272,-0.19848027172185767,2
16737,590.4978333384722,3.7739760673404352,132335,586.0312761189704,-1.722944617346204,30
16738,22.116404200386704,3.967381317024576,132336,18.937510567705566,1.034768221250525,27
16739,-60.643606006472695,-1.6608306300928084,132343,-66.8889597803445,2.169628081691683,14
16740,-146.1328811992055,3.5305136323317416,132353,-146.59606179012786,4.113086925586259,4
16741,-135.12113632730347,3.9596007680663248,132357,-137.57400940459857,4.493303950559668,20
16742,439.87649479410805,-35.47586292341264,132363,417.6915390220547,-4.11857226961515,29
16743,533.4516021336124,2.2937919216839453,132382,586.0312761189704,-1.722944617346204,30
16744,-149.1937958092174,4.2895417481633284,132390,-146.59606179012786,4.113086925586259,4
16745,-69.02952498303353,4.608874981671653,132392,-66.8889597803445,2.169628081691683,14
16746,273.05116452188935,14.23416236442093,132399,302.44973475302317,-5.405747081354008,25
16747,-106.42731696556731,9.615949101478607,132408,-104.7190727296112,3.8815952186994593,7
16748,14.366002491540755,0.41246556234894777,132410,18.937510567705566,1.034768221250525,27
16749,-101.8337211183567,-1.2601122749036897,132423,-104.7190727296112,3.8815952186994593,7
16750,-123.87973764964711,0.41000822501684336,132434,-123.94204162798616,-1.5144507595891967,3
16751,-1.8951442379588372,4.332972950663975,132437,-6.878718007946434,-1.0926682779646681,10
16752,-142.06520405663264,1.5811517545611808,132445,-141.0346653257256,-1.1036168920026446,0
16753,-82.029430276897,3.3580841895767852,132448,-85.91178621041317,3.2728237667350073,24
16754,-2.5660037051747833,-0.837087793468748,132449,-6.878718007946434,-1.0926682779646681,10
16755,-12.62918622189885,-0.6612779476350175,132451,-6.878718007946434,-1.0926682779646681,10
16756,-16.93115385123647,4.357392657743805,132455,-6.878718007946434,-1.0926682779646681,10
16757,132.487547342436,3.346118309112913,132456,135.4076551174278,-1.697351881935795,33
16758,-105.03419561546629,2.5561170220614615,132464,-104.7190727296112,3.8815952186994593,7
16759,-77.97779086233356,2.799113808699587,132465,-77.6204452281073,-4.536559244831727,5
16760,-71.36051522325133,9.251867640992707,132471,-66.8889597803445,2.169628081691683,14
16761,-131.13986671861986,3.410862994353608,132472,-132.1080396739421,5.887059356646324,17
16762,-107.38744946187721,-6.520540630727258,132501,-109.71624596876933,-1.0040630408538558,16
16763,-122.98334440514752,0.6121929244218134,132518,-123.94204162798616,-1.5144507595891967,3
16764,-111.19527154590247,5.987880231878934,132527,-114.33047638704419,5.73481138949136,19
16765,-107.06704518060398,1.7253946926740495,132529,-104.7190727296112,3.8815952186994593,7
16766,518.1240802575223,21.373970009936873,132536,586.0312761189704,-1.722944617346204,30
16767,-98.45594823247711,-5.371834510812024,132551,-95.36861679384212,-10.95784818293233,28
16768,-56.76855736349861,-0.913692209447437,132554,-49.93530245157272,-0.19848027172185767,2
16769,-109.11495940857827,3.7475206503758165,132556,-104.7190727296112,3.8815952186994593,7
16770,123.56948420270753,1.3739145169801472,132558,135.4076551174278,-1.697351881935795,33
16771,-116.20821812126123,5.160595072843151,132563,-114.33047638704419,5.73481138949136,19
16772,-137.02092980843557,0.20049898720904608,132565,-134.89656831690453,-0.030690791204986433,34
16773,158.55327769145225,-11.883213913167305,132566,172.66355239880147,-2.7112682595768685,38
16774,-36.57773177185087,-1.659114233417086,132571,-29.714479793685786,-1.264748112657314,8
16775,-146.21146457858018,4.201903882447152,132580,-146.59606179012786,4.113086925586259,4
16776,-58.88913274718551,2.2162491642306357,132596,-66.8889597803445,2.169628081691683,14
16777,-65.21333875222588,7.16804900716377,132612,-66.8889597803445,2.169628081691683,14
16778,-144.54083341047647,-6.865681871778642,132628,-141.0346653257256,-1.1036168920026446,0
16779,540.407539956955,32.8372473204481,132632,586.0312761189704,-1.722944617346204,30
16780,-127.11055275137205,2.823617276544961,132636,-129.1025175244067,1.5488809909733745,1
16781,-123.02400854649244,1.5278197256857202,132638,-123.94204162798616,-1.5144507595891967,3
16782,-109.0470383207499,2.2724228157730932,132652,-109.71624596876933,-1.0040630408538558,16
16783,-85.13976378986793,4.192008779474711,132656,-85.91178621041317,3.2728237667350073,24
16784,63.399046985297666,1.5460824048970832,132666,78.01149217232324,3.6022338347977136,6
16785,-145.9549894398063,-0.8853270287166488,132670,-148.09620948762597,-1.1157003398540595,36
16786,-93.93735381227694,1.1451697208953615,132671,-96.6939343764425,2.7165835152131033,15
16787,-120.10577110386478,3.8678734667774544,132682,-118.09857507912784,0.7103841694799473,11
16788,-119.95425829591335,1.0633231783789348,132687,-118.09857507912784,0.7103841694799473,11
16789,-138.9797540992359,-0.22011432488139765,132693,-141.0346653257256,-1.1036168920026446,0
16790,52.64800030434762,13.718992883543146,132713,47.997068783449585,1.2679199422360634,13
16791,-139.09117786915394,2.725790721192094,132715,-137.57400940459857,4.493303950559668,20
16792,214.4067167836851,6.497716008271161,132724,227.03647807555316,-5.020718083634986,26
16793,-130.9565963810768,-0.07439678903474599,132727,-129.1025175244067,1.5488809909733745,1
16794,-135.06686856285882,1.2140008332074885,132731,-134.89656831690453,-0.030690791204986433,34
16795,-134.1686657531474,3.9909355948346708,132732,-132.1080396739421,5.887059356646324,17
16796,-139.35114672728645,7.374296122176368,132738,-137.57400940459857,4.493303950559668,20
16797,-103.12498325868569,4.07041676677092,132740,-104.7190727296112,3.8815952186994593,7
16798,8.940886266294969,-8.178492856193271,132746,18.937510567705566,1.034768221250525,27
16799,47.127764373339666,5.6787249961427495,132753,47.997068783449585,1.2679199422360634,13
16800,52.71730797003548,-3.572961149554972,132772,47.997068783449585,1.2679199422360634,13
16801,8.004930818229129,-9.580491303743468,132783,18.937510567705566,1.034768221250525,27
16802,-82.97345878693216,1.6006923399064403,132810,-85.91178621041317,3.2728237667350073,24
16803,-111.87593781363752,-0.5226262745013683,132814,-109.71624596876933,-1.0040630408538558,16
16804,-55.66932931006797,-0.4924330727852166,132818,-49.93530245157272,-0.19848027172185767,2
16805,-117.02642160420193,3.2210215041762784,132820,-118.09857507912784,0.7103841694799473,11
16806,116.34844164060264,-39.109087477682685,132860,110.19899446847099,-35.665903512662624,21
16807,919.9969273902043,-20.812402228302098,132863,861.6475783799328,6.515082937232454,35
16808,-114.18218153421905,4.11397845427942,132870,-114.33047638704419,5.73481138949136,19
16809,-105.8987427220142,0.6065405151454882,132877,-104.7190727296112,3.8815952186994593,7
16810,-72.78999345641421,0.33029833005996434,132900,-66.8889597803445,2.169628081691683,14
16811,98.25310004543755,-9.388097890604403,132905,104.96211155305676,-0.5414592591613776,31
16812,-91.19574280137735,5.299231705424983,132909,-85.91178621041317,3.2728237667350073,24
16813,59.58245901182449,-15.728533252453156,132911,70.166569844569,-14.692630117552799,9
16814,-108.88554390623169,0.7830022218842124,132916,-109.71624596876933,-1.0040630408538558,16
16815,-27.805569766390384,0.9067233417733725,132922,-29.714479793685786,-1.264748112657314,8
16816,155.10644401361458,-19.95263177285349,132942,172.66355239880147,-2.7112682595768685,38
16817,-136.0139156275692,2.099288025301117,132944,-134.89656831690453,-0.030690791204986433,34
16818,-59.98623692542236,3.303677030998999,132947,-66.8889597803445,2.169628081691683,14
16819,-59.06552868459105,5.5680281913977305,132950,-66.8889597803445,2.169628081691683,14
16820,-145.0412309045024,0.4883853134289588,132956,-148.09620948762597,-1.1157003398540595,36
16821,202.97876694729203,-16.35120987726989,132957,227.03647807555316,-5.020718083634986,26
16822,209.1652902283547,-18.788076786051597,132963,227.03647807555316,-5.020718083634986,26
16823,-140.26011873554663,5.389022352946066,132971,-142.14616351708418,5.245197398204194,22
16824,-130.45449100349208,-6.965739809564355,132981,-130.75996572568545,-6.6137591708523855,18
16825,-12.06248747943837,5.777922150124082,132982,-6.878718007946434,-1.0926682779646681,10
16826,229.85705229520227,-13.741337371534575,132987,227.03647807555316,-5.020718083634986,26
16827,-46.738685321463,0.6639636804284172,132988,-49.93530245157272,-0.19848027172185767,2
16828,78.12489286091218,6.2647014022598615,132999,78.01149217232324,3.6022338347977136,6
16829,-118.76073455241242,-1.101758961295938,133000,-118.09857507912784,0.7103841694799473,11
16830,-4.35783710702384,-3.891725768545811,133030,-6.878718007946434,-1.0926682779646681,10
16831,-70.2761742595104,7.414878546709149,133031,-66.8889597803445,2.169628081691683,14
16832,-114.76617841982792,-2.4399891900918202,133035,-118.09857507912784,0.7103841694799473,11
16833,-111.09383388634716,3.24268431337625,133037,-114.33047638704419,5.73481138949136,19
16834,-117.26907776811103,6.9775271276046595,133047,-114.33047638704419,5.73481138949136,19
16835,-119.41758016988003,-7.0977877402501095,133049,-115.69510858146283,-11.595084171039186,39
16836,-74.4760495818895,-4.542228498329191,133061,-77.6204452281073,-4.536559244831727,5
16837,-142.94654450154079,-1.0126306470059787,133062,-141.0346653257256,-1.1036168920026446,0
16838,-136.88267720853963,-2.840875946601184,133075,-134.89656831690453,-0.030690791204986433,34
16839,-21.023523837835548,5.273887579761671,133094,-29.714479793685786,-1.264748112657314,8
16840,36.39838356338654,1.112039279602722,133108,47.997068783449585,1.2679199422360634,13
16841,-115.19656949747444,4.416069624430742,133110,-114.33047638704419,5.73481138949136,19
16842,774.677221532682,21.775893744845142,133114,861.6475783799328,6.515082937232454,35
16843,-113.34610206820379,8.231002047689962,133127,-114.33047638704419,5.73481138949136,19
16844,-112.1364020142122,4.165824904119468,133134,-114.33047638704419,5.73481138949136,19
16845,-65.69405667470465,-2.1751353801691122,133179,-66.8889597803445,2.169628081691683,14
16846,-27.93906982959652,-39.84306242060525,133193,-29.714479793685786,-1.264748112657314,8
16847,-113.21659329598754,4.866950409888856,133206,-114.33047638704419,5.73481138949136,19
16848,-140.21266211717526,4.353754050096728,133211,-142.14616351708418,5.245197398204194,22
16849,-139.94576466876384,1.0661138885300903,133213,-141.0346653257256,-1.1036168920026446,0
16850,50.417672240849114,0.40694638625419893,133223,47.997068783449585,1.2679199422360634,13
16851,463.0489844938525,-51.54362787955971,133227,417.6915390220547,-4.11857226961515,29
16852,-86.51527277125847,-4.89485882387054,133232,-85.91178621041317,3.2728237667350073,24
16853,-130.20835238940745,4.414314721718058,133236,-132.1080396739421,5.887059356646324,17
16854,-45.68420069905444,-0.49903449376946446,133237,-49.93530245157272,-0.19848027172185767,2
16855,-56.06687107568246,5.6488146540593425,133242,-49.93530245157272,-0.19848027172185767,2
16856,-58.36988959715022,10.187921962318768,133264,-66.8889597803445,2.169628081691683,14
16857,-133.8528415580698,-2.912388317902311,133267,-134.89656831690453,-0.030690791204986433,34
16858,-148.0249260239127,0.10532982315583987,133274,-148.09620948762597,-1.1157003398540595,36
16859,-94.38953188879375,9.504451453962178,133308,-96.6939343764425,2.7165835152131033,15
16860,-122.08104134657184,2.7796054350347403,133310,-123.80894152337959,5.566802721935252,23
16861,-144.9995331215345,-0.42057009236885884,133311,-148.09620948762597,-1.1157003398540595,36
16862,263.24640455621267,-4.4368723214390595,133316,227.03647807555316,-5.020718083634986,26
16863,-99.78483410323207,-0.7617084417443868,133322,-96.6939343764425,2.7165835152131033,15
16864,-135.92272125658613,0.6387413373577419,133325,-134.89656831690453,-0.030690791204986433,34
16865,-8.999277185478118,3.928136698073305,133340,-6.878718007946434,-1.0926682779646681,10
16866,-131.22811666993456,4.830004612993845,133348,-132.1080396739421,5.887059356646324,17
16867,-70.83655210991188,0.3471912855756625,133363,-66.8889597803445,2.169628081691683,14
16868,-114.99800852953604,0.5638852408595404,133366,-118.09857507912784,0.7103841694799473,11
16869,-95.0684797739635,3.996334199855473,133368,-96.6939343764425,2.7165835152131033,15
16870,-136.35769429936295,7.567611386353361,133379,-137.57400940459857,4.493303950559668,20
16871,-31.679691039022558,-15.104698003676553,133385,-29.714479793685786,-1.264748112657314,8
16872,-148.9087107337944,-1.9628920821036788,133392,-148.09620948762597,-1.1157003398540595,36
16873,-72.28424304404078,-8.19595442499469,133395,-77.6204452281073,-4.536559244831727,5
16874,279.6615097651569,5.0663780232884035,133396,302.44973475302317,-5.405747081354008,25
16875,14.625096207769447,12.555854301836511,133397,18.937510567705566,1.034768221250525,27
16876,-19.307223917079067,10.491749634301426,133410,-29.714479793685786,-1.264748112657314,8
16877,158.91189248495027,-31.39710059410145,133416,172.66355239880147,-2.7112682595768685,38
16878,-78.09414230597044,4.836553028970816,133418,-85.91178621041317,3.2728237667350073,24
16879,-5.668575542147804,0.843741674419231,133434,-6.878718007946434,-1.0926682779646681,10
16880,55.01450716302741,-7.9720567569685485,133435,47.997068783449585,1.2679199422360634,13
16881,-146.033080009865,0.8094384757108344,133438,-148.09620948762597,-1.1157003398540595,36
16882,-99.44361515941782,10.097290564478923,133443,-96.6939343764425,2.7165835152131033,15
16883,440.07438806286785,-24.070809805908592,133447,417.6915390220547,-4.11857226961515,29
16884,208.84033446569816,-0.0427356075270239,133464,227.03647807555316,-5.020718083634986,26
16885,58.14287127713638,5.022492582695593,133471,47.997068783449585,1.2679199422360634,13
16886,-83.4187205211871,-6.968240981365551,133494,-77.6204452281073,-4.536559244831727,5
16887,-153.11621004031764,1.9984945437884791,133496,-152.23629829764135,4.213482038439798,37
16888,-135.16495262518276,3.395698463315587,133498,-137.57400940459857,4.493303950559668,20
16889,-78.02927987761036,4.4438825875584795,133507,-85.91178621041317,3.2728237667350073,24
16890,-149.94286022459252,-1.725036870386694,133521,-148.09620948762597,-1.1157003398540595,36
16891,-136.00417221342505,0.869785879489911,133561,-134.89656831690453,-0.030690791204986433,34
16892,18.217217980497942,3.2431944880165924,133574,18.937510567705566,1.034768221250525,27
16893,-78.13219179433028,4.644914211903961,133589,-85.91178621041317,3.2728237667350073,24
16894,427.007721144065,-9.112768553699187,133590,417.6915390220547,-4.11857226961515,29
16895,-4.231950561498827,9.1032756020932,133592,-6.878718007946434,-1.0926682779646681,10
16896,53.797232891655845,-4.275441018203285,133596,47.997068783449585,1.2679199422360634,13
16897,-134.1361196914787,3.7897192077517756,133602,-132.1080396739421,5.887059356646324,17
16898,-131.0592224611395,2.6794645941787008,133604,-129.1025175244067,1.5488809909733745,1
16899,-114.34298989192261,8.161409459560161,133626,-114.33047638704419,5.73481138949136,19
16900,73.44163618663423,1.8101868779321793,133643,78.01149217232324,3.6022338347977136,6
16901,-90.98521759450055,2.2452350204197455,133646,-85.91178621041317,3.2728237667350073,24
16902,117.97726203547629,9.126035188913857,133670,104.96211155305676,-0.5414592591613776,31
16903,-87.39311051289184,9.191145307461266,133677,-85.91178621041317,3.2728237667350073,24
16904,85.90530149025601,-19.796025584918283,133691,70.166569844569,-14.692630117552799,9
16905,241.52883615862422,-8.411581521188198,133709,227.03647807555316,-5.020718083634986,26
16906,-132.04093393682948,2.77634445366765,133723,-132.1080396739421,5.887059356646324,17
16907,-146.95903063271462,-1.3385656739371894,133724,-148.09620948762597,-1.1157003398540595,36
16908,-124.19899938403141,4.837454314022996,133725,-123.80894152337959,5.566802721935252,23
16909,1.0382370113626846,5.337300340624966,133730,-6.878718007946434,-1.0926682779646681,10
16910,-58.12054796042582,5.7609385162285545,133734,-66.8889597803445,2.169628081691683,14
16911,-140.34919546154316,7.335333720581898,133748,-142.14616351708418,5.245197398204194,22
16912,-138.85007493777812,-1.5184042120255867,133756,-141.0346653257256,-1.1036168920026446,0
16913,-133.36353841098767,7.769653386183722,133768,-132.1080396739421,5.887059356646324,17
16914,-148.22601782611054,5.024253566265665,133786,-146.59606179012786,4.113086925586259,4
16915,-32.49915604155215,-2.2921818719500777,133788,-29.714479793685786,-1.264748112657314,8
16916,-65.76255744590047,0.8657849179561886,133791,-66.8889597803445,2.169628081691683,14
16917,-21.815175660186995,2.2517909272348056,133792,-29.714479793685786,-1.264748112657314,8
16918,-132.2189694882929,4.614814562270199,133825,-132.1080396739421,5.887059356646324,17
16919,835.766755804455,37.113065481421906,133849,861.6475783799328,6.515082937232454,35
16920,2.8626480271911845,-6.539298946634203,133851,-6.878718007946434,-1.0926682779646681,10
16921,195.30927528664867,8.30539740542576,133855,172.66355239880147,-2.7112682595768685,38
16922,-34.751372605860915,0.6235254233444406,133859,-29.714479793685786,-1.264748112657314,8
16923,75.99075391315007,-6.5937485687951085,133886,70.166569844569,-14.692630117552799,9
16924,60.92472763533015,-6.426536836482822,133894,70.166569844569,-14.692630117552799,9
16925,-132.83920834200444,-0.12114257566379438,133910,-134.89656831690453,-0.030690791204986433,34
16926,-115.31150511141128,7.437896959183511,133922,-114.33047638704419,5.73481138949136,19
16927,-145.04121659323266,0.5091010476631607,133923,-148.09620948762597,-1.1157003398540595,36
16928,-82.63204947303247,-2.811137931217915,133926,-77.6204452281073,-4.536559244831727,5
16929,-125.07862266661142,1.6408908460770042,133933,-123.94204162798616,-1.5144507595891967,3
16930,-113.88759463725285,0.7340547293528252,133936,-118.09857507912784,0.7103841694799473,11
16931,655.4853346232962,6.170676605942591,133949,586.0312761189704,-1.722944617346204,30
16932,232.99015095769542,-15.577515635149984,133951,227.03647807555316,-5.020718083634986,26
16933,-113.21265663306025,5.842249494894329,133988,-114.33047638704419,5.73481138949136,19
16934,-18.865626265105096,3.3932320872501514,133991,-29.714479793685786,-1.264748112657314,8
16935,-150.0573747012097,0.7750606900592608,133993,-148.09620948762597,-1.1157003398540595,36
16936,-48.46781171285463,-3.245537526304658,133996,-49.93530245157272,-0.19848027172185767,2
16937,-2.9943002539598282,5.460624819180433,133997,-6.878718007946434,-1.0926682779646681,10
16938,-133.10848042972094,2.6715691798381815,133998,-134.89656831690453,-0.030690791204986433,34
16939,-134.02844135255117,1.4382368988163992,134007,-134.89656831690453,-0.030690791204986433,34
16940,0.2982889925967748,1.6711330993239555,134029,-6.878718007946434,-1.0926682779646681,10
16941,-102.97310562329864,1.2634216741642708,134036,-104.7190727296112,3.8815952186994593,7
16942,-128.07350648932442,1.5115836864876249,134044,-129.1025175244067,1.5488809909733745,1
16943,-89.09609786392416,-10.548047625847932,134051,-95.36861679384212,-10.95784818293233,28
16944,-144.06773486621486,1.6164004835192742,134052,-146.59606179012786,4.113086925586259,4
16945,-148.2538150291294,5.101380262192215,134055,-146.59606179012786,4.113086925586259,4
16946,-73.81728129408259,-0.6340097812230463,134061,-77.6204452281073,-4.536559244831727,5
16947,630.1966404205485,9.499081030211002,134063,586.0312761189704,-1.722944617346204,30
16948,-66.20283231538382,-8.84138489227495,134068,-66.8889597803445,2.169628081691683,14
16949,67.97797767740072,-6.9540574075294925,134106,70.166569844569,-14.692630117552799,9
16950,-147.20860672651068,4.138163841709789,134107,-146.59606179012786,4.113086925586259,4
16951,-104.15202675171521,4.65798059731581,134115,-104.7190727296112,3.8815952186994593,7
16952,-95.46626252879983,-6.644027198900155,134126,-95.36861679384212,-10.95784818293233,28
16953,-52.839266882667054,1.2056198085227352,134134,-49.93530245157272,-0.19848027172185767,2
16954,-141.34621973412723,7.251409576254662,134160,-142.14616351708418,5.245197398204194,22
16955,-115.77007625885659,-2.886757412808293,134163,-118.09857507912784,0.7103841694799473,11
16956,-39.78885528222951,0.846716273020621,134167,-49.93530245157272,-0.19848027172185767,2
16957,2.8377826015431262,7.700026618464082,134168,-6.878718007946434,-1.0926682779646681,10
16958,9.661280657329508,-4.5961751276476495,134170,18.937510567705566,1.034768221250525,27
16959,-113.10960842224166,4.081239790868044,134179,-114.33047638704419,5.73481138949136,19
16960,468.16558961127714,-24.564417944696093,134183,417.6915390220547,-4.11857226961515,29
16961,-44.44615006731753,-18.38637537220903,134195,-49.93530245157272,-0.19848027172185767,2
16962,-145.14344504588863,3.2338838446912903,134196,-146.59606179012786,4.113086925586259,4
16963,9.06361659719704,5.933989238594789,134207,18.937510567705566,1.034768221250525,27
16964,9.851836435257004,9.034445973422649,134211,18.937510567705566,1.034768221250525,27
16965,-82.14155277768673,5.295742720907211,134218,-85.91178621041317,3.2728237667350073,24
16966,-75.94835031215048,1.6617301471100288,134221,-77.6204452281073,-4.536559244831727,5
16967,-139.96386440729117,0.9289578144264076,134223,-141.0346653257256,-1.1036168920026446,0
16968,-129.01633875403832,0.22787788426082237,134224,-129.1025175244067,1.5488809909733745,1
16969,13.845097793387092,-5.980310590412858,134226,18.937510567705566,1.034768221250525,27
16970,-125.93501563131296,-0.9805651947750879,134229,-123.94204162798616,-1.5144507595891967,3
16971,-134.9879269940264,-0.4797384547549732,134232,-134.89656831690453,-0.030690791204986433,34
16972,865.9677935263935,35.265032107117165,134243,861.6475783799328,6.515082937232454,35
16973,136.18625924871117,7.439410391058518,134246,135.4076551174278,-1.697351881935795,33
16974,263.1560174230517,-2.4390512002128752,134259,227.03647807555316,-5.020718083634986,26
16975,-61.50725233239281,-4.643916435734973,134274,-66.8889597803445,2.169628081691683,14
16976,-103.40199682020669,-6.64906360802507,134298,-109.71624596876933,-1.0040630408538558,16
16977,-131.17714875894944,4.753808113961147,134302,-132.1080396739421,5.887059356646324,17
16978,-87.92133198763851,0.8834926988841085,134312,-85.91178621041317,3.2728237667350073,24
16979,-91.81439589782232,-1.5173158147345147,134333,-96.6939343764425,2.7165835152131033,15
16980,-71.95152175329723,1.8162374166132917,134337,-66.8889597803445,2.169628081691683,14
16981,-56.363879920104004,-5.670066798000313,134343,-49.93530245157272,-0.19848027172185767,2
16982,-118.21810511346612,5.344371511520381,134363,-114.33047638704419,5.73481138949136,19
16983,-99.73264585463258,-2.9458776406642726,134365,-96.6939343764425,2.7165835152131033,15
16984,-1.0216444426875844,5.061629965592292,134371,-6.878718007946434,-1.0926682779646681,10
16985,-112.76220507919084,-1.9820343972647203,134378,-109.71624596876933,-1.0040630408538558,16
16986,5.9527729315334605,5.738791774308337,134387,18.937510567705566,1.034768221250525,27
16987,-43.910375546283184,2.9301356027521965,134412,-49.93530245157272,-0.19848027172185767,2
16988,-134.77662745635232,-2.5671416821119966,134424,-134.89656831690453,-0.030690791204986433,34
16989,-145.33492804377082,6.925217865689547,134427,-146.59606179012786,4.113086925586259,4
16990,-98.99809704733305,-12.346053574730998,134429,-95.36861679384212,-10.95784818293233,28
16991,-97.13868690516098,4.460997685257653,134435,-96.6939343764425,2.7165835152131033,15
16992,-62.01732696031892,3.4333850623398576,134440,-66.8889597803445,2.169628081691683,14
16993,-113.63997270377742,-3.6474296149380088,134443,-109.71624596876933,-1.0040630408538558,16
16994,-146.33432357891743,6.910672008575274,134445,-146.59606179012786,4.113086925586259,4
16995,-143.1202274063661,2.7750888956102195,134453,-142.14616351708418,5.245197398204194,22
16996,-129.99569216492745,-0.2631750380717934,134455,-129.1025175244067,1.5488809909733745,1
16997,-102.92304992409929,1.6958559585828414,134456,-104.7190727296112,3.8815952186994593,7
16998,-28.7889392831572,2.0672321459141445,134466,-29.714479793685786,-1.264748112657314,8
16999,-89.92474193127302,1.444361549434073,134480,-85.91178621041317,3.2728237667350073,24
17000,-127.45260544465933,-6.971531295373671,134481,-130.75996572568545,-6.6137591708523855,18
17001,-20.221875392651075,9.127425370260397,134488,-29.714479793685786,-1.264748112657314,8
17002,63.79272461229496,10.21243440991923,134491,78.01149217232324,3.6022338347977136,6
17003,-82.11478181428143,4.182929615819571,134496,-85.91178621041317,3.2728237667350073,24
17004,-103.97006935177373,1.1768668360651149,134504,-104.7190727296112,3.8815952186994593,7
17005,-97.93400467756778,0.47753991354500225,134506,-96.6939343764425,2.7165835152131033,15
17006,-91.04798516084553,1.5470977516522564,134507,-85.91178621041317,3.2728237667350073,24
17007,-122.00197084248043,0.5467691983945936,134514,-123.94204162798616,-1.5144507595891967,3
17008,515.2703650971251,19.15776326380887,134519,586.0312761189704,-1.722944617346204,30
17009,-137.9364273199656,-1.676171282089767,134531,-141.0346653257256,-1.1036168920026446,0
17010,-105.1322877854277,4.706337939082284,134542,-104.7190727296112,3.8815952186994593,7
17011,80.65263317575754,-15.893519773011299,134551,70.166569844569,-14.692630117552799,9
17012,-123.8726164079837,-1.2837394241641757,134562,-123.94204162798616,-1.5144507595891967,3
17013,-68.76274103976137,-0.21469912439136601,134568,-66.8889597803445,2.169628081691683,14
17014,-58.87674091893188,0.9061502819638582,134571,-66.8889597803445,2.169628081691683,14
17015,397.2404031774528,-56.836978876043574,134572,417.6915390220547,-4.11857226961515,29
17016,700.4252523975701,8.248170674536253,134578,586.0312761189704,-1.722944617346204,30
17017,-132.06331053584913,1.1965952186461322,134589,-129.1025175244067,1.5488809909733745,1
17018,-137.44752287013748,-6.221340986279599,134592,-141.0346653257256,-1.1036168920026446,0
17019,24.37625241058867,0.8790614624055109,134609,18.937510567705566,1.034768221250525,27
17020,12.481479795407923,-2.145155608909289,134636,18.937510567705566,1.034768221250525,27
17021,-123.98626411421786,1.1958079749208315,134646,-123.94204162798616,-1.5144507595891967,3
17022,302.79613632031123,17.7658087081594,134650,302.44973475302317,-5.405747081354008,25
17023,207.39296124747267,6.666093256307454,134652,227.03647807555316,-5.020718083634986,26
17024,-112.87792750533347,0.5402975123473084,134655,-109.71624596876933,-1.0040630408538558,16
17025,-130.98156247683133,0.4548024909611218,134660,-129.1025175244067,1.5488809909733745,1
17026,-142.0760093108965,1.3257487266364305,134661,-141.0346653257256,-1.1036168920026446,0
17027,-120.36689084329906,-8.210578772493621,134666,-115.69510858146283,-11.595084171039186,39
17028,-128.64532102995759,-3.2749959406017353,134670,-130.75996572568545,-6.6137591708523855,18
17029,-132.00339667151144,0.9197618395084189,134690,-129.1025175244067,1.5488809909733745,1
17030,21.36232236531299,0.09260981639847374,134700,18.937510567705566,1.034768221250525,27
17031,-133.8265574785392,-2.9833850466139245,134712,-134.89656831690453,-0.030690791204986433,34
17032,-127.28589266958558,6.150802513506301,134715,-123.80894152337959,5.566802721935252,23
17033,-141.25138185509937,5.1650211939284505,134731,-142.14616351708418,5.245197398204194,22
17034,-121.39374742621278,8.634682210774502,134769,-123.80894152337959,5.566802721935252,23
17035,-110.81971783263208,-2.2282544704878,134796,-109.71624596876933,-1.0040630408538558,16
17036,-123.6148772588234,-3.3505696376030967,134809,-123.94204162798616,-1.5144507595891967,3
17037,-128.1852615181605,3.9391646437316132,134822,-129.1025175244067,1.5488809909733745,1
17038,36.216950725818606,4.046599498207226,134823,47.997068783449585,1.2679199422360634,13
17039,-7.693488782007091,1.365158483171606,134824,-6.878718007946434,-1.0926682779646681,10
17040,282.6905596273694,-23.941864815682557,134827,302.44973475302317,-5.405747081354008,25
17041,-82.04075057943797,2.576649973469658,134846,-85.91178621041317,3.2728237667350073,24
17042,-130.71215065686317,-3.3908124549519494,134867,-130.75996572568545,-6.6137591708523855,18
17043,-123.30907636311942,6.736967037872499,134877,-123.80894152337959,5.566802721935252,23
17044,-93.16484194604361,4.58892420182563,134888,-96.6939343764425,2.7165835152131033,15
17045,513.6392950933545,-29.54957145797797,134895,586.0312761189704,-1.722944617346204,30
17046,156.5537625768727,2.284005236056811,134899,172.66355239880147,-2.7112682595768685,38
17047,109.95468257846083,-4.711239409403333,134905,104.96211155305676,-0.5414592591613776,31
17048,-102.05483640968421,3.0745020303346977,134916,-104.7190727296112,3.8815952186994593,7
17049,489.45743513270224,0.9155301668489101,134923,417.6915390220547,-4.11857226961515,29
17050,-104.16573491516692,5.47651290371998,134935,-104.7190727296112,3.8815952186994593,7
17051,214.3955238956088,7.235006975745998,134945,227.03647807555316,-5.020718083634986,26
17052,-125.94678025923459,-0.7216269311621902,134954,-123.94204162798616,-1.5144507595891967,3
17053,-128.0514421562841,1.5216338024821836,134965,-129.1025175244067,1.5488809909733745,1
17054,11.69252918341677,11.023861701404263,134966,18.937510567705566,1.034768221250525,27
17055,-55.514121663264234,-3.8941257925084596,134978,-49.93530245157272,-0.19848027172185767,2
17056,-4.8813868925903385,4.478221689163797,134983,-6.878718007946434,-1.0926682779646681,10
17057,-29.192739486329717,7.316825481515826,134991,-29.714479793685786,-1.264748112657314,8
17058,155.34918553509527,5.733846258885379,135004,172.66355239880147,-2.7112682595768685,38
17059,-123.69646368168328,-2.591475971554225,135016,-123.94204162798616,-1.5144507595891967,3
17060,51.03556294094915,-36.93288425041959,135026,28.39696760572947,-22.91072472808294,12
17061,-131.99952087412885,1.8777283821833692,135035,-129.1025175244067,1.5488809909733745,1
17062,-37.13810219258849,-8.234376668345991,135036,-29.714479793685786,-1.264748112657314,8
17063,-41.93032574688238,-11.84632368488215,135044,-49.93530245157272,-0.19848027172185767,2
17064,-105.72216472803397,-1.2069438888192414,135046,-109.71624596876933,-1.0040630408538558,16
17065,-142.82400410380623,-0.6283565652837236,135049,-141.0346653257256,-1.1036168920026446,0
17066,-3.05711354591687,6.834813981988721,135054,-6.878718007946434,-1.0926682779646681,10
17067,-57.50651666935383,-4.080525246021556,135060,-49.93530245157272,-0.19848027172185767,2
17068,-110.26147279141503,5.932608805025261,135072,-114.33047638704419,5.73481138949136,19
17069,-144.9738026673708,1.0842452118943935,135074,-146.59606179012786,4.113086925586259,4
17070,-113.92901945986746,0.12204604263831496,135090,-118.09857507912784,0.7103841694799473,11
17071,-116.13843107730631,-10.590658732529432,135099,-115.69510858146283,-11.595084171039186,39
17072,-155.22779066380892,4.414284975053066,135107,-152.23629829764135,4.213482038439798,37
17073,-70.97586682213654,3.408140738334806,135116,-66.8889597803445,2.169628081691683,14
17074,-114.20537064822643,5.145299777605003,135130,-114.33047638704419,5.73481138949136,19
17075,352.482447937765,10.733405705759102,135131,302.44973475302317,-5.405747081354008,25
17076,27.90125142295591,-6.980339867122767,135132,18.937510567705566,1.034768221250525,27
17077,10.725753079920013,9.767442261655885,135144,18.937510567705566,1.034768221250525,27
17078,109.82247109362682,-2.8422010548489514,135164,104.96211155305676,-0.5414592591613776,31
17079,209.3337353194761,-35.67271410455752,135169,227.03647807555316,-5.020718083634986,26
17080,-139.05933677318694,0.9959337217762844,135174,-141.0346653257256,-1.1036168920026446,0
17081,314.159024542962,-15.34993252366261,135188,302.44973475302317,-5.405747081354008,25
17082,52.801346209004166,-4.367639588075874,135212,47.997068783449585,1.2679199422360634,13
17083,-141.00086375347007,-0.298738213974979,135218,-141.0346653257256,-1.1036168920026446,0
17084,-133.9206998267922,-0.40429340878054776,135234,-134.89656831690453,-0.030690791204986433,34
17085,-130.2505450285155,5.845913994486208,135235,-132.1080396739421,5.887059356646324,17
17086,78.19181557391776,5.313315307060314,135239,78.01149217232324,3.6022338347977136,6
17087,-115.18190437247374,4.097139633693438,135254,-114.33047638704419,5.73481138949136,19
17088,-50.91017508965404,1.7748824536733847,135272,-49.93530245157272,-0.19848027172185767,2
17089,-115.73087393780887,-2.699067672386152,135286,-118.09857507912784,0.7103841694799473,11
17090,-134.19024702715552,4.9802657998704225,135289,-132.1080396739421,5.887059356646324,17
17091,-96.63704103199217,-3.4343184184867543,135290,-96.6939343764425,2.7165835152131033,15
17092,-147.00624057741268,0.7293895676332259,135297,-148.09620948762597,-1.1157003398540595,36
17093,-136.47742097273755,-6.072412344373222,135302,-130.75996572568545,-6.6137591708523855,18
17094,-130.5146698188064,-5.646017248537317,135303,-130.75996572568545,-6.6137591708523855,18
17095,-68.4850106379583,-4.242603180664134,135305,-66.8889597803445,2.169628081691683,14
17096,-135.94102015408887,1.5452141481284851,135306,-134.89656831690453,-0.030690791204986433,34
17097,-119.60195214973633,-4.588609584681262,135317,-123.94204162798616,-1.5144507595891967,3
17098,-119.36735245057555,8.081639318994121,135324,-123.80894152337959,5.566802721935252,23
17099,-124.94956966363401,0.3707381268432549,135329,-123.94204162798616,-1.5144507595891967,3
17100,-130.32108957218406,6.881121956185075,135330,-132.1080396739421,5.887059356646324,17
17101,48.0232081984725,7.472299905419568,135338,47.997068783449585,1.2679199422360634,13
17102,-136.0199906837727,1.7339348136084682,135340,-134.89656831690453,-0.030690791204986433,34
17103,100.92976332131698,10.41591293825974,135349,104.96211155305676,-0.5414592591613776,31
17104,-25.86534672266432,3.267720028976144,135350,-29.714479793685786,-1.264748112657314,8
17105,-145.318868838418,6.569460559541025,135364,-146.59606179012786,4.113086925586259,4
17106,-128.96325172128178,-0.9418030839539866,135401,-129.1025175244067,1.5488809909733745,1
17107,-131.66727282050317,-2.850625888880289,135402,-130.75996572568545,-6.6137591708523855,18
17108,-51.10457371901504,-10.238093688196177,135405,-49.93530245157272,-0.19848027172185767,2
17109,-113.86357047835862,-1.3265317109657915,135417,-109.71624596876933,-1.0040630408538558,16
17110,-122.25048051232572,6.003616076295041,135418,-123.80894152337959,5.566802721935252,23
17111,-78.2589055507923,6.410437219558754,135428,-85.91178621041317,3.2728237667350073,24
17112,-32.838928058629776,2.057824486985878,135431,-29.714479793685786,-1.264748112657314,8
17113,-78.70310245397276,-1.6814763344097257,135435,-77.6204452281073,-4.536559244831727,5
17114,-146.96400003296364,-1.2288702691095772,135444,-148.09620948762597,-1.1157003398540595,36
17115,-52.48721984903408,-3.9203260879951927,135445,-49.93530245157272,-0.19848027172185767,2
17116,-154.00706497098258,0.10793497241473317,135455,-152.23629829764135,4.213482038439798,37
17117,-149.22728819523078,4.509816016557249,135471,-146.59606179012786,4.113086925586259,4
17118,-137.09484469741855,2.328845493451696,135482,-137.57400940459857,4.493303950559668,20
17119,117.11213938719742,7.20410538662014,135489,104.96211155305676,-0.5414592591613776,31
17120,-41.590962727738706,-1.9908227568065318,135492,-49.93530245157272,-0.19848027172185767,2
17121,20.20533768296782,-25.938289249246118,135493,28.39696760572947,-22.91072472808294,12
17122,309.1298312420425,14.134240697766488,135494,302.44973475302317,-5.405747081354008,25
17123,-43.14054915408858,6.949574878870742,135499,-49.93530245157272,-0.19848027172185767,2
17124,-144.07085539160366,2.1999957789799955,135504,-146.59606179012786,4.113086925586259,4
17125,29.1576957229248,4.730261004910686,135507,18.937510567705566,1.034768221250525,27
17126,-58.67721280316767,-0.8941262214621564,135509,-66.8889597803445,2.169628081691683,14
17127,-137.0450913186754,1.7305232545331724,135515,-134.89656831690453,-0.030690791204986433,34
17128,-113.23508849108666,6.324928343947291,135520,-114.33047638704419,5.73481138949136,19
17129,-92.31350334831087,7.3579181842764125,135541,-96.6939343764425,2.7165835152131033,15
17130,-46.71061975308414,-0.4661618554990467,135550,-49.93530245157272,-0.19848027172185767,2
17131,-121.84867147793514,-1.26152248305083,135572,-123.94204162798616,-1.5144507595891967,3
17132,-134.14259211501297,3.4176329796873195,135580,-132.1080396739421,5.887059356646324,17
17133,-122.08856607614334,3.9746301447104684,135591,-123.80894152337959,5.566802721935252,23
17134,-98.88477668857459,-0.6133531514050057,135592,-96.6939343764425,2.7165835152131033,15
17135,418.4865752163346,-1.9382845322220017,135593,417.6915390220547,-4.11857226961515,29
17136,-135.09164194060153,2.270772936729886,135597,-134.89656831690453,-0.030690791204986433,34
17137,53.110431664237225,6.161712086617552,135598,47.997068783449585,1.2679199422360634,13
17138,-92.1772547207788,5.394058907393256,135600,-96.6939343764425,2.7165835152131033,15
17139,-127.77981261901994,-2.8665011073093525,135601,-123.94204162798616,-1.5144507595891967,3
17140,-58.15478761859687,7.008605040475898,135614,-66.8889597803445,2.169628081691683,14
17141,-130.29692150872935,6.3644606487000885,135630,-132.1080396739421,5.887059356646324,17
17142,-147.0997578505757,1.724020198507974,135635,-146.59606179012786,4.113086925586259,4
17143,24.456411026552182,-0.8845085121092036,135643,18.937510567705566,1.034768221250525,27
17144,-145.1085540389285,3.0157060641309914,135645,-146.59606179012786,4.113086925586259,4
17145,618.0548063046481,10.878277530841896,135653,586.0312761189704,-1.722944617346204,30
17146,-116.99260631151962,0.941420219273503,135654,-118.09857507912784,0.7103841694799473,11
17147,323.0540449344241,-13.419194721674925,135666,302.44973475302317,-5.405747081354008,25
17148,-40.35667070186647,-5.557418182883875,135684,-49.93530245157272,-0.19848027172185767,2
17149,-1.252916878272796,9.099462159407846,135687,-6.878718007946434,-1.0926682779646681,10
17150,394.0555085308463,-10.716634877949508,135691,417.6915390220547,-4.11857226961515,29
17151,-110.21827417965274,-9.24991337726163,135692,-115.69510858146283,-11.595084171039186,39
17152,-149.32794230411184,6.722613638834151,135700,-146.59606179012786,4.113086925586259,4
17153,296.82245529785826,-25.564936665319852,135708,302.44973475302317,-5.405747081354008,25
17154,-91.3735093870013,9.200830764943312,135711,-85.91178621041317,3.2728237667350073,24
17155,1.1136920546571423,4.700381491745609,135712,-6.878718007946434,-1.0926682779646681,10
17156,-116.40423309798855,8.923998825868228,135716,-114.33047638704419,5.73481138949136,19
17157,-48.596674374501944,-3.0065072355201328,135717,-49.93530245157272,-0.19848027172185767,2
17158,-64.0412566949029,4.4185207777944955,135721,-66.8889597803445,2.169628081691683,14
17159,212.74994705254625,2.0193514104292385,135731,227.03647807555316,-5.020718083634986,26
17160,-44.24056581351047,8.116727544681368,135738,-49.93530245157272,-0.19848027172185767,2
17161,-7.977004557572286,4.98300327212556,135741,-6.878718007946434,-1.0926682779646681,10
17162,-35.799823577746466,0.13776811821780682,135747,-29.714479793685786,-1.264748112657314,8
17163,-150.85404390748425,-2.675188802415296,135750,-148.09620948762597,-1.1157003398540595,36
17164,-109.07802268088828,2.937952654142869,135752,-109.71624596876933,-1.0040630408538558,16
17165,97.13564873251657,-8.382180193362862,135758,104.96211155305676,-0.5414592591613776,31
17166,121.82631755063692,-16.94167899602513,135761,135.4076551174278,-1.697351881935795,33
17167,-104.96585894658907,1.583449693595319,135762,-104.7190727296112,3.8815952186994593,7
17168,-92.01447357603067,1.3271741200608567,135769,-96.6939343764425,2.7165835152131033,15
17169,28.02418148074315,-8.643104159203935,135781,18.937510567705566,1.034768221250525,27
17170,-139.35063860700313,7.374733187639019,135790,-137.57400940459857,4.493303950559668,20
17171,-109.04439648724055,1.6833582450265727,135806,-109.71624596876933,-1.0040630408538558,16
17172,121.79852446959119,-2.1270621206989593,135808,135.4076551174278,-1.697351881935795,33
17173,-134.85500158354193,-1.8605187294475396,135823,-134.89656831690453,-0.030690791204986433,34
17174,-139.28658516749343,6.505728526366659,135828,-137.57400940459857,4.493303950559668,20
17175,-111.30456871568704,7.3621284795833,135838,-114.33047638704419,5.73481138949136,19
17176,70.76366926684203,-3.2411543426297187,135869,78.01149217232324,3.6022338347977136,6
17177,-110.31971625530898,7.697271222381393,135882,-114.33047638704419,5.73481138949136,19
17178,-68.212808367457,5.5428872931391036,135891,-66.8889597803445,2.169628081691683,14
17179,-25.76484922985958,1.0750192443812445,135893,-29.714479793685786,-1.264748112657314,8
17180,-137.20961213699923,4.842344620791687,135903,-137.57400940459857,4.493303950559668,20
17181,-135.35893724993463,7.6241337584105775,135917,-132.1080396739421,5.887059356646324,17
17182,-125.98496120770986,0.6103773053588988,135918,-123.94204162798616,-1.5144507595891967,3
17183,-141.7698839709903,-1.7926416514075985,135924,-141.0346653257256,-1.1036168920026446,0
17184,-107.21839933631324,6.556056447996775,135933,-104.7190727296112,3.8815952186994593,7
17185,83.60330602646154,-15.267358883417257,135938,70.166569844569,-14.692630117552799,9
17186,-39.01235327372994,4.747114492746735,135939,-29.714479793685786,-1.264748112657314,8
17187,491.9369685310062,-5.963237815225666,135942,417.6915390220547,-4.11857226961515,29
17188,-115.11540113666007,3.158633958902961,135943,-114.33047638704419,5.73481138949136,19
17189,-114.27893731631703,7.270968411561188,135953,-114.33047638704419,5.73481138949136,19
17190,-143.76227017733436,-4.043379724369795,135956,-141.0346653257256,-1.1036168920026446,0
17191,369.60236331184615,8.91109326161425,135959,417.6915390220547,-4.11857226961515,29
17192,-108.98416039166536,2.412064290849226,135968,-109.71624596876933,-1.0040630408538558,16
17193,-106.60176891591605,-4.3662438608299095,135999,-109.71624596876933,-1.0040630408538558,16
17194,-123.87148990136077,-1.811557411151798,136005,-123.94204162798616,-1.5144507595891967,3
17195,-73.4376910524753,-4.849044812405153,136018,-77.6204452281073,-4.536559244831727,5
17196,-151.17398933877195,3.318731163581773,136030,-152.23629829764135,4.213482038439798,37
17197,23.649281520888376,12.18439191610302,136038,18.937510567705566,1.034768221250525,27
17198,321.83366123313203,18.29272282552163,136042,302.44973475302317,-5.405747081354008,25
17199,-85.12133098078894,4.811831371188649,136047,-85.91178621041317,3.2728237667350073,24
17200,102.72266200997859,-1.7935264898877923,136063,104.96211155305676,-0.5414592591613776,31
17201,-110.27493480438275,6.729296130505411,136067,-114.33047638704419,5.73481138949136,19
17202,-142.0771857310034,1.8581797662382917,136081,-141.0346653257256,-1.1036168920026446,0
17203,25.248673411324162,-26.805497256277608,136084,28.39696760572947,-22.91072472808294,12
17204,-12.720027347847626,-13.395030268823083,136086,-6.878718007946434,-1.0926682779646681,10
17205,-92.59144004239373,-3.844292453463044,136089,-95.36861679384212,-10.95784818293233,28
17206,172.21988257508815,8.333479578128323,136120,172.66355239880147,-2.7112682595768685,38
17207,-116.20591162266288,6.134731006832848,136132,-114.33047638704419,5.73481138949136,19
17208,-126.82631144241654,-16.057278009798893,136140,-130.75996572568545,-6.6137591708523855,18
17209,-143.34117558239328,7.091807441752919,136143,-142.14616351708418,5.245197398204194,22
17210,-62.67447052339701,-1.5323206378120569,136144,-66.8889597803445,2.169628081691683,14
17211,-114.09358062582984,3.734340970763445,136148,-114.33047638704419,5.73481138949136,19
17212,-101.0836553963556,4.7521333579449365,136166,-104.7190727296112,3.8815952186994593,7
17213,21.90797581851689,8.010435940852581,136170,18.937510567705566,1.034768221250525,27
17214,-137.78461488260257,-1.4061215193803018,136176,-134.89656831690453,-0.030690791204986433,34
17215,175.15615506344028,-5.475018683694029,136195,172.66355239880147,-2.7112682595768685,38
17216,-18.16010865454845,7.305183691522058,136200,-6.878718007946434,-1.0926682779646681,10
17217,152.19968961568688,-35.74687456285213,136213,135.4076551174278,-1.697351881935795,33
17218,17.19376828581012,4.2409450362959555,136214,18.937510567705566,1.034768221250525,27
17219,-151.19920715889177,3.871896309321886,136219,-152.23629829764135,4.213482038439798,37
17220,0.3719028277308204,0.5667008231816851,136224,-6.878718007946434,-1.0926682779646681,10
17221,-143.21102781611927,4.752223433005471,136237,-142.14616351708418,5.245197398204194,22
17222,195.71294209828676,-12.699429630488414,136239,172.66355239880147,-2.7112682595768685,38
17223,-122.01574751233295,2.393131127200987,136256,-123.80894152337959,5.566802721935252,23
17224,432.4541568134434,13.730898827391101,136266,417.6915390220547,-4.11857226961515,29
17225,114.75838306943261,-1.3630344346415886,136271,104.96211155305676,-0.5414592591613776,31
17226,-64.50632592003333,-4.736258861418531,136274,-66.8889597803445,2.169628081691683,14
17227,-99.61051848533464,-2.5155398138100304,136284,-96.6939343764425,2.7165835152131033,15
17228,521.4970756037229,-27.33854413509208,136288,586.0312761189704,-1.722944617346204,30
17229,-129.66414630772496,-4.421755866325918,136294,-130.75996572568545,-6.6137591708523855,18
17230,-143.27685026496346,6.210281553951036,136303,-142.14616351708418,5.245197398204194,22
17231,-106.17364566128697,5.089621136820837,136312,-104.7190727296112,3.8815952186994593,7
17232,5.252981418386469,2.227623937385956,136318,-6.878718007946434,-1.0926682779646681,10
17233,-155.31382440252665,6.31068590597772,136325,-152.23629829764135,4.213482038439798,37
17234,-110.61997876396575,-4.563124291431193,136332,-109.71624596876933,-1.0040630408538558,16
17235,-102.97938885653582,0.8801300320465523,136351,-104.7190727296112,3.8815952186994593,7
17236,7.266205437510554,1.9720310659891351,136355,18.937510567705566,1.034768221250525,27
17237,-152.3233056578472,6.579634788787463,136366,-152.23629829764135,4.213482038439798,37
17238,-99.74545318243476,-2.134085401952461,136368,-96.6939343764425,2.7165835152131033,15
17239,-92.34353222113569,-6.710649927493645,136390,-95.36861679384212,-10.95784818293233,28
17240,-116.27679428146925,6.124331596342895,136399,-114.33047638704419,5.73481138949136,19
17241,-145.2963646134409,6.11342420658464,136420,-146.59606179012786,4.113086925586259,4
17242,-0.8654917308228779,-25.761147484568273,136424,-6.878718007946434,-1.0926682779646681,10
17243,-69.10875174342637,4.815061789978718,136429,-66.8889597803445,2.169628081691683,14
17244,-102.96404368774935,1.0853273332202324,136434,-104.7190727296112,3.8815952186994593,7
17245,97.89151993928779,11.189246034700028,136454,104.96211155305676,-0.5414592591613776,31
17246,279.9992165067589,0.252530752448112,136468,302.44973475302317,-5.405747081354008,25
17247,-113.86652572810682,0.2730992017426744,136477,-118.09857507912784,0.7103841694799473,11
17248,-101.18890933115732,4.989348950240482,136494,-104.7190727296112,3.8815952186994593,7
17249,118.27400344585685,-9.008663410099556,136495,104.96211155305676,-0.5414592591613776,31
17250,53.09492269306804,-8.742641156959914,136502,47.997068783449585,1.2679199422360634,13
17251,63.97725969521251,-78.59468938466163,136508,110.19899446847099,-35.665903512662624,21
17252,-131.9663580724702,-0.9383466152419347,136509,-134.89656831690453,-0.030690791204986433,34
17253,-91.00732939024245,2.719849861089044,136517,-85.91178621041317,3.2728237667350073,24
17254,-125.33962970141579,7.382650425078643,136520,-123.80894152337959,5.566802721935252,23
17255,-130.21388139993647,4.524723320827643,136521,-132.1080396739421,5.887059356646324,17
17256,-153.32103885955047,6.515450856084046,136523,-152.23629829764135,4.213482038439798,37
17257,1065.187484645635,38.9291386087664,136526,861.6475783799328,6.515082937232454,35
17258,224.17798593898263,-4.087610871142425,136532,227.03647807555316,-5.020718083634986,26
17259,-135.98655663909202,0.48117128725481195,136535,-134.89656831690453,-0.030690791204986433,34
17260,21.670664858711838,-3.567904695659833,136545,18.937510567705566,1.034768221250525,27
17261,87.29353529805917,-39.413606992134724,136555,110.19899446847099,-35.665903512662624,21
17262,32.72774002361855,-4.119088273402368,136562,18.937510567705566,1.034768221250525,27
17263,-124.01177604432051,1.7508402683833406,136565,-123.94204162798616,-1.5144507595891967,3
17264,-149.09434974442263,1.5965223265490223,136586,-148.09620948762597,-1.1157003398540595,36
17265,30.60210264072367,-1.919711141765644,136601,18.937510567705566,1.034768221250525,27
17266,-107.93685049391142,2.4278574754807956,136607,-104.7190727296112,3.8815952186994593,7
17267,-24.216984029228854,8.451329191729467,136611,-29.714479793685786,-1.264748112657314,8
17268,-142.03142116037992,0.3404084705878709,136614,-141.0346653257256,-1.1036168920026446,0
17269,401.3612913770188,13.69290994797115,136617,417.6915390220547,-4.11857226961515,29
17270,335.4952241097898,-5.065681820306973,136619,302.44973475302317,-5.405747081354008,25
17271,-109.8939924803647,0.43377254339577426,136620,-109.71624596876933,-1.0040630408538558,16
17272,106.45110244412815,3.190462339237389,136624,104.96211155305676,-0.5414592591613776,31
17273,-84.98655484838466,2.3474510502883814,136629,-85.91178621041317,3.2728237667350073,24
17274,-64.90578281732381,-12.774498893691083,136633,-66.8889597803445,2.169628081691683,14
17275,615.5787289537964,18.179180784736403,136645,586.0312761189704,-1.722944617346204,30
17276,292.5847443862499,6.974931127711017,136655,302.44973475302317,-5.405747081354008,25
17277,271.9262480597614,1.2169647661204617,136657,302.44973475302317,-5.405747081354008,25
17278,-33.49541168756107,-3.430444734577282,136674,-29.714479793685786,-1.264748112657314,8
17279,307.86914325221613,17.79236122112516,136679,302.44973475302317,-5.405747081354008,25
17280,-151.1888239636394,4.162005356117412,136681,-152.23629829764135,4.213482038439798,37
17281,31.85094984173229,-20.535189494333515,136699,28.39696760572947,-22.91072472808294,12
17282,-56.68065596531476,-0.774570615094933,136703,-49.93530245157272,-0.19848027172185767,2
17283,-151.11241931716077,2.4897785535231622,136704,-152.23629829764135,4.213482038439798,37
17284,208.7298533308727,-27.078203714437592,136709,227.03647807555316,-5.020718083634986,26
17285,-57.87318253582831,0.34304856422377134,136723,-49.93530245157272,-0.19848027172185767,2
17286,-79.93143030543561,1.7697503790812261,136730,-85.91178621041317,3.2728237667350073,24
17287,-113.14331213912072,3.7977984299670053,136735,-114.33047638704419,5.73481138949136,19
17288,-6.320162909455587,-5.275290436137758,136738,-6.878718007946434,-1.0926682779646681,10
17289,-112.22848856403276,5.68318200088329,136739,-114.33047638704419,5.73481138949136,19
17290,-52.128046255909595,5.506498279582719,136753,-49.93530245157272,-0.19848027172185767,2
17291,-141.09568045917874,2.782668046782391,136755,-142.14616351708418,5.245197398204194,22
17292,-21.124187360243578,-8.266970156570647,136768,-29.714479793685786,-1.264748112657314,8
17293,-88.15450223331499,4.954060129599472,136773,-85.91178621041317,3.2728237667350073,24
17294,250.89075912263033,0.5900188377767206,136775,227.03647807555316,-5.020718083634986,26
17295,-54.44426884081379,11.372448885211247,136784,-49.93530245157272,-0.19848027172185767,2
17296,-38.46312163949087,-3.6994012842006225,136785,-29.714479793685786,-1.264748112657314,8
17297,-32.18250017168654,8.083665244158668,136793,-29.714479793685786,-1.264748112657314,8
17298,-129.1377481708739,3.378773224948976,136804,-129.1025175244067,1.5488809909733745,1
17299,-127.84412859249689,-0.9694183341605727,136811,-129.1025175244067,1.5488809909733745,1
17300,-115.1683882755484,5.346219059284504,136812,-114.33047638704419,5.73481138949136,19
17301,-125.26090826388567,6.156312576568786,136828,-123.80894152337959,5.566802721935252,23
17302,10.424634590300457,0.09893149150571383,136830,18.937510567705566,1.034768221250525,27
17303,162.73308839030605,0.5215390962851159,136831,172.66355239880147,-2.7112682595768685,38
17304,310.1519904196377,-15.262646336642113,136834,302.44973475302317,-5.405747081354008,25
17305,-73.12412010022167,3.5035921391727993,136837,-66.8889597803445,2.169628081691683,14
17306,-80.95486390052069,1.7444489241508838,136841,-85.91178621041317,3.2728237667350073,24
17307,-131.89661945574414,-1.9219646559010435,136846,-134.89656831690453,-0.030690791204986433,34
17308,-125.99254506389754,0.7872786544897228,136848,-123.94204162798616,-1.5144507595891967,3
17309,9.837377174170756,-7.418728775397779,136850,18.937510567705566,1.034768221250525,27
17310,-143.98116834650352,-0.7903864020025017,136853,-141.0346653257256,-1.1036168920026446,0
17311,-58.16473327781079,6.7312746540277155,136854,-66.8889597803445,2.169628081691683,14
17312,52.145119275151465,5.378324775493907,136856,47.997068783449585,1.2679199422360634,13
17313,-1.5989174851846655,-0.617406057777555,136862,-6.878718007946434,-1.0926682779646681,10
17314,-79.1003877415298,3.940371953383622,136867,-85.91178621041317,3.2728237667350073,24
17315,-80.10915336650562,5.659291468081666,136873,-85.91178621041317,3.2728237667350073,24
17316,9.938907392620617,-7.590845568219246,136880,18.937510567705566,1.034768221250525,27
17317,-143.2513925819465,5.649346967150928,136882,-142.14616351708418,5.245197398204194,22
17318,-126.31034662990925,6.72242308182079,136886,-123.80894152337959,5.566802721935252,23
17319,-132.91908659088105,-0.4230551838331212,136887,-134.89656831690453,-0.030690791204986433,34
17320,-84.9796146504733,1.6976650099451818,136889,-85.91178621041317,3.2728237667350073,24
17321,-0.4599308763392763,13.141491637630986,136906,-6.878718007946434,-1.0926682779646681,10
17322,-142.9360112043789,-1.24187769925718,136921,-141.0346653257256,-1.1036168920026446,0
17323,68.47642350929857,-14.284151321036424,136933,70.166569844569,-14.692630117552799,9
17324,-75.44316091722472,-5.277254935643763,136936,-77.6204452281073,-4.536559244831727,5
17325,148.63126086339796,-13.243756553149998,136947,135.4076551174278,-1.697351881935795,33
17326,148.16588463724403,-6.6431510071045485,136950,135.4076551174278,-1.697351881935795,33
17327,-86.05269591617966,3.2948436583417453,136954,-85.91178621041317,3.2728237667350073,24
17328,-145.26288612133632,5.863247468062038,136956,-146.59606179012786,4.113086925586259,4
17329,-93.85344256726462,-0.19996538323145555,136957,-96.6939343764425,2.7165835152131033,15
17330,-69.75499777729914,-0.39564849290390414,136958,-66.8889597803445,2.169628081691683,14
17331,-92.89744424958035,0.30223032323732346,136968,-96.6939343764425,2.7165835152131033,15
17332,15.354290414649666,0.170896615579765,136972,18.937510567705566,1.034768221250525,27
17333,-67.56314539056507,-4.03862572536729,136977,-66.8889597803445,2.169628081691683,14
17334,-4.235025839229035,8.660426369225673,136986,-6.878718007946434,-1.0926682779646681,10
17335,-49.13867678555957,5.79404690165165,136987,-49.93530245157272,-0.19848027172185767,2
17336,-52.694745300174326,-0.39349839458283686,137003,-49.93530245157272,-0.19848027172185767,2
17337,-143.34200191374777,7.123687390072785,137009,-142.14616351708418,5.245197398204194,22
17338,-86.72650984396213,-1.7984712315029143,137022,-85.91178621041317,3.2728237667350073,24
17339,-103.5093359497102,-4.812770509072292,137025,-109.71624596876933,-1.0040630408538558,16
17340,-143.12251503923156,2.31375625606615,137030,-142.14616351708418,5.245197398204194,22
17341,141.86114882594285,-2.130983882151086,137036,135.4076551174278,-1.697351881935795,33
17342,219.99521920813342,13.028232022247586,137049,227.03647807555316,-5.020718083634986,26
17343,-10.652770845760458,-0.12005545710442465,137055,-6.878718007946434,-1.0926682779646681,10
17344,-102.74443417088648,-2.71755256326672,137056,-104.7190727296112,3.8815952186994593,7
17345,-56.12673289679086,5.38476794899514,137074,-49.93530245157272,-0.19848027172185767,2
17346,-112.19744501399595,5.499041691689389,137076,-114.33047638704419,5.73481138949136,19
17347,-118.2645243731983,6.886782206723108,137084,-114.33047638704419,5.73481138949136,19
17348,21.871324321779646,8.303400923593038,137092,18.937510567705566,1.034768221250525,27
17349,-9.938017136343602,3.6007657293612243,137100,-6.878718007946434,-1.0926682779646681,10
17350,83.35653943129725,-26.133081231407814,137101,70.166569844569,-14.692630117552799,9
17351,-134.8697689930064,-2.047750537340859,137110,-134.89656831690453,-0.030690791204986433,34
17352,-124.29135905959288,6.847303203643573,137113,-123.80894152337959,5.566802721935252,23
17353,113.74998528236272,-1.1849686522998302,137126,104.96211155305676,-0.5414592591613776,31
17354,-40.97914067412215,3.9858715242373304,137145,-49.93530245157272,-0.19848027172185767,2
17355,-20.188135971469393,7.361252594053914,137166,-29.714479793685786,-1.264748112657314,8
17356,172.0685829835144,-4.62223123355692,137169,172.66355239880147,-2.7112682595768685,38
17357,-130.94523617747853,-0.3343342362704833,137171,-129.1025175244067,1.5488809909733745,1
17358,74.01217367899653,-21.306919497730874,137172,70.166569844569,-14.692630117552799,9
17359,-137.3557636417736,7.512634468397579,137182,-137.57400940459857,4.493303950559668,20
17360,-114.08263226453182,3.483041249215539,137192,-114.33047638704419,5.73481138949136,19
17361,-132.24442358701268,5.1826934216807174,137197,-132.1080396739421,5.887059356646324,17
17362,-23.990608352283488,-10.219387541590306,137198,-29.714479793685786,-1.264748112657314,8
17363,-147.0684276456505,1.583427434559142,137207,-146.59606179012786,4.113086925586259,4
17364,24.835583953663154,-6.10286266215638,137209,18.937510567705566,1.034768221250525,27
17365,-117.13966580659348,3.6563738973750324,137222,-118.09857507912784,0.7103841694799473,11
17366,-111.36904885027687,-7.510470172053956,137228,-115.69510858146283,-11.595084171039186,39
17367,-34.20176324684314,-7.298325740639088,137235,-29.714479793685786,-1.264748112657314,8
17368,-108.42323658746045,9.495691741788352,137236,-104.7190727296112,3.8815952186994593,7
17369,-111.01532317316358,2.5703514083877583,137246,-109.71624596876933,-1.0040630408538558,16
17370,27.57183878204545,-1.830492742403686,137247,18.937510567705566,1.034768221250525,27
17371,-30.80961578865813,2.4773931940027216,137248,-29.714479793685786,-1.264748112657314,8
17372,55.93201084120544,8.582409958898364,137254,47.997068783449585,1.2679199422360634,13
17373,-114.05845271305266,3.9763345280577465,137259,-114.33047638704419,5.73481138949136,19
17374,-54.882378803860554,-27.327534604612158,137278,-49.93530245157272,-0.19848027172185767,2
17375,-124.38525940532685,8.379217406455048,137281,-123.80894152337959,5.566802721935252,23
17376,-151.32198620185125,6.542547451955257,137286,-152.23629829764135,4.213482038439798,37
17377,-154.25022253922754,5.430614314498446,137289,-152.23629829764135,4.213482038439798,37
17378,-58.15929892373107,6.6070492070032945,137294,-66.8889597803445,2.169628081691683,14
17379,58.82419028930817,-4.254421767706756,137299,47.997068783449585,1.2679199422360634,13
17380,-121.81362069408198,-2.043058315624326,137302,-123.94204162798616,-1.5144507595891967,3
17381,-123.78490959169402,-0.6561471744612984,137309,-123.94204162798616,-1.5144507595891967,3
17382,-80.20658643747453,6.231046985278503,137326,-85.91178621041317,3.2728237667350073,24
17383,-20.94063026199626,3.978656975260961,137328,-29.714479793685786,-1.264748112657314,8
17384,-124.19899495827254,4.843839365064339,137330,-123.80894152337959,5.566802721935252,23
17385,8.84537675784389,7.1157471494955225,137333,18.937510567705566,1.034768221250525,27
17386,-78.80883619405378,-0.395531370747668,137351,-77.6204452281073,-4.536559244831727,5
17387,390.92808335563984,5.21107134025619,137355,417.6915390220547,-4.11857226961515,29
17388,691.1786961932987,-2.774870874861145,137357,586.0312761189704,-1.722944617346204,30
17389,-125.99332088746462,0.27201236972947257,137364,-123.94204162798616,-1.5144507595891967,3
17390,-133.01295765958136,1.106806374532134,137365,-134.89656831690453,-0.030690791204986433,34
17391,-64.64582487884617,-1.17086076225926,137366,-66.8889597803445,2.169628081691683,14
17392,-121.3956871322264,8.680986531484601,137369,-123.80894152337959,5.566802721935252,23
17393,280.77680996994417,-39.56281273486842,137379,302.44973475302317,-5.405747081354008,25
17394,-133.5645003305061,-6.679744770539291,137381,-130.75996572568545,-6.6137591708523855,18
17395,709.0270755535341,0.34412754503533194,137398,586.0312761189704,-1.722944617346204,30
17396,753.0218667312082,-26.73011891463278,137410,861.6475783799328,6.515082937232454,35
17397,38.976494652015504,7.8259346155983724,137428,47.997068783449585,1.2679199422360634,13
17398,-24.81695779090046,2.2286650478241854,137436,-29.714479793685786,-1.264748112657314,8
17399,279.8707962176274,17.283920798510362,137438,302.44973475302317,-5.405747081354008,25
17400,11.15013655101773,3.5570733795324996,137445,18.937510567705566,1.034768221250525,27
17401,-128.97710287174226,1.916806823501584,137468,-129.1025175244067,1.5488809909733745,1
17402,112.3940734237626,2.992326901650988,137472,104.96211155305676,-0.5414592591613776,31
17403,-128.12003116963083,3.54562276427279,137473,-129.1025175244067,1.5488809909733745,1
17404,-31.058869856931604,5.889915456839271,137482,-29.714479793685786,-1.264748112657314,8
17405,-106.23101291882072,5.820017820895711,137487,-104.7190727296112,3.8815952186994593,7
17406,-139.94591528390345,-0.9670487466063238,137488,-141.0346653257256,-1.1036168920026446,0
17407,-96.786192382939,-0.17115771209554376,137490,-96.6939343764425,2.7165835152131033,15
17408,58.790459563314556,-4.54532986054506,137496,47.997068783449585,1.2679199422360634,13
17409,-119.81317172267978,-0.46872895375608714,137520,-118.09857507912784,0.7103841694799473,11
17410,-86.11390126457731,3.06837572377828,137524,-85.91178621041317,3.2728237667350073,24
17411,-96.23274729288177,6.0418499979290194,137525,-96.6939343764425,2.7165835152131033,15
17412,-141.12416528654435,2.906759678991931,137555,-142.14616351708418,5.245197398204194,22
17413,-94.71798217560033,-16.35150302270429,137568,-95.36861679384212,-10.95784818293233,28
17414,-4.556791081389973,-1.0737923996640335,137573,-6.878718007946434,-1.0926682779646681,10
17415,-125.30925424503205,7.229160028064627,137576,-123.80894152337959,5.566802721935252,23
17416,-92.0115464090721,3.8184388816823276,137578,-96.6939343764425,2.7165835152131033,15
17417,-136.2911680015951,6.632937497003376,137584,-137.57400940459857,4.493303950559668,20
17418,-77.93414198721237,-12.362630731254322,137586,-77.6204452281073,-4.536559244831727,5
17419,-87.16217349516764,4.6573556733531705,137590,-85.91178621041317,3.2728237667350073,24
17420,-70.5001058195578,-4.451850945399911,137612,-77.6204452281073,-4.536559244831727,5
17421,-132.11319698478678,2.787694543717723,137616,-132.1080396739421,5.887059356646324,17
17422,698.6850380724285,19.297966809561572,137628,586.0312761189704,-1.722944617346204,30
17423,-116.26282129475767,6.371786718168843,137632,-114.33047638704419,5.73481138949136,19
17424,-128.18715487088016,4.006153339816825,137638,-129.1025175244067,1.5488809909733745,1
17425,624.0712632557144,11.129557541717158,137644,586.0312761189704,-1.722944617346204,30
17426,-141.77693942968259,-4.209040825090428,137652,-141.0346653257256,-1.1036168920026446,0
17427,162.41734601879986,-38.81046413918937,137658,172.66355239880147,-2.7112682595768685,38
17428,-43.97883931737399,3.928905690294609,137664,-49.93530245157272,-0.19848027172185767,2
17429,-137.93189902749992,0.2734883239217526,137667,-134.89656831690453,-0.030690791204986433,34
17430,-117.1585845905849,4.57058131995391,137670,-114.33047638704419,5.73481138949136,19
17431,-110.39818014195592,8.926403256514481,137675,-114.33047638704419,5.73481138949136,19
17432,-98.88421456058497,0.9230005848441145,137690,-96.6939343764425,2.7165835152131033,15
17433,-7.3137203013026655,-19.63480791958512,137699,-6.878718007946434,-1.0926682779646681,10
17434,-117.66353540748455,-2.703601557220107,137709,-118.09857507912784,0.7103841694799473,11
17435,-105.91415433804991,0.4141458482490248,137719,-104.7190727296112,3.8815952186994593,7
17436,-94.55070447874431,-3.757878389458726,137720,-96.6939343764425,2.7165835152131033,15
17437,119.25930355290986,5.03160029292341,137738,104.96211155305676,-0.5414592591613776,31
17438,-71.02097080482277,4.3909910715891805,137753,-66.8889597803445,2.169628081691683,14
17439,-98.03571653778319,3.224411946062932,137754,-96.6939343764425,2.7165835152131033,15
17440,-142.12775099470835,2.4484348064444843,137755,-142.14616351708418,5.245197398204194,22
17441,-141.02306957148346,0.679004517723092,137756,-141.0346653257256,-1.1036168920026446,0
17442,-131.9357847893544,0.4576802106191174,137761,-134.89656831690453,-0.030690791204986433,34
17443,913.9874440283703,-20.696870471736283,137764,861.6475783799328,6.515082937232454,35
17444,-137.09702565854758,2.891251155567103,137767,-137.57400940459857,4.493303950559668,20
17445,-115.17499683148436,4.951907169746226,137781,-114.33047638704419,5.73481138949136,19
17446,-108.6642338038425,-3.050720225714038,137794,-109.71624596876933,-1.0040630408538558,16
17447,-77.49410593773125,-4.696727289327337,137796,-77.6204452281073,-4.536559244831727,5
17448,-115.99925122054997,0.5982742585251553,137798,-118.09857507912784,0.7103841694799473,11
17449,177.85579197462388,-1.9189048204849324,137808,172.66355239880147,-2.7112682595768685,38
17450,217.19214989792806,-4.513985199308951,137824,227.03647807555316,-5.020718083634986,26
17451,348.42905067723393,-3.387760282135228,137825,302.44973475302317,-5.405747081354008,25
17452,99.81647862368794,-17.610007835089505,137828,104.96211155305676,-0.5414592591613776,31
17453,-70.42482210094977,10.166119080686114,137832,-66.8889597803445,2.169628081691683,14
17454,388.1779241998434,15.95714838735918,137833,417.6915390220547,-4.11857226961515,29
17455,47.61297590666948,-2.3769037078623914,137867,47.997068783449585,1.2679199422360634,13
17456,21.325116130843824,1.9488648781991311,137875,18.937510567705566,1.034768221250525,27
17457,-99.36899164280074,8.981424751456794,137882,-96.6939343764425,2.7165835152131033,15
17458,-130.22881585941084,5.872190449145599,137887,-132.1080396739421,5.887059356646324,17
17459,-103.37578280802155,-8.248371901397585,137888,-95.36861679384212,-10.95784818293233,28
17460,194.55551750791687,3.9207875449007847,137890,172.66355239880147,-2.7112682595768685,38
17461,-111.03108961049624,-12.323065850110435,137897,-115.69510858146283,-11.595084171039186,39
17462,-80.32074650953255,8.24477491761154,137903,-85.91178621041317,3.2728237667350073,24
17463,-116.7983631363379,-2.8125580706363147,137920,-118.09857507912784,0.7103841694799473,11
17464,-113.1979383430424,-10.778771090333343,137942,-115.69510858146283,-11.595084171039186,39
17465,-125.38301346980951,8.318686087855989,137945,-123.80894152337959,5.566802721935252,23
17466,-113.75845494395995,-1.0554656052184759,137955,-109.71624596876933,-1.0040630408538558,16
17467,-139.0395618195912,0.5803554843961862,137969,-141.0346653257256,-1.1036168920026446,0
17468,4.5439614761170315,-3.1328917604925044,137970,-6.878718007946434,-1.0926682779646681,10
17469,-33.852384136163,2.8557397192869693,137973,-29.714479793685786,-1.264748112657314,8
17470,-122.96230219652209,-0.3389204445558919,137976,-123.94204162798616,-1.5144507595891967,3
17471,-116.87019077635442,-1.2411652122209436,137978,-118.09857507912784,0.7103841694799473,11
17472,397.3892473002626,-1.1947749456175418,137980,417.6915390220547,-4.11857226961515,29
17473,-79.84942931417709,-0.5561754419743317,137983,-77.6204452281073,-4.536559244831727,5
17474,41.970267866743484,-7.233324832411765,138001,47.997068783449585,1.2679199422360634,13
17475,-56.926549016817006,2.5441572038703653,138002,-49.93530245157272,-0.19848027172185767,2
17476,17.97908720355786,5.871456641651122,138009,18.937510567705566,1.034768221250525,27
17477,-52.49745819402443,-3.191983754195706,138014,-49.93530245157272,-0.19848027172185767,2
17478,-137.99232503977228,0.5888745455003521,138015,-134.89656831690453,-0.030690791204986433,34
17479,-141.03515561466514,0.44735075546262215,138020,-141.0346653257256,-1.1036168920026446,0
17480,-121.23988038151927,5.754594148461882,138026,-123.80894152337959,5.566802721935252,23
17481,-98.2069700367737,5.457215305368762,138038,-96.6939343764425,2.7165835152131033,15
17482,-123.70518005684386,-4.448286303962009,138097,-123.94204162798616,-1.5144507595891967,3
17483,-141.10612847678104,1.9860130664164706,138105,-141.0346653257256,-1.1036168920026446,0
17484,-85.00180319616858,2.709109843683593,138131,-85.91178621041317,3.2728237667350073,24
17485,-137.88608750432445,-0.23139340228196995,138135,-134.89656831690453,-0.030690791204986433,34
17486,180.06842002858642,-3.978967788532621,138153,172.66355239880147,-2.7112682595768685,38
17487,100.517122203181,-13.093077463746601,138156,104.96211155305676,-0.5414592591613776,31
17488,-113.41170065981146,9.158810638826589,138164,-114.33047638704419,5.73481138949136,19
17489,-30.0947154018704,-9.07003054333178,138179,-29.714479793685786,-1.264748112657314,8
17490,-61.96306617427631,2.7573532678680746,138182,-66.8889597803445,2.169628081691683,14
17491,42.91740510242749,-6.556041282276694,138189,47.997068783449585,1.2679199422360634,13
17492,-106.00531788867995,3.442027402752518,138190,-104.7190727296112,3.8815952186994593,7
17493,-115.96628283393763,0.37778346975540306,138197,-118.09857507912784,0.7103841694799473,11
17494,15.234874244933524,-40.885613464702374,138200,28.39696760572947,-22.91072472808294,12
17495,-63.949306438900265,2.917418886270422,138207,-66.8889597803445,2.169628081691683,14
17496,-122.39043757297254,8.528633632872689,138211,-123.80894152337959,5.566802721935252,23
17497,27.00250358274846,6.534815173074711,138220,18.937510567705566,1.034768221250525,27
17498,-100.96032584636545,2.029087164383358,138226,-104.7190727296112,3.8815952186994593,7
17499,-134.01547003224,1.1662013986652366,138247,-134.89656831690453,-0.030690791204986433,34
17500,579.0881705751722,-33.66034593378365,138248,586.0312761189704,-1.722944617346204,30
17501,40.35016041729667,1.721943999504807,138264,47.997068783449585,1.2679199422360634,13
17502,-85.62891096228559,-3.429759019886674,138271,-85.91178621041317,3.2728237667350073,24
17503,-131.30262744567986,6.452956341727254,138280,-132.1080396739421,5.887059356646324,17
17504,843.1873959042772,-26.266143509164674,138283,861.6475783799328,6.515082937232454,35
17505,499.9410953236464,-5.912297882091523,138307,417.6915390220547,-4.11857226961515,29
17506,-74.92939959794853,1.7844799750912623,138314,-77.6204452281073,-4.536559244831727,5
17507,-101.10408919583118,-11.085793302941566,138324,-95.36861679384212,-10.95784818293233,28
17508,-146.16628702261326,3.7365241671496183,138327,-146.59606179012786,4.113086925586259,4
17509,-141.3103072380392,6.473071140219382,138329,-142.14616351708418,5.245197398204194,22
17510,-124.96479625715178,-0.3313352162507475,138342,-123.94204162798616,-1.5144507595891967,3
17511,-54.607331803815754,-1.321489081597519,138348,-49.93530245157272,-0.19848027172185767,2
17512,445.95435207654856,6.590857839016426,138357,417.6915390220547,-4.11857226961515,29
17513,-47.73834857956139,-14.597091832565699,138364,-49.93530245157272,-0.19848027172185767,2
17514,-102.07516714155898,2.999730282679344,138368,-104.7190727296112,3.8815952186994593,7
17515,-128.31172686984627,7.2253456159606415,138373,-132.1080396739421,5.887059356646324,17
17516,-132.16832497202952,3.4999192115507034,138374,-132.1080396739421,5.887059356646324,17
17517,-134.90554985348146,-0.7542319866530317,138416,-134.89656831690453,-0.030690791204986433,34
17518,-134.91835752483868,-0.9823995370042508,138422,-134.89656831690453,-0.030690791204986433,34
17519,-61.17458706658605,-8.857366360062363,138435,-66.8889597803445,2.169628081691683,14
17520,87.96701283730533,8.337528809749926,138460,78.01149217232324,3.6022338347977136,6
17521,45.278291831094606,2.851577325264715,138488,47.997068783449585,1.2679199422360634,13
17522,-15.89086652422879,3.476493000697226,138519,-6.878718007946434,-1.0926682779646681,10
17523,-93.08040785716783,4.283085671378838,138521,-96.6939343764425,2.7165835152131033,15
17524,131.46803558685522,-11.499850421394733,138530,135.4076551174278,-1.697351881935795,33
17525,-49.48362520450722,-18.67777577582668,138540,-49.93530245157272,-0.19848027172185767,2
17526,635.4018033132953,6.6372432211065,138541,586.0312761189704,-1.722944617346204,30
17527,-95.09284435992,2.448404272207099,138544,-96.6939343764425,2.7165835152131033,15
17528,-62.25707005229226,-21.80164244359711,138545,-77.6204452281073,-4.536559244831727,5
17529,-124.08495916457491,2.8452716705710803,138562,-123.80894152337959,5.566802721935252,23
17530,-109.06659986941776,2.178534286498699,138572,-109.71624596876933,-1.0040630408538558,16
17531,-74.95471105935806,2.3602538084894578,138577,-77.6204452281073,-4.536559244831727,5
17532,-53.06796099774703,4.673912320792933,138590,-49.93530245157272,-0.19848027172185767,2
17533,-33.01316181362725,4.8534794024192385,138614,-29.714479793685786,-1.264748112657314,8
17534,16.121988897309123,4.765558206954985,138624,18.937510567705566,1.034768221250525,27
17535,-129.31659029089633,6.800083564915277,138628,-132.1080396739421,5.887059356646324,17
17536,-90.3588799753298,8.394491395406455,138629,-85.91178621041317,3.2728237667350073,24
17537,-87.2001175215489,-9.262408616823603,138634,-95.36861679384212,-10.95784818293233,28
17538,357.7172974729272,-21.720844983565097,138636,302.44973475302317,-5.405747081354008,25
17539,194.22032135045947,9.214852014885926,138637,172.66355239880147,-2.7112682595768685,38
17540,-104.17630238567388,5.175979524404006,138641,-104.7190727296112,3.8815952186994593,7
17541,42.06884282682717,5.342956448004716,138649,47.997068783449585,1.2679199422360634,13
17542,88.89511348869819,-4.788844798935808,138651,78.01149217232324,3.6022338347977136,6
17543,-149.32898921788788,6.735289880986505,138652,-146.59606179012786,4.113086925586259,4
17544,326.36284038389624,-3.350900088147182,138675,302.44973475302317,-5.405747081354008,25
17545,-111.3505422775483,8.357070600167344,138684,-114.33047638704419,5.73481138949136,19
17546,225.69927267897575,2.3087261375692574,138686,227.03647807555316,-5.020718083634986,26
17547,90.38932322330385,-26.214196290932495,138687,110.19899446847099,-35.665903512662624,21
17548,-120.19369367518924,5.300954805475555,138699,-123.80894152337959,5.566802721935252,23
17549,-50.87414111595969,2.0078434219919172,138701,-49.93530245157272,-0.19848027172185767,2
17550,-154.31804920837794,6.428393866331511,138705,-152.23629829764135,4.213482038439798,37
17551,-53.70422746789104,-14.944361432720328,138707,-49.93530245157272,-0.19848027172185767,2
17552,279.48072808334547,-64.08613268700239,138711,302.44973475302317,-5.405747081354008,25
17553,45.93894614254639,8.266080568206428,138717,47.997068783449585,1.2679199422360634,13
17554,-146.7182859494067,-3.00498245583452,138719,-148.09620948762597,-1.1157003398540595,36
17555,64.42529089536977,0.48015994522524813,138724,78.01149217232324,3.6022338347977136,6
17556,-99.44609687387647,10.1551930435931,138729,-96.6939343764425,2.7165835152131033,15
17557,-81.97221267452267,1.6016923680899464,138736,-85.91178621041317,3.2728237667350073,24
17558,-97.7451244964909,-2.1020618289057658,138758,-96.6939343764425,2.7165835152131033,15
17559,41.04557971653845,-37.34254183337681,138760,28.39696760572947,-22.91072472808294,12
17560,199.69786818308665,-12.306700064602865,138768,227.03647807555316,-5.020718083634986,26
17561,122.98874430355363,-4.715055215123652,138782,135.4076551174278,-1.697351881935795,33
17562,564.8682724579492,12.008760171777299,138783,586.0312761189704,-1.722944617346204,30
17563,556.829850654368,-45.169219537283304,138791,586.0312761189704,-1.722944617346204,30
17564,-117.03455547870671,2.365594475407996,138793,-118.09857507912784,0.7103841694799473,11
17565,-91.51919273351842,-5.416251711052894,138797,-95.36861679384212,-10.95784818293233,28
17566,99.27369901379738,5.420334647978658,138798,104.96211155305676,-0.5414592591613776,31
17567,-127.02371990150873,0.42445816466097086,138803,-129.1025175244067,1.5488809909733745,1
17568,-44.406826682658775,-5.03491007422359,138808,-49.93530245157272,-0.19848027172185767,2
17569,-152.1526437233481,3.3527643744556355,138813,-152.23629829764135,4.213482038439798,37
17570,-138.1472059920246,2.9510168830113765,138815,-137.57400940459857,4.493303950559668,20
17571,15.311724443313029,1.110962777493888,138820,18.937510567705566,1.034768221250525,27
17572,-103.25525655292564,5.891515283524773,138823,-104.7190727296112,3.8815952186994593,7
17573,-142.05846914591814,0.9453382738040566,138834,-141.0346653257256,-1.1036168920026446,0
17574,-127.98665746853084,1.1236880676554368,138843,-129.1025175244067,1.5488809909733745,1
17575,54.376841630531516,1.876402389804165,138855,47.997068783449585,1.2679199422360634,13
17576,-78.74670897373873,-0.21853255201587338,138860,-77.6204452281073,-4.536559244831727,5
17577,83.87907894847373,10.716481668704573,138866,78.01149217232324,3.6022338347977136,6
17578,-15.818368997693533,2.4250955713220463,138891,-6.878718007946434,-1.0926682779646681,10
17579,511.81522276224155,10.741491200472645,138900,586.0312761189704,-1.722944617346204,30
17580,-68.04861312468302,4.536285675726082,138920,-66.8889597803445,2.169628081691683,14
17581,13.752171861715905,-5.473005201786862,138921,18.937510567705566,1.034768221250525,27
17582,-138.57082226722443,-5.595455761888,138932,-141.0346653257256,-1.1036168920026446,0
17583,-128.0731092293926,3.041108151654501,138940,-129.1025175244067,1.5488809909733745,1
17584,335.22460969375186,-1.191460644298057,138967,302.44973475302317,-5.405747081354008,25
17585,-133.26009085520923,5.495029305728796,138971,-132.1080396739421,5.887059356646324,17
17586,-145.27128714244785,6.0619785713397505,138980,-146.59606179012786,4.113086925586259,4
17587,-142.21244886603245,4.301192246864688,138982,-142.14616351708418,5.245197398204194,22
17588,-76.02768517008234,2.9160999469399664,138998,-77.6204452281073,-4.536559244831727,5
17589,-98.7845899848753,-1.2673256377583226,139000,-96.6939343764425,2.7165835152131033,15
17590,-144.1417571789393,3.2389429202420894,139001,-146.59606179012786,4.113086925586259,4
17591,-113.31357779852755,7.513304494148316,139047,-114.33047638704419,5.73481138949136,19
17592,-12.349934761633445,-4.716746564956078,139048,-6.878718007946434,-1.0926682779646681,10
17593,158.20133031402864,6.954405940184877,139057,172.66355239880147,-2.7112682595768685,38
17594,-138.75544622357475,-2.0472584031524876,139060,-141.0346653257256,-1.1036168920026446,0
17595,146.72516144365352,14.129545770690696,139063,135.4076551174278,-1.697351881935795,33
17596,-122.12756518739802,3.3057947251805073,139067,-123.80894152337959,5.566802721935252,23
17597,-12.360032851394829,-19.22287853421949,139074,-6.878718007946434,-1.0926682779646681,10
17598,202.63635529017867,3.310890151152098,139075,227.03647807555316,-5.020718083634986,26
17599,-143.03381139450894,0.8832070811341668,139108,-141.0346653257256,-1.1036168920026446,0
17600,-94.79675186562093,-1.4428417686373858,139113,-96.6939343764425,2.7165835152131033,15
17601,177.26033671572475,23.29141535710581,139117,172.66355239880147,-2.7112682595768685,38
17602,-134.09316157353604,2.855955737447557,139120,-134.89656831690453,-0.030690791204986433,34
17603,-104.70242765674632,-3.6833965034331975,139132,-109.71624596876933,-1.0040630408538558,16
17604,-137.923447726185,-0.4202441379654338,139144,-134.89656831690453,-0.030690791204986433,34
17605,-79.16097294551052,5.270758566620503,139146,-85.91178621041317,3.2728237667350073,24
17606,380.2913342108591,-0.372750356946188,139153,417.6915390220547,-4.11857226961515,29
17607,-36.337043096066274,-5.40009621764001,139157,-29.714479793685786,-1.264748112657314,8
17608,-50.05974511917615,-10.167511563259648,139158,-49.93530245157272,-0.19848027172185767,2
17609,-112.11977058616202,3.2978594940233883,139163,-114.33047638704419,5.73481138949136,19
17610,-91.16346136527415,4.091538154975051,139176,-85.91178621041317,3.2728237667350073,24
17611,115.5043534691729,-12.560769336319336,139183,104.96211155305676,-0.5414592591613776,31
17612,-67.19028748547092,6.629594133552435,139185,-66.8889597803445,2.169628081691683,14
17613,-142.3456100413976,7.214854546888751,139186,-142.14616351708418,5.245197398204194,22
17614,-31.382280106725982,10.933401781824726,139189,-29.714479793685786,-1.264748112657314,8
17615,-115.11814556370967,3.714369817163149,139198,-114.33047638704419,5.73481138949136,19
17616,67.9031027152764,9.936296639935755,139207,78.01149217232324,3.6022338347977136,6
17617,-64.9266780788346,2.4099897076052335,139219,-66.8889597803445,2.169628081691683,14
17618,-15.715691260115568,0.6806499771071391,139226,-6.878718007946434,-1.0926682779646681,10
17619,112.93108469593889,-18.8805596938174,139249,110.19899446847099,-35.665903512662624,21
17620,-125.21943871401405,5.763415032771052,139251,-123.80894152337959,5.566802721935252,23
17621,-110.27478054058533,6.714810578872992,139264,-114.33047638704419,5.73481138949136,19
17622,-144.00969563850845,-0.18969357442486873,139280,-141.0346653257256,-1.1036168920026446,0
17623,-22.698912694903488,-0.31243682952847085,139284,-29.714479793685786,-1.264748112657314,8
17624,342.97699672026425,2.813767918264378,139304,302.44973475302317,-5.405747081354008,25
17625,-44.78431651144274,0.6807294509967875,139307,-49.93530245157272,-0.19848027172185767,2
17626,-124.40310209067707,-8.510809240845415,139310,-130.75996572568545,-6.6137591708523855,18
17627,-135.30535899044153,6.464868209260629,139314,-137.57400940459857,4.493303950559668,20
17628,-122.18941969461414,4.640178597571722,139332,-123.80894152337959,5.566802721935252,23
17629,-86.65168388726734,-1.9144076201196512,139333,-85.91178621041317,3.2728237667350073,24
17630,-141.8760249905333,-1.0054652638514556,139339,-141.0346653257256,-1.1036168920026446,0
17631,-86.52719398041012,-4.122620391485983,139346,-85.91178621041317,3.2728237667350073,24
17632,-146.27039451962779,6.030555107012214,139355,-146.59606179012786,4.113086925586259,4
17633,31.605252875486862,-1.9637320815322374,139367,18.937510567705566,1.034768221250525,27
17634,-107.10760857513303,3.6416640065753194,139372,-104.7190727296112,3.8815952186994593,7
17635,74.36634690533239,2.4557734556338158,139376,78.01149217232324,3.6022338347977136,6
17636,-101.52865531304415,-4.351148566215736,139383,-96.6939343764425,2.7165835152131033,15
17637,-86.7403113294213,-2.5399850412272005,139384,-85.91178621041317,3.2728237667350073,24
17638,-26.81304184491926,2.122262869812297,139391,-29.714479793685786,-1.264748112657314,8
17639,-137.32054611409708,6.744819092298953,139395,-137.57400940459857,4.493303950559668,20
17640,-110.17671079683403,4.54807382437783,139396,-114.33047638704419,5.73481138949136,19
17641,371.0825173964929,16.724427857483946,139406,417.6915390220547,-4.11857226961515,29
17642,26.781268440070264,-34.327937833486864,139413,28.39696760572947,-22.91072472808294,12
17643,341.18644666153136,-0.2581728979198461,139415,302.44973475302317,-5.405747081354008,25
17644,117.6980453189928,-15.22971026768783,139416,104.96211155305676,-0.5414592591613776,31
17645,-70.01048486675704,2.1216401639558478,139417,-66.8889597803445,2.169628081691683,14
17646,-71.01073391422912,3.6363473268713986,139418,-66.8889597803445,2.169628081691683,14
17647,-118.85682473001987,0.4963175940479091,139438,-118.09857507912784,0.7103841694799473,11
17648,-83.69226105618968,-1.5042239118322283,139450,-85.91178621041317,3.2728237667350073,24
17649,-55.513453688388495,-2.885815528001783,139451,-49.93530245157272,-0.19848027172185767,2
17650,-87.92042012000431,2.4154003951603227,139452,-85.91178621041317,3.2728237667350073,24
17651,98.38241955389921,-11.208482121204995,139469,104.96211155305676,-0.5414592591613776,31
17652,-104.40587021312011,9.167601672693698,139472,-104.7190727296112,3.8815952186994593,7
17653,90.04796841898933,8.154424333052102,139477,78.01149217232324,3.6022338347977136,6
17654,201.5701247003262,18.958871340023435,139481,227.03647807555316,-5.020718083634986,26
17655,-45.31258170554466,9.669662200926181,139488,-49.93530245157272,-0.19848027172185767,2
17656,77.70314782816112,-1.7921505523501629,139513,78.01149217232324,3.6022338347977136,6
17657,190.84853543357073,14.731987731404713,139517,172.66355239880147,-2.7112682595768685,38
17658,-137.0666267547258,2.7526256224066064,139526,-137.57400940459857,4.493303950559668,20
17659,-118.48783488802287,-6.555318741254589,139540,-115.69510858146283,-11.595084171039186,39
17660,-96.2458686819653,6.334863269107419,139548,-96.6939343764425,2.7165835152131033,15
17661,-82.77666880880231,0.37749137219296264,139549,-85.91178621041317,3.2728237667350073,24
17662,-19.178881962280226,-21.77175304042929,139551,-29.714479793685786,-1.264748112657314,8
17663,-133.36394778039312,7.758800365720786,139552,-132.1080396739421,5.887059356646324,17
17664,814.8006818546976,-7.134497134559627,139559,861.6475783799328,6.515082937232454,35
17665,183.33538919534053,7.526993888819408,139560,172.66355239880147,-2.7112682595768685,38
17666,784.5577912227897,24.04523790507755,139588,861.6475783799328,6.515082937232454,35
17667,558.4909272038528,2.883656293985562,139591,586.0312761189704,-1.722944617346204,30
17668,438.15251328320534,3.659552298071392,139593,417.6915390220547,-4.11857226961515,29
17669,-20.73661512441295,-28.418027897955596,139600,-29.714479793685786,-1.264748112657314,8
17670,103.58074406897693,-0.21893637747883937,139604,104.96211155305676,-0.5414592591613776,31
17671,-122.13899847112758,3.5362662643739577,139613,-123.80894152337959,5.566802721935252,23
17672,-52.0219970205694,-10.510457710707891,139621,-49.93530245157272,-0.19848027172185767,2
17673,-115.03737185984937,1.4383517933502554,139622,-118.09857507912784,0.7103841694799473,11
17674,-148.823744181502,-1.2475590575013626,139630,-148.09620948762597,-1.1157003398540595,36
17675,-83.53828355203603,-4.869372363706356,139640,-77.6204452281073,-4.536559244831727,5
17676,-100.30628596478515,7.58709580246435,139641,-104.7190727296112,3.8815952186994593,7
17677,-141.3446006670138,7.21995998433543,139650,-142.14616351708418,5.245197398204194,22
17678,-68.1049909920208,5.245009970458928,139656,-66.8889597803445,2.169628081691683,14
17679,101.84157566247693,-74.99265772935988,139660,110.19899446847099,-35.665903512662624,21
17680,57.9959952391793,8.221309099931954,139667,47.997068783449585,1.2679199422360634,13
17681,-128.2651829144628,5.71612927229739,139672,-132.1080396739421,5.887059356646324,17
17682,-148.3090430328563,6.314721399796729,139673,-146.59606179012786,4.113086925586259,4
17683,-145.08877626494137,2.048546092433959,139675,-146.59606179012786,4.113086925586259,4
17684,-72.53288532605465,-4.280050851713283,139681,-77.6204452281073,-4.536559244831727,5
17685,322.44021696136457,10.136859488894114,139691,302.44973475302317,-5.405747081354008,25
17686,-69.02991409521258,2.549546432260455,139699,-66.8889597803445,2.169628081691683,14
17687,217.56565992367652,4.593175626918227,139706,227.03647807555316,-5.020718083634986,26
17688,-127.98144541408669,0.48228893953605445,139715,-129.1025175244067,1.5488809909733745,1
17689,-68.96075480380654,2.0826465148820303,139748,-66.8889597803445,2.169628081691683,14
17690,525.4171283641753,-40.233465763029024,139757,586.0312761189704,-1.722944617346204,30
17691,218.69706602681183,-11.969718471689681,139761,227.03647807555316,-5.020718083634986,26
17692,361.65548890955023,-35.0285520095893,139770,417.6915390220547,-4.11857226961515,29
17693,-107.91767057565542,-0.03927894192237408,139781,-109.71624596876933,-1.0040630408538558,16
17694,-5.816702646628131,2.5501977013565296,139791,-6.878718007946434,-1.0926682779646681,10
17695,-149.2404671215876,4.79871210452302,139793,-146.59606179012786,4.113086925586259,4
17696,203.60561823076137,4.0034866582547854,139818,227.03647807555316,-5.020718083634986,26
17697,-127.38975246629865,-7.838538072308098,139822,-130.75996572568545,-6.6137591708523855,18
17698,268.75481879031497,-39.791578350739385,139828,302.44973475302317,-5.405747081354008,25
17699,-56.58574766102635,-3.3785180854045747,139831,-49.93530245157272,-0.19848027172185767,2
17700,-110.88270264316918,0.18011057378799275,139835,-109.71624596876933,-1.0040630408538558,16
17701,287.1584368228685,-1.5795102066517106,139840,302.44973475302317,-5.405747081354008,25
17702,120.2615929490868,-8.698968895560624,139843,135.4076551174278,-1.697351881935795,33
17703,292.3330722644977,-32.725337975103834,139847,302.44973475302317,-5.405747081354008,25
17704,-74.89812592177752,1.619261395099813,139850,-77.6204452281073,-4.536559244831727,5
17705,-69.44103126151163,-5.734707009497351,139855,-77.6204452281073,-4.536559244831727,5
17706,-141.9026800013521,-1.4670268971333593,139863,-141.0346653257256,-1.1036168920026446,0
17707,-85.97467641746333,1.5819281386647681,139879,-85.91178621041317,3.2728237667350073,24
17708,-149.3297842850786,6.760192923148165,139886,-146.59606179012786,4.113086925586259,4
17709,-108.04300577310624,3.21584719819014,139902,-104.7190727296112,3.8815952186994593,7
17710,-131.31129491310273,6.638602513109831,139904,-132.1080396739421,5.887059356646324,17
17711,25.040899007607095,6.1991610879119685,139930,18.937510567705566,1.034768221250525,27
17712,-94.95456670332089,2.017148555272108,139939,-96.6939343764425,2.7165835152131033,15
17713,-104.38610871481912,-6.502041885961946,139947,-109.71624596876933,-1.0040630408538558,16
17714,-104.07615116715436,3.4949227968362595,139951,-104.7190727296112,3.8815952186994593,7
17715,-136.0839482436028,2.6310906188703385,139952,-137.57400940459857,4.493303950559668,20
17716,48.11078754045045,6.069852060151663,139957,47.997068783449585,1.2679199422360634,13
17717,-52.89885653219247,2.025830269565204,139962,-49.93530245157272,-0.19848027172185767,2
17718,-75.01791209612968,2.72354631353142,139977,-77.6204452281073,-4.536559244831727,5
17719,-84.7765442126686,-1.7007541675782696,139986,-85.91178621041317,3.2728237667350073,24
17720,57.226127539894854,-10.528704417273936,140007,70.166569844569,-14.692630117552799,9
17721,24.472728749310292,-0.2083057540940501,140009,18.937510567705566,1.034768221250525,27
17722,-86.89547204448637,1.879245589059927,140011,-85.91178621041317,3.2728237667350073,24
17723,-130.91516570094387,-1.0005540460092965,140021,-129.1025175244067,1.5488809909733745,1
17724,290.0000844266896,-13.817741952394094,140023,302.44973475302317,-5.405747081354008,25
17725,-47.065743112903924,4.73842854893875,140030,-49.93530245157272,-0.19848027172185767,2
17726,-52.47199939672193,-3.737884734495779,140038,-49.93530245157272,-0.19848027172185767,2
17727,-122.03938234825496,1.3668354969154772,140053,-123.94204162798616,-1.5144507595891967,3
17728,-112.11130399882565,4.134732260324302,140057,-114.33047638704419,5.73481138949136,19
17729,123.1377914995418,8.275584068633309,140077,135.4076551174278,-1.697351881935795,33
17730,199.32544322360945,7.488875140024167,140079,172.66355239880147,-2.7112682595768685,38
17731,124.50552715748469,2.8063432179323238,140087,135.4076551174278,-1.697351881935795,33
17732,0.9393050173741407,-8.253211077866533,140097,-6.878718007946434,-1.0926682779646681,10
17733,-23.829123654122828,2.5128225969708597,140116,-29.714479793685786,-1.264748112657314,8
17734,-53.86411622959044,0.7142973295888772,140128,-49.93530245157272,-0.19848027172185767,2
17735,517.2750931047444,-9.849439268389157,140129,586.0312761189704,-1.722944617346204,30
17736,374.70057970112015,-35.278292231715206,140132,417.6915390220547,-4.11857226961515,29
17737,-28.71596750775488,-0.059345333198430356,140147,-29.714479793685786,-1.264748112657314,8
17738,-55.84002565409755,1.706635053280907,140153,-49.93530245157272,-0.19848027172185767,2
17739,-98.90595857500826,0.368621106415874,140166,-96.6939343764425,2.7165835152131033,15
17740,427.4008266992278,-0.430944754942197,140168,417.6915390220547,-4.11857226961515,29
17741,342.3363754869637,-59.87064748772898,140171,302.44973475302317,-5.405747081354008,25
17742,-67.98775662140156,3.198491067919186,140178,-66.8889597803445,2.169628081691683,14
17743,-60.70791239425951,-0.23144341292549317,140179,-66.8889597803445,2.169628081691683,14
17744,-38.92442549458107,3.323542153084919,140180,-29.714479793685786,-1.264748112657314,8
17745,433.882415381823,-7.284017925186336,140182,417.6915390220547,-4.11857226961515,29
17746,61.13822701654818,6.195969907441093,140184,47.997068783449585,1.2679199422360634,13
17747,168.61548320107454,2.1594097763009916,140186,172.66355239880147,-2.7112682595768685,38
17748,-107.16665556465861,4.404711465424801,140204,-104.7190727296112,3.8815952186994593,7
17749,-132.133579177318,2.752653081924922,140210,-132.1080396739421,5.887059356646324,17
17750,428.1729544487337,17.248670111148353,140230,417.6915390220547,-4.11857226961515,29
17751,-78.22025035559912,7.096464835537891,140253,-85.91178621041317,3.2728237667350073,24
17752,-48.87375337137891,3.0683781435375588,140262,-49.93530245157272,-0.19848027172185767,2
17753,195.72031135175772,-12.867032554312956,140265,172.66355239880147,-2.7112682595768685,38
17754,-50.0466483962386,5.294322436003911,140273,-49.93530245157272,-0.19848027172185767,2
17755,233.58296691770488,4.994084244636056,140275,227.03647807555316,-5.020718083634986,26
17756,-118.12950734785653,4.417224574554303,140285,-118.09857507912784,0.7103841694799473,11
17757,588.2451842727543,-21.201815590675906,140292,586.0312761189704,-1.722944617346204,30
17758,-18.0660721160812,5.7354325065304135,140304,-6.878718007946434,-1.0926682779646681,10
17759,-79.89503224014172,1.4772112267440325,140315,-85.91178621041317,3.2728237667350073,24
17760,30.24473575792502,-11.391549223950916,140320,28.39696760572947,-22.91072472808294,12
17761,-94.11416330513276,4.4999055445680085,140341,-96.6939343764425,2.7165835152131033,15
17762,157.53531251768302,-11.507084286596951,140357,172.66355239880147,-2.7112682595768685,38
17763,-61.37682932767391,-5.971674985693768,140364,-66.8889597803445,2.169628081691683,14
17764,-88.61690664250402,-3.7409126516528355,140367,-85.91178621041317,3.2728237667350073,24
17765,-106.36052887222212,8.652967408402585,140373,-104.7190727296112,3.8815952186994593,7
17766,-70.63492624376211,-3.561587574570864,140382,-66.8889597803445,2.169628081691683,14
17767,65.12124261479283,5.598299415684853,140383,78.01149217232324,3.6022338347977136,6
17768,-149.05556308412827,1.7719623646464173,140392,-148.09620948762597,-1.1157003398540595,36
17769,-65.61420244367842,-2.914606495921586,140396,-66.8889597803445,2.169628081691683,14
17770,-3.8264973504471915,3.303884385263845,140408,-6.878718007946434,-1.0926682779646681,10
17771,-15.93217979804563,4.886093086364754,140412,-6.878718007946434,-1.0926682779646681,10
17772,-75.13367092932835,4.729135560000147,140414,-66.8889597803445,2.169628081691683,14
17773,3.6493327038959595,-32.854610148431455,140425,28.39696760572947,-22.91072472808294,12
17774,-84.84429726060505,0.28499165045308694,140449,-85.91178621041317,3.2728237667350073,24
17775,-79.82155497733511,0.3807441742213823,140452,-77.6204452281073,-4.536559244831727,5
17776,-81.76119891361257,-0.9660686317099494,140455,-77.6204452281073,-4.536559244831727,5
17777,-32.089380595914754,6.5436623413346835,140466,-29.714479793685786,-1.264748112657314,8
17778,-1.9238894719788666,4.4526906180818155,140470,-6.878718007946434,-1.0926682779646681,10
17779,-78.23377800464114,6.8792809494184795,140475,-85.91178621041317,3.2728237667350073,24
17780,143.3086705941856,5.90133803108215,140482,135.4076551174278,-1.697351881935795,33
17781,-16.67222307142608,-0.8034781069752388,140487,-6.878718007946434,-1.0926682779646681,10
17782,-140.83445947359883,-2.42315822882644,140495,-141.0346653257256,-1.1036168920026446,0
17783,-153.3169061412222,6.403351063033551,140497,-152.23629829764135,4.213482038439798,37
17784,357.67479529900606,22.87852056910328,140499,302.44973475302317,-5.405747081354008,25
17785,-104.88549459270641,0.33552578151096063,140509,-104.7190727296112,3.8815952186994593,7
17786,-150.25915156042046,5.6961700341872445,140521,-152.23629829764135,4.213482038439798,37
17787,34.12061378193659,-10.139742205937367,140527,28.39696760572947,-22.91072472808294,12
17788,-114.9950610928337,2.0455315788565267,140529,-118.09857507912784,0.7103841694799473,11
17789,461.6424122516762,25.848714754284575,140539,417.6915390220547,-4.11857226961515,29
17790,-89.87141741965006,-0.24071165943130765,140545,-85.91178621041317,3.2728237667350073,24
17791,69.55231938389736,-0.6817928039454565,140555,78.01149217232324,3.6022338347977136,6
17792,0.6917586711879472,11.37178043038349,140560,-6.878718007946434,-1.0926682779646681,10
17793,63.66706614775037,-17.002479719238945,140563,70.166569844569,-14.692630117552799,9
17794,-98.7674971243741,-1.1396192259195066,140565,-96.6939343764425,2.7165835152131033,15
17795,-35.553167322858584,-2.193959822597719,140569,-29.714479793685786,-1.264748112657314,8
17796,-139.9502570942814,-0.3968252455268977,140572,-141.0346653257256,-1.1036168920026446,0
17797,-87.12751883562119,5.4215611034680045,140573,-85.91178621041317,3.2728237667350073,24
17798,-46.13215741934912,5.190648471136767,140581,-49.93530245157272,-0.19848027172185767,2
17799,-61.33654376744696,9.40346437790125,140592,-66.8889597803445,2.169628081691683,14
17800,-120.06460666674892,2.454777439487193,140596,-118.09857507912784,0.7103841694799473,11
17801,-60.03618486570945,-11.890354463593253,140603,-49.93530245157272,-0.19848027172185767,2
17802,48.936529603023594,-6.3610206064081245,140608,47.997068783449585,1.2679199422360634,13
17803,-19.732627737346174,-0.06136649719361553,140615,-29.714479793685786,-1.264748112657314,8
17804,-112.3848108869979,8.571774504817878,140625,-114.33047638704419,5.73481138949136,19
17805,44.65900590765968,-17.648016831320145,140626,28.39696760572947,-22.91072472808294,12
17806,-0.9762693409048729,4.593467374100509,140653,-6.878718007946434,-1.0926682779646681,10
17807,-84.06574363717453,4.1162444543699825,140654,-85.91178621041317,3.2728237667350073,24
17808,-100.8309816926573,-1.3177284948455144,140656,-96.6939343764425,2.7165835152131033,15
17809,177.68867364287962,1.2246138637886397,140659,172.66355239880147,-2.7112682595768685,38
17810,-112.87235244092894,-15.325919371769025,140669,-115.69510858146283,-11.595084171039186,39
17811,-2.4651130860283246,-17.269980476170904,140695,-6.878718007946434,-1.0926682779646681,10
17812,-98.68522649026107,-3.436878963862606,140703,-96.6939343764425,2.7165835152131033,15
17813,-82.3682705233768,-7.54421401658467,140725,-77.6204452281073,-4.536559244831727,5
17814,461.2007425214255,-10.712704690028096,140731,417.6915390220547,-4.11857226961515,29
17815,-113.0385043565687,3.0564722311477133,140741,-114.33047638704419,5.73481138949136,19
17816,-55.090823992080004,6.173989083487043,140746,-49.93530245157272,-0.19848027172185767,2
17817,143.2782340031855,-8.158982816384885,140748,135.4076551174278,-1.697351881935795,33
17818,-115.34013802653712,8.056619234677406,140755,-114.33047638704419,5.73481138949136,19
17819,46.42681016541007,-13.560255631345704,140763,47.997068783449585,1.2679199422360634,13
17820,406.6830708553644,9.30595043382893,140766,417.6915390220547,-4.11857226961515,29
17821,-131.0840941777216,3.21408905300615,140773,-129.1025175244067,1.5488809909733745,1
17822,-36.52338057904978,13.405249333115117,140785,-29.714479793685786,-1.264748112657314,8
17823,-140.10619528074344,1.9976603313312291,140789,-141.0346653257256,-1.1036168920026446,0
17824,-119.03106478521633,2.2412180425046566,140814,-118.09857507912784,0.7103841694799473,11
17825,11.23044132064282,3.324522157905911,140830,18.937510567705566,1.034768221250525,27
17826,-121.83874391949169,-1.482552366594834,140831,-123.94204162798616,-1.5144507595891967,3
17827,-151.07736259262333,1.2071150342164174,140842,-152.23629829764135,4.213482038439798,37
17828,-144.27731965973533,5.672543928747292,140880,-142.14616351708418,5.245197398204194,22
17829,-135.85166974034442,-0.9199771224099116,140886,-134.89656831690453,-0.030690791204986433,34
17830,-63.06784684599148,3.4892207037050484,140891,-66.8889597803445,2.169628081691683,14
17831,-108.17232812347606,5.534566221769555,140905,-104.7190727296112,3.8815952186994593,7
17832,-106.17375233817161,4.597006707475584,140911,-104.7190727296112,3.8815952186994593,7
17833,-114.12055334182351,4.3110506245847535,140932,-114.33047638704419,5.73481138949136,19
17834,306.6575255214621,-8.599425661319211,140950,302.44973475302317,-5.405747081354008,25
17835,-136.26441962043242,6.065508319814078,140959,-137.57400940459857,4.493303950559668,20
17836,-49.607790625258296,-1.7466224222890283,140960,-49.93530245157272,-0.19848027172185767,2
17837,-135.2365745642896,4.942700427906247,140961,-137.57400940459857,4.493303950559668,20
17838,-73.96131852490372,-12.728201496940802,140974,-77.6204452281073,-4.536559244831727,5
17839,-129.37397611513853,8.06319032718211,140982,-132.1080396739421,5.887059356646324,17
17840,-114.80876601927159,-0.4932932909452873,140984,-118.09857507912784,0.7103841694799473,11
17841,71.58789645552787,-0.3964309224039204,140986,78.01149217232324,3.6022338347977136,6
17842,-77.82491815551367,0.47704414096445547,140991,-77.6204452281073,-4.536559244831727,5
17843,-104.433560773783,9.804989912288546,140997,-104.7190727296112,3.8815952186994593,7
17844,276.36508726334813,9.472966036226454,141003,302.44973475302317,-5.405747081354008,25
17845,-59.44071991631095,11.212086146110762,141010,-66.8889597803445,2.169628081691683,14
17846,-112.08335265960444,2.504693668907049,141011,-114.33047638704419,5.73481138949136,19
17847,-121.9337842607481,-0.42783356087264945,141014,-123.94204162798616,-1.5144507595891967,3
17848,1352.2194180309216,33.981292997815615,141026,1342.5649032771717,32.04824045393157,32
17849,486.9880175636693,-49.81054857453947,141069,417.6915390220547,-4.11857226961515,29
17850,-51.47053406867522,-4.269182690883609,141073,-49.93530245157272,-0.19848027172185767,2
17851,-100.15217481580333,5.72903830588808,141079,-96.6939343764425,2.7165835152131033,15
17852,-44.45150694905473,-4.06576874388209,141081,-49.93530245157272,-0.19848027172185767,2
17853,-111.45455373406188,-6.66306268222961,141082,-109.71624596876933,-1.0040630408538558,16
17854,-58.36301534846342,-5.711125649504868,141084,-49.93530245157272,-0.19848027172185767,2
17855,220.77807310984707,-27.413274228388534,141097,227.03647807555316,-5.020718083634986,26
17856,17.17192159432409,-11.549255497774668,141099,18.937510567705566,1.034768221250525,27
17857,-100.08030208149916,2.116956745352333,141110,-96.6939343764425,2.7165835152131033,15
17858,-102.11341203158169,3.8403012925458655,141111,-104.7190727296112,3.8815952186994593,7
17859,-108.89318924812912,-0.07697972961096695,141113,-109.71624596876933,-1.0040630408538558,16
17860,256.32273361012676,9.539640417981593,141117,227.03647807555316,-5.020718083634986,26
17861,457.8715703518857,22.803421402340305,141121,417.6915390220547,-4.11857226961515,29
17862,-150.06181312741722,0.8619144076203997,141153,-148.09620948762597,-1.1157003398540595,36
17863,-107.19149134043438,5.968264371214105,141154,-104.7190727296112,3.8815952186994593,7
17864,74.95794956881454,-5.8805523563548965,141161,78.01149217232324,3.6022338347977136,6
17865,261.44222260182477,-6.697381261130569,141162,227.03647807555316,-5.020718083634986,26
17866,-107.071417863603,2.8363018221759266,141165,-104.7190727296112,3.8815952186994593,7
17867,168.4387378710245,-52.87052438553848,141181,172.66355239880147,-2.7112682595768685,38
17868,-21.03763234902815,-10.168054326563729,141196,-29.714479793685786,-1.264748112657314,8
17869,-100.87313845925208,0.6384264845831695,141211,-96.6939343764425,2.7165835152131033,15
17870,238.48650560515998,6.682860930058855,141227,227.03647807555316,-5.020718083634986,26
17871,-42.33463449962774,10.211600485680714,141235,-49.93530245157272,-0.19848027172185767,2
17872,-94.79698282785766,-1.4262814912043364,141241,-96.6939343764425,2.7165835152131033,15
17873,-10.812605698469874,-12.352551628257514,141242,-6.878718007946434,-1.0926682779646681,10
17874,-53.767331520496384,0.660601625478595,141244,-49.93530245157272,-0.19848027172185767,2
17875,-131.78744639739173,-3.815151900341191,141247,-130.75996572568545,-6.6137591708523855,18
17876,-110.79130747155844,-2.3565385103698024,141248,-109.71624596876933,-1.0040630408538558,16
17877,-94.35630991624234,-6.9751720084204525,141250,-95.36861679384212,-10.95784818293233,28
17878,-129.20631670507603,4.909011105580989,141258,-132.1080396739421,5.887059356646324,17
17879,-51.696909406767986,-1.3638477199293606,141263,-49.93530245157272,-0.19848027172185767,2
17880,-145.33778261041982,6.988285419622648,141270,-146.59606179012786,4.113086925586259,4
17881,-79.66702833015746,-3.0161136335889145,141271,-77.6204452281073,-4.536559244831727,5
17882,-136.50185494585043,-6.0377530190479405,141279,-130.75996572568545,-6.6137591708523855,18
17883,-19.025232974797518,5.853140995006178,141281,-29.714479793685786,-1.264748112657314,8
17884,-141.10963987570216,2.5744583420617726,141282,-142.14616351708418,5.245197398204194,22
17885,12.695797635214744,10.97266891043342,141318,18.937510567705566,1.034768221250525,27
17886,-142.20340573724664,5.14614689768908,141320,-142.14616351708418,5.245197398204194,22
17887,249.32994633323437,-5.977706047024313,141325,227.03647807555316,-5.020718083634986,26
17888,-98.05331786858622,2.071195270795276,141326,-96.6939343764425,2.7165835152131033,15
17889,234.8026205587918,-27.200634046099257,141333,227.03647807555316,-5.020718083634986,26
17890,-142.25160433846565,5.161012244018441,141337,-142.14616351708418,5.245197398204194,22
17891,-136.05105731430643,0.864772009223407,141341,-134.89656831690453,-0.030690791204986433,34
17892,27.61945130219241,-2.869566268058585,141346,18.937510567705566,1.034768221250525,27
17893,-131.9923355805611,0.6946981788513609,141347,-134.89656831690453,-0.030690791204986433,34
17894,-112.82556896085914,-2.1354108407122916,141356,-109.71624596876933,-1.0040630408538558,16
17895,27.473167639836944,-1.1962802380350217,141367,18.937510567705566,1.034768221250525,27
17896,-141.98661482438138,-0.12279626248787169,141371,-141.0346653257256,-1.1036168920026446,0
17897,-120.73643319608765,-2.6829419670703056,141372,-123.94204162798616,-1.5144507595891967,3
17898,-106.10615959389955,4.127007151676493,141375,-104.7190727296112,3.8815952186994593,7
17899,6.154212193423695,2.3562694261593076,141379,18.937510567705566,1.034768221250525,27
17900,-6.093583835346673,7.578492858779501,141386,-6.878718007946434,-1.0926682779646681,10
17901,-80.96770124351464,3.0413082751064526,141393,-85.91178621041317,3.2728237667350073,24
17902,-46.730695065521175,0.4869257900480533,141397,-49.93530245157272,-0.19848027172185767,2
17903,-57.83185882556422,1.4852551797768097,141400,-49.93530245157272,-0.19848027172185767,2
17904,-95.56693709031558,-4.435646180050579,141408,-95.36861679384212,-10.95784818293233,28
17905,-13.808733600801022,1.731855377106889,141413,-6.878718007946434,-1.0926682779646681,10
17906,232.1483288927681,-32.25630837525254,141419,227.03647807555316,-5.020718083634986,26
17907,-140.11348854036822,2.682328008768702,141426,-137.57400940459857,4.493303950559668,20
17908,31.674648620938562,12.259373994530801,141428,18.937510567705566,1.034768221250525,27
17909,551.0024966001615,-19.072180447833407,141434,586.0312761189704,-1.722944617346204,30
17910,417.47966351600206,12.912432301986945,141442,417.6915390220547,-4.11857226961515,29
17911,-110.57883796227917,-3.9071834402036933,141449,-109.71624596876933,-1.0040630408538558,16
17912,-72.8306029832523,1.2274176060473443,141450,-66.8889597803445,2.169628081691683,14
17913,-143.2806542351694,5.7888188993411696,141458,-142.14616351708418,5.245197398204194,22
17914,-45.47007446394814,-4.187857588121049,141473,-49.93530245157272,-0.19848027172185767,2
17915,-129.0076204310364,0.5492269171566938,141492,-129.1025175244067,1.5488809909733745,1
17916,-121.39293725881697,8.598726430888073,141493,-123.80894152337959,5.566802721935252,23
17917,-119.58731398186802,-4.91331010304479,141495,-123.94204162798616,-1.5144507595891967,3
17918,-1.7180272395275553,1.4773968036546616,141499,-6.878718007946434,-1.0926682779646681,10
17919,-98.0667199388384,2.3610422094028785,141510,-96.6939343764425,2.7165835152131033,15
17920,41.96066631236238,8.219461548253689,141511,47.997068783449585,1.2679199422360634,13
17921,-74.66502637791872,-2.965785194958748,141521,-77.6204452281073,-4.536559244831727,5
17922,-2.730602246919463,1.7414982309916733,141526,-6.878718007946434,-1.0926682779646681,10
17923,275.4899471458654,7.226320904607518,141533,302.44973475302317,-5.405747081354008,25
17924,-138.00353483690645,0.31628799332272467,141536,-134.89656831690453,-0.030690791204986433,34
17925,-32.70144699927738,0.5690979961367049,141541,-29.714479793685786,-1.264748112657314,8
17926,-30.669554273950187,-0.5900177111122138,141549,-29.714479793685786,-1.264748112657314,8
17927,-132.04875507479815,1.395669624377678,141550,-129.1025175244067,1.5488809909733745,1
17928,391.95420798187075,19.380882480283454,141572,417.6915390220547,-4.11857226961515,29
17929,-126.95183117214226,-0.11884293846622244,141589,-129.1025175244067,1.5488809909733745,1
17930,5.27911042103623,2.1859241443250768,141594,-6.878718007946434,-1.0926682779646681,10
17931,-127.1382279337562,3.4568765756837974,141596,-129.1025175244067,1.5488809909733745,1
17932,-111.62552345620824,-4.4531463873065436,141608,-109.71624596876933,-1.0040630408538558,16
17933,-57.30138454047496,8.719079048329176,141609,-49.93530245157272,-0.19848027172185767,2
17934,-114.954444591973,1.6750864038026576,141611,-118.09857507912784,0.7103841694799473,11
17935,-112.28121561798997,7.340834849501765,141615,-114.33047638704419,5.73481138949136,19
17936,77.66001618971018,-16.093976142260324,141624,70.166569844569,-14.692630117552799,9
17937,46.5501366209981,-1.5383985770821176,141625,47.997068783449585,1.2679199422360634,13
17938,-90.60918037294448,-2.9370688501096986,141628,-85.91178621041317,3.2728237667350073,24
17939,-47.29447650652293,8.20809288537429,141639,-49.93530245157272,-0.19848027172185767,2
17940,-149.26104427745287,5.764469431980759,141641,-146.59606179012786,4.113086925586259,4
17941,-129.10460218036368,2.676669744319784,141663,-129.1025175244067,1.5488809909733745,1
17942,-112.10342288816425,2.9163346278048747,141667,-114.33047638704419,5.73481138949136,19
17943,-114.52122874868256,-4.217140092346294,141668,-109.71624596876933,-1.0040630408538558,16
17944,-147.08059612189382,1.8515522321052342,141670,-146.59606179012786,4.113086925586259,4
17945,-78.1818372604763,6.7835532622943955,141673,-85.91178621041317,3.2728237667350073,24
17946,23.620388202873844,-2.954247800124404,141676,18.937510567705566,1.034768221250525,27
17947,141.31194006540105,5.287187546044269,141678,135.4076551174278,-1.697351881935795,33
17948,-130.91842030511273,-0.9148788567549083,141681,-129.1025175244067,1.5488809909733745,1
17949,-131.09680854460763,2.476494278775623,141689,-129.1025175244067,1.5488809909733745,1
17950,-150.17194170913308,3.273191430713455,141690,-152.23629829764135,4.213482038439798,37
17951,298.74392165614154,-52.75785467844582,141704,302.44973475302317,-5.405747081354008,25
17952,-66.21824416291837,7.237793791343038,141708,-66.8889597803445,2.169628081691683,14
17953,-100.49419952077967,-19.812050477290263,141718,-95.36861679384212,-10.95784818293233,28
17954,-117.1666780298093,4.229550130501657,141742,-114.33047638704419,5.73481138949136,19
17955,-2.658812901889503,0.16161827114092983,141743,-6.878718007946434,-1.0926682779646681,10
17956,-104.29674205322497,-7.930999756343858,141744,-109.71624596876933,-1.0040630408538558,16
17957,-111.14563169118087,4.907268667645787,141747,-114.33047638704419,5.73481138949136,19
17958,-16.49131865792486,-2.714522402046063,141748,-6.878718007946434,-1.0926682779646681,10
17959,-115.21421914732282,5.8239857495979255,141759,-114.33047638704419,5.73481138949136,19
17960,-39.28062333102196,-7.207146996474668,141770,-29.714479793685786,-1.264748112657314,8
17961,-145.3367874850945,6.976954038589251,141774,-146.59606179012786,4.113086925586259,4
17962,-55.36216434223825,-6.204336700387217,141787,-49.93530245157272,-0.19848027172185767,2
17963,-137.07568658288045,1.393804063019613,141791,-134.89656831690453,-0.030690791204986433,34
17964,-37.249311719178685,-6.314113924276651,141798,-29.714479793685786,-1.264748112657314,8
17965,-78.98552393056043,3.9688795901078975,141810,-85.91178621041317,3.2728237667350073,24
17966,120.87833335009513,-3.369594363053103,141815,135.4076551174278,-1.697351881935795,33
17967,-110.59176334271505,-4.1561207408333845,141819,-109.71624596876933,-1.0040630408538558,16
17968,-21.355297225753493,11.008723407586476,141821,-29.714479793685786,-1.264748112657314,8
17969,25.93417008422041,-8.239035034453678,141823,18.937510567705566,1.034768221250525,27
17970,112.4387800965036,-11.684602367633666,141825,104.96211155305676,-0.5414592591613776,31
17971,-114.34130745940098,7.581806452892755,141829,-114.33047638704419,5.73481138949136,19
17972,323.41953641172773,-4.123452737603417,141854,302.44973475302317,-5.405747081354008,25
17973,-118.11487614946765,3.597034409912641,141859,-118.09857507912784,0.7103841694799473,11
17974,-126.33443863177072,7.2455063622755205,141862,-123.80894152337959,5.566802721935252,23
17975,-122.68896169689963,-3.248074278375261,141863,-123.94204162798616,-1.5144507595891967,3
17976,-53.8825184267155,2.6561066714982378,141876,-49.93530245157272,-0.19848027172185767,2
17977,-141.9979904025323,-0.39862882037126995,141883,-141.0346653257256,-1.1036168920026446,0
17978,221.48687387613253,5.874527086754375,141891,227.03647807555316,-5.020718083634986,26
17979,-134.9615472173307,0.4725280395578935,141893,-134.89656831690453,-0.030690791204986433,34
17980,-31.55577623009779,-2.0674217885905346,141901,-29.714479793685786,-1.264748112657314,8
17981,31.89951063198875,-6.3606143530403285,141911,18.937510567705566,1.034768221250525,27
17982,-88.23745426731712,6.796747087206283,141914,-85.91178621041317,3.2728237667350073,24
17983,-139.81451791236023,-2.306860200591472,141932,-141.0346653257256,-1.1036168920026446,0
17984,-31.674629201207956,0.02766833014191093,141935,-29.714479793685786,-1.264748112657314,8
17985,-142.09418362113837,2.7371779971764547,141939,-142.14616351708418,5.245197398204194,22
17986,42.28075683329458,2.234599410140078,141955,47.997068783449585,1.2679199422360634,13
17987,-34.366320209337566,-4.221151844248537,141966,-29.714479793685786,-1.264748112657314,8
17988,-97.00224416929855,1.9863162642709757,141967,-96.6939343764425,2.7165835152131033,15
17989,-133.0197636253642,1.7806626357128845,141978,-134.89656831690453,-0.030690791204986433,34
17990,-69.0982504951045,4.071119605771464,141998,-66.8889597803445,2.169628081691683,14
17991,168.64231792089603,17.337085084037156,142009,172.66355239880147,-2.7112682595768685,38
17992,-28.805315497996055,2.418456796856506,142013,-29.714479793685786,-1.264748112657314,8
17993,-73.97932886654885,1.8901223776648879,142037,-66.8889597803445,2.169628081691683,14
17994,146.75624570586638,-43.93546080467882,142050,110.19899446847099,-35.665903512662624,21
17995,-118.05503244430496,2.799181428587534,142057,-118.09857507912784,0.7103841694799473,11
17996,-122.70795495380717,-3.3580131305855367,142062,-123.94204162798616,-1.5144507595891967,3
17997,-53.88842519555015,2.2968037474857574,142075,-49.93530245157272,-0.19848027172185767,2
17998,-129.95941952635278,1.0220694997635642,142082,-129.1025175244067,1.5488809909733745,1
17999,-133.12488643118309,2.5448285581565115,142085,-134.89656831690453,-0.030690791204986433,34
18000,-134.1581433709335,3.763961516075208,142094,-132.1080396739421,5.887059356646324,17
18001,222.22305911540622,10.123521935564609,142095,227.03647807555316,-5.020718083634986,26
18002,-134.12778530188893,3.122359956457882,142101,-134.89656831690453,-0.030690791204986433,34
18003,-62.80944045265806,-0.11076193192953396,142109,-66.8889597803445,2.169628081691683,14
18004,-137.27603790881605,6.29815934462513,142140,-137.57400940459857,4.493303950559668,20
18005,588.5950018426145,-12.079207581111234,142142,586.0312761189704,-1.722944617346204,30
18006,-63.99014766127267,3.3268708379971286,142144,-66.8889597803445,2.169628081691683,14
18007,-129.13596108211246,3.3542470951863517,142148,-129.1025175244067,1.5488809909733745,1
18008,-114.06792463108894,3.665557092769406,142149,-114.33047638704419,5.73481138949136,19
18009,-135.66295662622102,-4.030392337383345,142152,-134.89656831690453,-0.030690791204986433,34
18010,-66.96454890194077,3.2324417691668823,142156,-66.8889597803445,2.169628081691683,14
18011,-97.99466941536502,3.3533945250674737,142170,-96.6939343764425,2.7165835152131033,15
18012,-45.391672990639364,10.882320922276074,142173,-49.93530245157272,-0.19848027172185767,2
18013,-136.35987156415032,7.641495123805815,142175,-137.57400940459857,4.493303950559668,20
18014,-132.99073482214862,1.1338240429288555,142181,-134.89656831690453,-0.030690791204986433,34
18015,246.3647054034417,-6.274694498319775,142191,227.03647807555316,-5.020718083634986,26
18016,-14.630586256270176,0.3708074704114368,142197,-6.878718007946434,-1.0926682779646681,10
18017,-133.9847884026923,0.49578635094896184,142203,-134.89656831690453,-0.030690791204986433,34
18018,-2.6525462498972554,0.5439218967782522,142207,-6.878718007946434,-1.0926682779646681,10
18019,5.782367570621838,-5.768398190784331,142209,-6.878718007946434,-1.0926682779646681,10
18020,-126.31453753658072,7.3120920662527285,142212,-123.80894152337959,5.566802721935252,23
18021,92.23136910147745,5.705840120821441,142218,104.96211155305676,-0.5414592591613776,31
18022,156.45484397348378,19.68154982904626,142227,172.66355239880147,-2.7112682595768685,38
18023,-149.97465136035106,-0.019771128794512607,142228,-148.09620948762597,-1.1157003398540595,36
18024,-143.0622680208214,1.018603917948139,142252,-141.0346653257256,-1.1036168920026446,0
18025,-153.31743273550862,6.414664334238052,142258,-152.23629829764135,4.213482038439798,37
18026,-125.3847264069715,8.347219262305208,142263,-123.80894152337959,5.566802721935252,23
18027,-119.98798492402823,-13.431987597065792,142273,-115.69510858146283,-11.595084171039186,39
18028,79.11501050086974,-8.752327657306544,142280,70.166569844569,-14.692630117552799,9
18029,200.35068194201617,6.962259660371365,142283,227.03647807555316,-5.020718083634986,26
18030,-76.90648522784497,-13.465160366736274,142286,-77.6204452281073,-4.536559244831727,5
18031,-106.10512349166937,3.5722401862182016,142298,-104.7190727296112,3.8815952186994593,7
18032,747.38562526205,-32.2264429945046,142304,861.6475783799328,6.515082937232454,35
18033,85.38865745981802,3.1710052476439694,142314,78.01149217232324,3.6022338347977136,6
18034,273.1978583721301,-17.39974581211417,142319,302.44973475302317,-5.405747081354008,25
18035,-46.17531977890287,7.1664914606981105,142320,-49.93530245157272,-0.19848027172185767,2
18036,-96.89414573615187,-0.36428586399263024,142325,-96.6939343764425,2.7165835152131033,15
18037,-101.11682966510061,4.426373080972727,142344,-104.7190727296112,3.8815952186994593,7
18038,-149.97704897375237,-0.46981199286946523,142351,-148.09620948762597,-1.1157003398540595,36
18039,-114.26215044270631,6.900370367581353,142354,-114.33047638704419,5.73481138949136,19
18040,-28.81710806175307,2.6796235794830396,142357,-29.714479793685786,-1.264748112657314,8
18041,260.5266265813782,-22.248492873387846,142358,227.03647807555316,-5.020718083634986,26
18042,273.3110754982102,-4.125353618517581,142360,302.44973475302317,-5.405747081354008,25
18043,319.1686046261145,-0.7610479861526324,142379,302.44973475302317,-5.405747081354008,25
18044,-143.98974097014576,-0.6191803265769096,142389,-141.0346653257256,-1.1036168920026446,0
18045,-91.55461807059494,-4.1241143656362995,142393,-95.36861679384212,-10.95784818293233,28
18046,103.26916345351964,5.579368021306459,142396,104.96211155305676,-0.5414592591613776,31
18047,-137.04329275672538,2.227529391152904,142397,-137.57400940459857,4.493303950559668,20
18048,-107.14162004048593,4.372593241567517,142405,-104.7190727296112,3.8815952186994593,7
18049,-70.35050494602861,-20.9153213403509,142410,-77.6204452281073,-4.536559244831727,5
18050,171.6975632939984,-13.281296285135252,142418,172.66355239880147,-2.7112682595768685,38
18051,-81.48339612191738,11.25287537006952,142423,-85.91178621041317,3.2728237667350073,24
18052,-89.96744259665016,2.3713031676562344,142431,-85.91178621041317,3.2728237667350073,24
18053,9.162162853251004,3.7764142285416122,142437,18.937510567705566,1.034768221250525,27
18054,58.008906106649626,7.93983841309572,142446,47.997068783449585,1.2679199422360634,13
18055,-96.18220723219562,5.453229319035562,142453,-96.6939343764425,2.7165835152131033,15
18056,-109.19669600933392,5.026483012201815,142462,-104.7190727296112,3.8815952186994593,7
18057,-118.28733606175436,6.8580466169714205,142466,-114.33047638704419,5.73481138949136,19
18058,-102.20804586469573,5.920595410680265,142470,-104.7190727296112,3.8815952186994593,7
18059,-63.82390026131262,1.2084625447242796,142472,-66.8889597803445,2.169628081691683,14
18060,-48.76354650017965,-0.37265226425674036,142473,-49.93530245157272,-0.19848027172185767,2
18061,-132.1411327271474,3.4226427938297683,142489,-132.1080396739421,5.887059356646324,17
18062,-130.37321272377034,8.02908484797452,142492,-132.1080396739421,5.887059356646324,17
18063,40.351522965741076,2.2153115245367103,142495,47.997068783449585,1.2679199422360634,13
18064,149.75679142732363,-14.95535198389962,142498,135.4076551174278,-1.697351881935795,33
18065,-75.18457356193898,-9.387289847899265,142500,-77.6204452281073,-4.536559244831727,5
18066,30.993402893725136,-51.07100326099923,142511,28.39696760572947,-22.91072472808294,12
18067,-91.16845397166381,6.245539952381363,142512,-85.91178621041317,3.2728237667350073,24
18068,-86.57212686361572,-3.649510217212505,142524,-85.91178621041317,3.2728237667350073,24
18069,-48.80002263158675,1.462547965133699,142540,-49.93530245157272,-0.19848027172185767,2
18070,957.0091430869738,-5.214395724232486,142566,861.6475783799328,6.515082937232454,35
18071,-72.5132769849538,-4.197388026638257,142567,-77.6204452281073,-4.536559244831727,5
18072,-151.25740499255534,5.651152722023473,142576,-152.23629829764135,4.213482038439798,37
18073,-140.94981629188626,-0.4003827359715326,142578,-141.0346653257256,-1.1036168920026446,0
18074,531.3108024467451,-9.899431114781718,142603,586.0312761189704,-1.722944617346204,30
18075,-106.98896058948846,1.0234008508138592,142616,-109.71624596876933,-1.0040630408538558,16
18076,-132.04431814971187,0.7974639476124878,142624,-134.89656831690453,-0.030690791204986433,34
18077,-129.21173643202565,5.010665991249454,142629,-132.1080396739421,5.887059356646324,17
18078,72.20867950799737,4.840106413257094,142633,78.01149217232324,3.6022338347977136,6
18079,-125.30018415323205,6.510186164131381,142647,-123.80894152337959,5.566802721935252,23
18080,225.61612312522956,-10.591453482500214,142659,227.03647807555316,-5.020718083634986,26
18081,-118.04281216861835,2.0135701412107885,142671,-118.09857507912784,0.7103841694799473,11
18082,-87.74144515314532,-0.9973631760410696,142675,-85.91178621041317,3.2728237667350073,24
18083,363.379301789724,-16.791755967548852,142685,417.6915390220547,-4.11857226961515,29
18084,23.13066478927832,5.22118267055177,142690,18.937510567705566,1.034768221250525,27
18085,10.735170475447914,10.585179344298021,142692,18.937510567705566,1.034768221250525,27
18086,-128.97740649983103,0.9213627653011132,142695,-129.1025175244067,1.5488809909733745,1
18087,297.3493005674675,-4.053171992378256,142701,302.44973475302317,-5.405747081354008,25
18088,-108.8066157024726,-0.9430784248133688,142702,-109.71624596876933,-1.0040630408538558,16
18089,443.07849863026195,4.84432095804202,142704,417.6915390220547,-4.11857226961515,29
18090,546.0917628861213,22.033810838545527,142707,586.0312761189704,-1.722944617346204,30
18091,60.047809810719855,-7.581373266377774,142713,70.166569844569,-14.692630117552799,9
18092,10.540525617410399,-16.658633520105173,142724,28.39696760572947,-22.91072472808294,12
18093,-47.343637263157426,-5.430721759593143,142731,-49.93530245157272,-0.19848027172185767,2
18094,-152.32389997062216,6.598491814904411,142742,-152.23629829764135,4.213482038439798,37
18095,-146.15229424593753,2.9453554188577633,142750,-146.59606179012786,4.113086925586259,4
18096,-140.2015386702307,4.097357436946064,142790,-142.14616351708418,5.245197398204194,22
18097,-32.94093196904794,-11.962711175898876,142813,-29.714479793685786,-1.264748112657314,8
18098,-88.09387960995132,4.667772463232758,142819,-85.91178621041317,3.2728237667350073,24
18099,-74.32367127201564,-7.3586949029984865,142827,-77.6204452281073,-4.536559244831727,5
18100,-50.7436262657405,0.19096156702512296,142831,-49.93530245157272,-0.19848027172185767,2
18101,-93.10321584329289,4.281384441365019,142844,-96.6939343764425,2.7165835152131033,15
18102,-147.85245102997243,-2.1413119662422897,142845,-148.09620948762597,-1.1157003398540595,36
18103,-135.04285977413224,1.7239941515551784,142855,-134.89656831690453,-0.030690791204986433,34
18104,71.5854155165152,-0.8582665530997722,142876,78.01149217232324,3.6022338347977136,6
18105,-107.14087857297471,4.874151509077985,142890,-104.7190727296112,3.8815952186994593,7
18106,-38.795732660455336,-27.926264095409213,142907,-29.714479793685786,-1.264748112657314,8
18107,-97.10022106077562,2.603986138548205,142910,-96.6939343764425,2.7165835152131033,15
18108,-85.98857016469047,-12.334080843632222,142922,-95.36861679384212,-10.95784818293233,28
18109,-125.04390262808494,1.4121030860086867,142925,-123.94204162798616,-1.5144507595891967,3
18110,909.8258343578491,24.3863883945751,142937,861.6475783799328,6.515082937232454,35
18111,-139.08726366606888,1.6064474445153143,142942,-137.57400940459857,4.493303950559668,20
18112,162.1881887608645,8.866344385410205,142948,172.66355239880147,-2.7112682595768685,38
18113,-135.20236694492274,5.222264129482447,142949,-137.57400940459857,4.493303950559668,20
18114,-61.41425695804502,-5.669248927466207,142955,-66.8889597803445,2.169628081691683,14
18115,789.187097614855,0.7497871806288948,142958,861.6475783799328,6.515082937232454,35
18116,-95.29269266202837,7.353955482353321,142971,-96.6939343764425,2.7165835152131033,15
18117,-89.96202788926576,-12.468009034862769,142987,-95.36861679384212,-10.95784818293233,28
18118,13.215011702536668,2.6845240119023273,142995,18.937510567705566,1.034768221250525,27
18119,-105.07300118801544,2.3765214696974923,143006,-104.7190727296112,3.8815952186994593,7
18120,-106.01646534072265,1.6500877584399793,143014,-104.7190727296112,3.8815952186994593,7
18121,242.5494039738387,-8.85461187438729,143018,227.03647807555316,-5.020718083634986,26
18122,-110.35407353965074,8.47132073851777,143029,-114.33047638704419,5.73481138949136,19
18123,-140.20282054032648,4.635157683837809,143030,-142.14616351708418,5.245197398204194,22
18124,1142.9945701167762,15.522929022023082,143037,1342.5649032771717,32.04824045393157,32
18125,-91.7776157998868,-0.7934860515632451,143038,-96.6939343764425,2.7165835152131033,15
18126,-150.07368192992178,1.098185966934887,143048,-148.09620948762597,-1.1157003398540595,36
18127,-89.93653934502552,0.1633106153895843,143076,-85.91178621041317,3.2728237667350073,24
18128,224.3816815021904,7.711288859940537,143092,227.03647807555316,-5.020718083634986,26
18129,363.2721271591679,-58.11582815739006,143099,417.6915390220547,-4.11857226961515,29
18130,-137.3561744839195,7.541758376050283,143101,-137.57400940459857,4.493303950559668,20
18131,482.84015756643225,9.707560235178113,143111,417.6915390220547,-4.11857226961515,29
18132,-92.02826124664648,2.1491518835041274,143113,-96.6939343764425,2.7165835152131033,15
18133,-115.90349748015261,0.5406821051097552,143130,-118.09857507912784,0.7103841694799473,11
18134,39.55004369040056,-15.854395062785425,143147,28.39696760572947,-22.91072472808294,12
18135,-139.96592380113486,0.4850771339491019,143148,-141.0346653257256,-1.1036168920026446,0
18136,48.271495303857805,3.0629543880854584,143149,47.997068783449585,1.2679199422360634,13
18137,-54.9234810948812,-12.723166390151587,143153,-49.93530245157272,-0.19848027172185767,2
18138,-111.70645282771908,-2.684958697408257,143160,-109.71624596876933,-1.0040630408538558,16
18139,-72.47239583778719,-4.071966568257076,143166,-77.6204452281073,-4.536559244831727,5
18140,-94.94996876816501,0.885528671608354,143171,-96.6939343764425,2.7165835152131033,15
18141,-19.71130639399409,-14.72541814010986,143182,-29.714479793685786,-1.264748112657314,8
18142,-104.19643443486709,5.1027054082006265,143193,-104.7190727296112,3.8815952186994593,7
18143,-47.44711270965689,-4.198319296826972,143203,-49.93530245157272,-0.19848027172185767,2
18144,-141.11401260125518,2.1366460974546486,143210,-141.0346653257256,-1.1036168920026446,0
18145,-133.05557349708636,2.051039562302676,143212,-134.89656831690453,-0.030690791204986433,34
18146,-137.42969817845866,-8.658572800042615,143214,-130.75996572568545,-6.6137591708523855,18
18147,-121.69366769705574,-2.114388814236649,143220,-123.94204162798616,-1.5144507595891967,3
18148,-14.994211623850209,4.226764040488622,143224,-6.878718007946434,-1.0926682779646681,10
18149,-136.31091478640144,6.550391053534647,143231,-137.57400940459857,4.493303950559668,20
18150,-151.32490323182196,6.618988665482848,143232,-152.23629829764135,4.213482038439798,37
18151,40.95171847745444,8.416991818038962,143239,47.997068783449585,1.2679199422360634,13
18152,83.37591184553924,2.3843213475508978,143259,78.01149217232324,3.6022338347977136,6
18153,-93.72214560895655,-2.032924181178621,143303,-96.6939343764425,2.7165835152131033,15
18154,-92.80150778497072,-1.8144032458954231,143307,-96.6939343764425,2.7165835152131033,15
18155,-69.89314017543433,1.6138099499032645,143314,-66.8889597803445,2.169628081691683,14
18156,-19.17896242149521,-21.76781421460695,143324,-29.714479793685786,-1.264748112657314,8
18157,-8.141604860018083,-8.189676479159607,143330,-6.878718007946434,-1.0926682779646681,10
18158,263.0451111032994,-15.258657352386034,143336,227.03647807555316,-5.020718083634986,26
18159,-112.95578903767472,1.2351111359288642,143337,-109.71624596876933,-1.0040630408538558,16
18160,24.159491940528433,3.5685469123349423,143345,18.937510567705566,1.034768221250525,27
18161,54.04487520814742,7.602954798280068,143347,47.997068783449585,1.2679199422360634,13
18162,-39.135875602985664,5.393506521765139,143351,-29.714479793685786,-1.264748112657314,8
18163,-119.92899082166772,-0.5078888914925767,143353,-118.09857507912784,0.7103841694799473,11
18164,-125.38465873250992,8.354507839599314,143358,-123.80894152337959,5.566802721935252,23
18165,-46.55259683582445,-3.4106782758788436,143359,-49.93530245157272,-0.19848027172185767,2
18166,-50.473964142684416,-4.184649424893099,143360,-49.93530245157272,-0.19848027172185767,2
18167,-122.1199933018922,3.6426491900035605,143364,-123.80894152337959,5.566802721935252,23
18168,72.38209606668401,2.5851549728665932,143376,78.01149217232324,3.6022338347977136,6
18169,-130.1974335835086,5.203733299418735,143387,-132.1080396739421,5.887059356646324,17
18170,-32.3403401742669,-5.25698975365898,143388,-29.714479793685786,-1.264748112657314,8
18171,-121.04059625594203,1.412245571360047,143403,-118.09857507912784,0.7103841694799473,11
18172,-69.16340460669467,6.5174362955628276,143405,-66.8889597803445,2.169628081691683,14
18173,235.42268186561466,-21.93587775456392,143422,227.03647807555316,-5.020718083634986,26
18174,427.8287646425531,-20.945598040845915,143423,417.6915390220547,-4.11857226961515,29
18175,-144.26854364643103,6.014454034583326,143425,-142.14616351708418,5.245197398204194,22
18176,-151.1127663813475,2.994558442716245,143435,-152.23629829764135,4.213482038439798,37
18177,-60.776354273705174,0.22501255057398137,143450,-66.8889597803445,2.169628081691683,14
18178,-92.02613476232445,3.114638433588478,143453,-96.6939343764425,2.7165835152131033,15
18179,-88.65978476988482,-3.829783555622025,143454,-85.91178621041317,3.2728237667350073,24
18180,33.7928073593482,-5.01410840052003,143465,47.997068783449585,1.2679199422360634,13
18181,-111.0817988885274,3.5015645479018707,143469,-114.33047638704419,5.73481138949136,19
18182,11.086718031402048,4.946689885319618,143471,18.937510567705566,1.034768221250525,27
18183,-105.23913886585659,5.492286749908938,143519,-104.7190727296112,3.8815952186994593,7
18184,69.34984806651538,3.2399533553968927,143523,78.01149217232324,3.6022338347977136,6
18185,149.8412322411758,-16.28938413220881,143530,135.4076551174278,-1.697351881935795,33
18186,-93.95046339826689,1.431951111314761,143534,-96.6939343764425,2.7165835152131033,15
18187,-151.89198932204735,-2.3828682634833753,143540,-148.09620948762597,-1.1157003398540595,36
18188,-135.36188746329125,7.708950857042513,143549,-132.1080396739421,5.887059356646324,17
18189,-135.78859211357576,-1.2893485823966235,143563,-134.89656831690453,-0.030690791204986433,34
18190,-113.24810203890368,6.594011337402557,143575,-114.33047638704419,5.73481138949136,19
18191,-79.1299381263589,3.5367392035966065,143583,-85.91178621041317,3.2728237667350073,24
18192,-140.29127020387364,6.070387583780556,143589,-142.14616351708418,5.245197398204194,22
18193,-124.03892317598017,0.8219384774553188,143620,-123.94204162798616,-1.5144507595891967,3
18194,-119.78325028174412,-1.643741020382603,143631,-118.09857507912784,0.7103841694799473,11
18195,-58.38209470818105,10.458709505857815,143640,-66.8889597803445,2.169628081691683,14
18196,-84.98494193013549,2.8466204657636176,143656,-85.91178621041317,3.2728237667350073,24
18197,-109.77968476887041,-0.02562403691647454,143657,-109.71624596876933,-1.0040630408538558,16
18198,-134.92992185099592,-0.7335151431304778,143691,-134.89656831690453,-0.030690791204986433,34
18199,-28.388851724401356,11.621809459447391,143700,-29.714479793685786,-1.264748112657314,8
18200,-83.23247774322303,-8.477663745489178,143703,-77.6204452281073,-4.536559244831727,5
18201,-108.19592512325124,4.511812362061713,143715,-104.7190727296112,3.8815952186994593,7
18202,-58.25686345024456,7.723092394179435,143716,-66.8889597803445,2.169628081691683,14
18203,-108.86686002563827,-0.14065208335233176,143722,-109.71624596876933,-1.0040630408538558,16
18204,103.74431969668136,-1.749095524348055,143736,104.96211155305676,-0.5414592591613776,31
18205,-30.70428147852139,-15.06303806033991,143746,-29.714479793685786,-1.264748112657314,8
18206,-85.1102640495687,4.577020134633418,143757,-85.91178621041317,3.2728237667350073,24
18207,787.3008970371754,-29.697431957780026,143768,861.6475783799328,6.515082937232454,35
18208,-94.8707009903745,-0.32722284337394314,143773,-96.6939343764425,2.7165835152131033,15
18209,-141.34823830181756,7.316082679416777,143776,-142.14616351708418,5.245197398204194,22
18210,-123.03645280912671,-13.454455907481703,143790,-115.69510858146283,-11.595084171039186,39
18211,-119.1675589625748,3.7216257898191927,143807,-118.09857507912784,0.7103841694799473,11
18212,-133.92513281106608,-0.8254700155633229,143819,-134.89656831690453,-0.030690791204986433,34
18213,-126.1404438665898,2.981682562867522,143867,-129.1025175244067,1.5488809909733745,1
18214,-96.03930069380442,3.848076893054363,143876,-96.6939343764425,2.7165835152131033,15
18215,-127.98944535823084,0.16892505826457668,143877,-129.1025175244067,1.5488809909733745,1
18216,-76.5054743012318,-3.935642512935816,143892,-77.6204452281073,-4.536559244831727,5
18217,688.4032890490907,8.527465240084982,143906,586.0312761189704,-1.722944617346204,30
18218,-129.1545740553211,3.7828041736560194,143910,-129.1025175244067,1.5488809909733745,1
18219,-89.33532457130914,8.905493788930874,143911,-85.91178621041317,3.2728237667350073,24
18220,-138.04863240545575,0.7808487045351128,143912,-134.89656831690453,-0.030690791204986433,34
18221,-69.60049645357552,-1.7194032038054763,143928,-66.8889597803445,2.169628081691683,14
18222,-84.64866051960364,-2.473655262333996,143934,-85.91178621041317,3.2728237667350073,24
18223,652.6119922464754,-38.78678255543495,143948,586.0312761189704,-1.722944617346204,30
18224,-131.37050952331342,7.961465436836346,143953,-132.1080396739421,5.887059356646324,17
18225,15.687759735199561,11.706455405950159,143956,18.937510567705566,1.034768221250525,27
18226,-122.31515135273546,6.90480184657033,143958,-123.80894152337959,5.566802721935252,23
18227,-140.28161391247428,5.840979150637357,143966,-142.14616351708418,5.245197398204194,22
18228,302.60333931493676,6.727290480759752,143978,302.44973475302317,-5.405747081354008,25
18229,-118.3149824214617,6.967347655011725,143981,-114.33047638704419,5.73481138949136,19
18230,4.9595214301911055,6.6033204299174155,143990,-6.878718007946434,-1.0926682779646681,10
18231,25.43365461881903,-14.580386282144595,144003,28.39696760572947,-22.91072472808294,12
18232,357.2533302456453,13.264206310508456,144004,302.44973475302317,-5.405747081354008,25
18233,-17.108652020887387,5.680540885330702,144005,-6.878718007946434,-1.0926682779646681,10
18234,-10.513461796265718,-2.131721964252306,144007,-6.878718007946434,-1.0926682779646681,10
18235,-119.93423785941577,0.6267292046497265,144011,-118.09857507912784,0.7103841694799473,11
18236,-138.35608780158768,7.527286708764487,144013,-137.57400940459857,4.493303950559668,20
18237,-142.95555357225322,0.20709339160548995,144014,-141.0346653257256,-1.1036168920026446,0
18238,-137.88792990721925,-1.7037239584654973,144018,-141.0346653257256,-1.1036168920026446,0
18239,-135.15298914263212,3.6380033719586975,144021,-137.57400940459857,4.493303950559668,20
18240,-42.463055927462015,-3.7642916328532943,144052,-49.93530245157272,-0.19848027172185767,2
18241,26.089901043118772,5.632561893479233,144077,18.937510567705566,1.034768221250525,27
18242,-93.22611448012384,5.9399487855691175,144096,-96.6939343764425,2.7165835152131033,15
18243,-128.09601486693305,2.50990256315022,144101,-129.1025175244067,1.5488809909733745,1
18244,237.53416588368972,-9.119538878711413,144109,227.03647807555316,-5.020718083634986,26
18245,-63.486893869402536,-4.113740412543673,144113,-66.8889597803445,2.169628081691683,14
18246,127.43580680468591,-10.856976087095415,144125,135.4076551174278,-1.697351881935795,33
18247,-95.61814008970595,-18.049611551371953,144143,-95.36861679384212,-10.95784818293233,28
18248,-122.19157517188593,4.712274697956898,144146,-123.80894152337959,5.566802721935252,23
18249,-53.243944609902236,-8.244981748563657,144156,-49.93530245157272,-0.19848027172185767,2
18250,-30.603858469534945,-1.0018901203870174,144162,-29.714479793685786,-1.264748112657314,8
18251,209.2557000290064,-6.049468315760834,144163,227.03647807555316,-5.020718083634986,26
18252,127.61628629854295,0.42784089048648566,144164,135.4076551174278,-1.697351881935795,33
18253,-112.28566947193035,6.91397433151185,144172,-114.33047638704419,5.73481138949136,19
18254,-79.5629206757686,-3.7534547457868435,144180,-77.6204452281073,-4.536559244831727,5
18255,-70.86264753720651,1.4331204892499172,144192,-66.8889597803445,2.169628081691683,14
18256,-51.63142600310925,-1.7724520734606732,144211,-49.93530245157272,-0.19848027172185767,2
18257,-112.70526221011977,-2.724318001835726,144216,-109.71624596876933,-1.0040630408538558,16
18258,-141.28082595027763,6.313658200969811,144217,-142.14616351708418,5.245197398204194,22
18259,-52.76426426205377,-14.110380935197046,144224,-49.93530245157272,-0.19848027172185767,2
18260,-123.28048872230092,6.107651665886407,144227,-123.80894152337959,5.566802721935252,23
18261,24.274565373550036,-12.139905132568318,144237,28.39696760572947,-22.91072472808294,12
18262,-121.31472802910969,7.41564295382301,144262,-123.80894152337959,5.566802721935252,23
18263,251.12985973895914,12.655090298562921,144288,227.03647807555316,-5.020718083634986,26
18264,-140.2708287685669,6.123870114235668,144298,-142.14616351708418,5.245197398204194,22
18265,-55.808598554904584,1.0152529268691854,144307,-49.93530245157272,-0.19848027172185767,2
18266,56.297019797910934,-11.581118485083172,144320,70.166569844569,-14.692630117552799,9
18267,121.25559486199178,-23.277578923101643,144322,110.19899446847099,-35.665903512662624,21
18268,-91.78852513364053,-1.0519587816473237,144334,-96.6939343764425,2.7165835152131033,15
18269,-123.1167485393795,3.5539446904160497,144359,-123.80894152337959,5.566802721935252,23
18270,796.7834135076073,-21.78740566104573,144363,861.6475783799328,6.515082937232454,35
18271,-85.60645204732212,-2.38411281579322,144373,-85.91178621041317,3.2728237667350073,24
18272,-116.50142618333531,-5.201392621561381,144378,-118.09857507912784,0.7103841694799473,11
18273,-117.39370279948663,8.691189535403282,144384,-114.33047638704419,5.73481138949136,19
18274,-107.35733948150902,8.565695966830402,144393,-104.7190727296112,3.8815952186994593,7
18275,-83.76826643394016,-15.594298525706813,144394,-95.36861679384212,-10.95784818293233,28
18276,-73.030733968235,4.053606525400612,144397,-66.8889597803445,2.169628081691683,14
18277,-40.02961194361985,3.559484930884706,144403,-49.93530245157272,-0.19848027172185767,2
18278,335.78236345952,4.909675814900368,144405,302.44973475302317,-5.405747081354008,25
18279,-146.33484474316853,6.899399588512965,144413,-146.59606179012786,4.113086925586259,4
18280,-52.52854117778377,-4.0437414832891845,144414,-49.93530245157272,-0.19848027172185767,2
18281,380.09242855673676,-54.913916473273474,144415,417.6915390220547,-4.11857226961515,29
18282,-118.14415426119375,4.732805755288831,144426,-114.33047638704419,5.73481138949136,19
18283,-0.7028580831815525,1.1680886223140845,144428,-6.878718007946434,-1.0926682779646681,10
18284,-98.99602825816567,1.820832660129957,144429,-96.6939343764425,2.7165835152131033,15
18285,-130.89755155335055,-1.366465401801913,144431,-129.1025175244067,1.5488809909733745,1
18286,-102.96080729288994,1.511989157091851,144432,-104.7190727296112,3.8815952186994593,7
18287,-16.960664278128768,5.51035922456919,144442,-6.878718007946434,-1.0926682779646681,10
18288,-100.05806799151163,-11.568373188673762,144453,-95.36861679384212,-10.95784818293233,28
18289,37.64790000592722,-2.816944817655572,144461,47.997068783449585,1.2679199422360634,13
18290,-135.34575900542268,7.329222650248671,144471,-132.1080396739421,5.887059356646324,17
18291,-121.00557659937886,2.1880833881451585,144474,-118.09857507912784,0.7103841694799473,11
18292,-133.1737607268575,4.136943103580967,144488,-132.1080396739421,5.887059356646324,17
18293,72.89654071559725,-5.615431346804393,144494,70.166569844569,-14.692630117552799,9
18294,261.90246309745044,-13.180491260259329,144499,227.03647807555316,-5.020718083634986,26
18295,-97.40532911393903,-7.4940486856787585,144513,-95.36861679384212,-10.95784818293233,28
18296,-135.20099843613573,5.184995852138959,144518,-137.57400940459857,4.493303950559668,20
18297,-111.75669184893886,-0.5611641278388106,144527,-109.71624596876933,-1.0040630408538558,16
18298,237.2401008471032,9.512142927829888,144540,227.03647807555316,-5.020718083634986,26
18299,-103.6841641606187,-2.5150967418682146,144549,-109.71624596876933,-1.0040630408538558,16
18300,265.9867832685391,15.008374852240612,144554,302.44973475302317,-5.405747081354008,25
18301,-12.581880733090575,-0.6503950594707621,144564,-6.878718007946434,-1.0926682779646681,10
18302,-69.24831398729926,8.371720426013047,144572,-66.8889597803445,2.169628081691683,14
18303,-69.74319058027957,-1.6796655509925167,144594,-66.8889597803445,2.169628081691683,14
18304,-123.07677744035433,1.6554537665372822,144597,-123.94204162798616,-1.5144507595891967,3
18305,-31.86585146385305,2.6657230991719842,144599,-29.714479793685786,-1.264748112657314,8
18306,-119.0130313922304,1.8487927270195132,144611,-118.09857507912784,0.7103841694799473,11
18307,-29.498071273390682,-2.791527355536864,144617,-29.714479793685786,-1.264748112657314,8
18308,-117.07896035657856,2.3119416522913214,144622,-118.09857507912784,0.7103841694799473,11
18309,-123.69077615169459,-3.7356905766359167,144660,-123.94204162798616,-1.5144507595891967,3
18310,-132.88955701111627,0.46864533206730413,144662,-134.89656831690453,-0.030690791204986433,34
18311,124.06301434357387,-5.826024783242331,144675,135.4076551174278,-1.697351881935795,33
18312,-120.90828181300131,-0.47080341562292116,144676,-118.09857507912784,0.7103841694799473,11
18313,-118.92693502059358,-0.011102030258137973,144678,-118.09857507912784,0.7103841694799473,11
18314,212.30456352468178,8.691190697353044,144689,227.03647807555316,-5.020718083634986,26
18315,-128.20646792743273,4.419284944173712,144691,-129.1025175244067,1.5488809909733745,1
18316,-70.91463072987769,2.0734971375422218,144694,-66.8889597803445,2.169628081691683,14
18317,-138.69555380621216,-3.8939768517346343,144695,-141.0346653257256,-1.1036168920026446,0
18318,-109.33866261997473,8.14390403818402,144699,-114.33047638704419,5.73481138949136,19
18319,18.232852874472982,-11.848647995035277,144708,18.937510567705566,1.034768221250525,27
18320,-121.06965544041826,3.06559155719908,144717,-123.80894152337959,5.566802721935252,23
18321,-104.21890030167438,5.599390087527315,144719,-104.7190727296112,3.8815952186994593,7
18322,158.74573360257995,-15.06440106111432,144720,172.66355239880147,-2.7112682595768685,38
18323,-136.9046239541708,-2.3447556672120107,144729,-134.89656831690453,-0.030690791204986433,34
18324,-0.3993808297637979,-3.4337380282963403,144742,-6.878718007946434,-1.0926682779646681,10
18325,-80.48737882914739,11.35485722434932,144746,-85.91178621041317,3.2728237667350073,24
18326,-92.10128764285815,2.704362834354683,144749,-96.6939343764425,2.7165835152131033,15
18327,-28.48875846472657,-2.4528584402807887,144754,-29.714479793685786,-1.264748112657314,8
18328,-28.584541334858667,-1.3886598399202579,144755,-29.714479793685786,-1.264748112657314,8
18329,-5.124861934399244,6.226803888994765,144757,-6.878718007946434,-1.0926682779646681,10
18330,949.2243979736942,5.690771594520574,144773,861.6475783799328,6.515082937232454,35
18331,768.8304383003725,34.08150332425531,144776,861.6475783799328,6.515082937232454,35
18332,-144.82588728233821,-3.1901511968638085,144799,-148.09620948762597,-1.1157003398540595,36
18333,-13.508083939225317,-2.8145610485634243,144806,-6.878718007946434,-1.0926682779646681,10
18334,-127.38050083909638,8.22273198904472,144814,-123.80894152337959,5.566802721935252,23
18335,267.371255774862,9.171976459906706,144829,302.44973475302317,-5.405747081354008,25
18336,-8.94681896350526,4.303166805324264,144831,-6.878718007946434,-1.0926682779646681,10
18337,-39.04104986561919,5.881317078851568,144838,-29.714479793685786,-1.264748112657314,8
18338,35.22363297069833,3.892832968263568,144845,47.997068783449585,1.2679199422360634,13
18339,-24.50367185642424,-2.5846088017659006,144847,-29.714479793685786,-1.264748112657314,8
18340,-127.31282495145457,7.275931712695583,144854,-123.80894152337959,5.566802721935252,23
18341,-148.2140501048901,4.227767979146344,144862,-146.59606179012786,4.113086925586259,4
18342,-153.0035026957919,0.04310423403749982,144875,-152.23629829764135,4.213482038439798,37
18343,-22.444782041653887,-3.3112575150777945,144877,-29.714479793685786,-1.264748112657314,8
18344,-28.919376214523133,3.376380980333706,144881,-29.714479793685786,-1.264748112657314,8
18345,-145.85095819944917,-1.1106790818528685,144899,-148.09620948762597,-1.1157003398540595,36
18346,-85.0900988940656,5.151423449661027,144903,-85.91178621041317,3.2728237667350073,24
18347,-71.96683169286858,2.682675902649476,144909,-66.8889597803445,2.169628081691683,14
18348,238.06169186193142,12.904596265103368,144911,227.03647807555316,-5.020718083634986,26
18349,41.767985185819214,-19.05933405760831,144913,28.39696760572947,-22.91072472808294,12
18350,652.741620808147,16.771060764408332,144935,586.0312761189704,-1.722944617346204,30
18351,-151.00004101606814,-0.49635668844534026,144937,-148.09620948762597,-1.1157003398540595,36
18352,-53.44115306426055,-4.434909123044836,144959,-49.93530245157272,-0.19848027172185767,2
18353,-100.73895399435905,-17.025851939801388,144969,-95.36861679384212,-10.95784818293233,28
18354,-125.39266065758446,-7.214104034134566,144991,-130.75996572568545,-6.6137591708523855,18
18355,230.4778947225585,-7.9889829367314675,145001,227.03647807555316,-5.020718083634986,26
18356,-113.83938636967275,-0.8343351970704386,145007,-109.71624596876933,-1.0040630408538558,16
18357,-31.549656822527535,-1.6864882543495214,145008,-29.714479793685786,-1.264748112657314,8
18358,87.48664724761936,1.06518476092842,145016,78.01149217232324,3.6022338347977136,6
18359,94.50144378309874,1.36332445060882,145022,104.96211155305676,-0.5414592591613776,31
18360,-138.35548420758502,7.498841833591881,145028,-137.57400940459857,4.493303950559668,20
18361,8.735369697199951,-4.687320392547691,145044,18.937510567705566,1.034768221250525,27
18362,-103.26685317001541,6.1425413946803165,145050,-104.7190727296112,3.8815952186994593,7
18363,-35.04734716738242,-38.612066138578946,145082,-29.714479793685786,-1.264748112657314,8
18364,272.03698322572086,-0.19852157717138175,145095,302.44973475302317,-5.405747081354008,25
18365,-70.04495241182404,-10.830105606043217,145096,-77.6204452281073,-4.536559244831727,5
18366,-148.12371933678858,2.770450387942444,145099,-146.59606179012786,4.113086925586259,4
18367,-90.19582495298694,5.841301803912449,145101,-85.91178621041317,3.2728237667350073,24
18368,-48.9653496550805,3.5444293825692963,145102,-49.93530245157272,-0.19848027172185767,2
18369,-73.02091854224346,4.352812831031524,145107,-66.8889597803445,2.169628081691683,14
18370,-85.00306447807988,3.766190376014707,145122,-85.91178621041317,3.2728237667350073,24
18371,-65.38230490676634,-5.4093409414796465,145132,-66.8889597803445,2.169628081691683,14
18372,-59.366322226898845,10.085880020151635,145137,-66.8889597803445,2.169628081691683,14
18373,-140.23414654223612,4.840725635202437,145139,-142.14616351708418,5.245197398204194,22
18374,-139.07530421983128,2.3696063385359634,145148,-137.57400940459857,4.493303950559668,20
18375,-124.25962701241149,6.161016665257791,145180,-123.80894152337959,5.566802721935252,23
18376,-105.61910136572953,-4.477773068784197,145186,-109.71624596876933,-1.0040630408538558,16
18377,-45.092935610943556,4.860141811072782,145187,-49.93530245157272,-0.19848027172185767,2
18378,103.7624504906506,12.592897746930673,145212,104.96211155305676,-0.5414592591613776,31
18379,-41.809152331906915,0.7410585000491534,145229,-49.93530245157272,-0.19848027172185767,2
18380,-80.81251426506772,-0.8649627797079764,145231,-77.6204452281073,-4.536559244831727,5
18381,-141.89306680691118,-0.6344003258142025,145233,-141.0346653257256,-1.1036168920026446,0
18382,23.386307465528688,-14.094973729753882,145238,28.39696760572947,-22.91072472808294,12
18383,-66.24289321705821,7.792264246466083,145272,-66.8889597803445,2.169628081691683,14
18384,80.9366832678539,-20.03919643111803,145285,70.166569844569,-14.692630117552799,9
18385,-76.49114913652134,-4.744158218691714,145314,-77.6204452281073,-4.536559244831727,5
18386,-142.98487629717172,1.3543475388198878,145319,-141.0346653257256,-1.1036168920026446,0
18387,-75.3175454675863,8.768601432892137,145320,-66.8889597803445,2.169628081691683,14
18388,-131.69302204170572,-4.347003712243848,145366,-130.75996572568545,-6.6137591708523855,18
18389,-106.68574707972807,-3.563448890369825,145373,-109.71624596876933,-1.0040630408538558,16
18390,-144.27503730597476,6.151067635095075,145382,-142.14616351708418,5.245197398204194,22
18391,-124.03441630617753,-12.483471437691605,145384,-115.69510858146283,-11.595084171039186,39
18392,-136.3605384774607,7.665461495875106,145387,-137.57400940459857,4.493303950559668,20
18393,172.54580020220612,2.746912134535928,145389,172.66355239880147,-2.7112682595768685,38
18394,-136.14224696415693,3.371199669905998,145406,-137.57400940459857,4.493303950559668,20
18395,-68.8749613787543,1.7532939320585486,145418,-66.8889597803445,2.169628081691683,14
18396,123.77975666259084,-30.611262590353235,145422,110.19899446847099,-35.665903512662624,21
18397,-85.59923398010362,-3.049018970708494,145425,-85.91178621041317,3.2728237667350073,24
18398,-56.542056120131775,-2.2655434825396537,145427,-49.93530245157272,-0.19848027172185767,2
18399,-63.89346775702489,1.695176174719664,145436,-66.8889597803445,2.169628081691683,14
18400,-71.6671841584161,-2.8676180317757227,145447,-77.6204452281073,-4.536559244831727,5
18401,-108.68776284678557,-4.07084242216195,145457,-109.71624596876933,-1.0040630408538558,16
18402,-123.26958547226603,6.398740909765993,145467,-123.80894152337959,5.566802721935252,23
18403,-124.25342332247011,6.540771472254054,145470,-123.80894152337959,5.566802721935252,23
18404,99.68270829478062,-2.0094383599206203,145484,104.96211155305676,-0.5414592591613776,31
18405,-115.95127080973242,1.5970016595439174,145488,-118.09857507912784,0.7103841694799473,11
18406,-39.705951004694185,0.5752959285865472,145496,-29.714479793685786,-1.264748112657314,8
18407,361.2565052675195,-43.58376253132228,145500,417.6915390220547,-4.11857226961515,29
18408,-59.009142188402095,4.338515851395973,145512,-66.8889597803445,2.169628081691683,14
18409,-72.9547492113318,0.8540470237902679,145519,-66.8889597803445,2.169628081691683,14
18410,-125.92442338637228,-1.2298598831353265,145552,-123.94204162798616,-1.5144507595891967,3
18411,-21.357255467956243,-5.219206762842961,145553,-29.714479793685786,-1.264748112657314,8
18412,-11.236677538979203,-6.145606922125516,145563,-6.878718007946434,-1.0926682779646681,10
18413,-94.4306416083888,-5.862505716829599,145566,-95.36861679384212,-10.95784818293233,28
18414,-120.33164188241952,7.809558533868229,145572,-123.80894152337959,5.566802721935252,23
18415,420.03580555424116,4.362927079096179,145577,417.6915390220547,-4.11857226961515,29
18416,-28.126807920076892,6.917250333026102,145582,-29.714479793685786,-1.264748112657314,8
18417,-52.5464044257332,-3.1465362963933363,145587,-49.93530245157272,-0.19848027172185767,2
18418,-121.94549013819473,0.3382238035755834,145598,-123.94204162798616,-1.5144507595891967,3
18419,-44.202445170283774,7.784270312214957,145600,-49.93530245157272,-0.19848027172185767,2
18420,3.6811526378546207,-4.618675178455742,145601,-6.878718007946434,-1.0926682779646681,10
18421,-131.30535166843683,7.053201013975907,145606,-132.1080396739421,5.887059356646324,17
18422,-144.80171078422842,-3.2037250614787904,145608,-148.09620948762597,-1.1157003398540595,36
18423,-104.01863629965997,1.2203646542416655,145613,-104.7190727296112,3.8815952186994593,7
18424,-63.183415245100704,6.533644683581588,145617,-66.8889597803445,2.169628081691683,14
18425,-144.06027333173049,1.4466838147881163,145622,-146.59606179012786,4.113086925586259,4
18426,733.7331076781265,-23.284067321103084,145628,861.6475783799328,6.515082937232454,35
18427,-144.16383837272463,3.194562487231113,145633,-146.59606179012786,4.113086925586259,4
18428,-18.02741808922032,4.911421905735346,145638,-6.878718007946434,-1.0926682779646681,10
18429,77.83003722733093,-3.553607034363308,145643,78.01149217232324,3.6022338347977136,6
18430,89.51449554233135,0.4799444755831738,145644,78.01149217232324,3.6022338347977136,6
18431,-131.07786468240363,3.0774277419082248,145652,-129.1025175244067,1.5488809909733745,1
18432,-89.75897993532153,-0.6516475751917712,145654,-85.91178621041317,3.2728237667350073,24
18433,-102.67042909170048,-2.799699771469132,145658,-104.7190727296112,3.8815952186994593,7
18434,-100.23414079138801,5.49003547394302,145669,-96.6939343764425,2.7165835152131033,15
18435,-100.16506704901695,5.514308106613577,145670,-96.6939343764425,2.7165835152131033,15
18436,-150.32522272327378,6.636961195497901,145673,-152.23629829764135,4.213482038439798,37
18437,-136.14791821621174,3.486306752667192,145696,-137.57400940459857,4.493303950559668,20
18438,4.5737197947742665,-3.2828021434705597,145697,-6.878718007946434,-1.0926682779646681,10
18439,193.38851108173432,6.537097278108202,145707,172.66355239880147,-2.7112682595768685,38
18440,92.26035998413158,4.554181131023987,145709,104.96211155305676,-0.5414592591613776,31
18441,-134.14118677480855,2.886609349054328,145712,-134.89656831690453,-0.030690791204986433,34
18442,929.869898013768,10.054321460497523,145724,861.6475783799328,6.515082937232454,35
18443,-133.28848307128644,6.123244874625452,145743,-132.1080396739421,5.887059356646324,17
18444,-136.0645578800409,1.1712069722204963,145759,-134.89656831690453,-0.030690791204986433,34
18445,-20.72247190310189,-0.2836819730594932,145761,-29.714479793685786,-1.264748112657314,8
18446,-86.96059013793125,2.2744876817184383,145762,-85.91178621041317,3.2728237667350073,24
18447,475.11444670864535,-9.106154625476822,145764,417.6915390220547,-4.11857226961515,29
18448,-146.3344296662437,6.893565556292053,145791,-146.59606179012786,4.113086925586259,4
18449,-85.20793683598433,6.188922960910581,145806,-85.91178621041317,3.2728237667350073,24
18450,687.559388683732,-8.094238151431528,145807,586.0312761189704,-1.722944617346204,30
18451,-125.23660648735373,5.129048725443999,145809,-123.80894152337959,5.566802721935252,23
18452,-131.9298756334527,-1.2175955161321446,145830,-134.89656831690453,-0.030690791204986433,34
18453,-125.16666618113398,4.094526895899053,145833,-123.80894152337959,5.566802721935252,23
18454,-132.89892912365988,-0.8586852072651313,145851,-134.89656831690453,-0.030690791204986433,34
18455,-89.94410693753838,0.8184668529110622,145853,-85.91178621041317,3.2728237667350073,24
18456,-142.8663061692238,-2.2639741555145725,145865,-141.0346653257256,-1.1036168920026446,0
18457,-118.2342292084629,5.708763275502844,145883,-114.33047638704419,5.73481138949136,19
18458,-131.059935408687,2.6993001260351113,145887,-129.1025175244067,1.5488809909733745,1
18459,-111.99265244370527,2.5470695614572887,145891,-114.33047638704419,5.73481138949136,19
18460,-43.59011805739699,-16.765175639390737,145898,-49.93530245157272,-0.19848027172185767,2
18461,625.1612421674918,-4.525790094921383,145917,586.0312761189704,-1.722944617346204,30
18462,2.9405203875709702,-8.769568004644231,145928,-6.878718007946434,-1.0926682779646681,10
18463,2.2895737369692295,1.8897737792423766,145946,-6.878718007946434,-1.0926682779646681,10
18464,31.01540468119476,6.854934417053092,145953,18.937510567705566,1.034768221250525,27
18465,19.954115473679444,7.487398819502512,145990,18.937510567705566,1.034768221250525,27
18466,-99.97104186114872,2.294064904720138,145991,-96.6939343764425,2.7165835152131033,15
18467,50.37396649548567,0.8500460576904562,145995,47.997068783449585,1.2679199422360634,13
18468,-127.10283185290879,3.170794019584984,146022,-129.1025175244067,1.5488809909733745,1
18469,-43.139758335598444,5.922593111564724,146026,-49.93530245157272,-0.19848027172185767,2
18470,-131.81371383723035,-2.708558422576338,146028,-130.75996572568545,-6.6137591708523855,18
18471,595.4131050278763,5.212127617538574,146044,586.0312761189704,-1.722944617346204,30
18472,478.20047606695493,4.306321732072431,146047,417.6915390220547,-4.11857226961515,29
18473,279.5936353932969,-8.154991275483644,146057,302.44973475302317,-5.405747081354008,25
18474,14.043686399689825,4.386866091213202,146075,18.937510567705566,1.034768221250525,27
18475,154.42638852930008,4.530321968324639,146086,172.66355239880147,-2.7112682595768685,38
18476,78.04279763723112,-7.176143959774143,146098,78.01149217232324,3.6022338347977136,6
18477,-137.1058453328055,2.557425416468314,146121,-137.57400940459857,4.493303950559668,20
18478,-37.58708225592409,-1.4819951698477165,146130,-29.714479793685786,-1.264748112657314,8
18479,-62.11194285968096,5.001170600057061,146136,-66.8889597803445,2.169628081691683,14
18480,-138.24489009251542,5.602623622374847,146138,-137.57400940459857,4.493303950559668,20
18481,-28.46482018548567,-3.9988472261022068,146143,-29.714479793685786,-1.264748112657314,8
18482,376.3642348111901,13.228086784554515,146146,417.6915390220547,-4.11857226961515,29
18483,1157.441113919267,-4.6324178934180225,146147,1342.5649032771717,32.04824045393157,32
18484,-139.26882503392318,6.093638325301842,146148,-137.57400940459857,4.493303950559668,20
18485,54.22633853082964,4.149763065921743,146156,47.997068783449585,1.2679199422360634,13
18486,-84.03712441541775,2.986673072102858,146158,-85.91178621041317,3.2728237667350073,24
18487,-125.99083967147376,0.24090036987597702,146168,-123.94204162798616,-1.5144507595891967,3
18488,779.3390087339804,-1.719918946403199,146170,861.6475783799328,6.515082937232454,35
18489,-144.9081644639218,-1.909175404362169,146174,-148.09620948762597,-1.1157003398540595,36
18490,-10.464671180956856,13.069900042245036,146185,-6.878718007946434,-1.0926682779646681,10
18491,-123.05298158714623,3.1960758624124734,146187,-123.80894152337959,5.566802721935252,23
18492,-53.156198207999005,5.59797998536569,146200,-49.93530245157272,-0.19848027172185767,2
18493,-126.84109012130752,-1.0018502033677437,146210,-123.94204162798616,-1.5144507595891967,3
18494,-121.52875952479975,-6.235808967795263,146212,-123.94204162798616,-1.5144507595891967,3
18495,76.51567206014475,-13.973382244152148,146218,70.166569844569,-14.692630117552799,9
18496,-130.30666807140594,7.091124463305515,146228,-132.1080396739421,5.887059356646324,17
18497,51.52966561824865,-0.4825081784018353,146232,47.997068783449585,1.2679199422360634,13
18498,-80.66495366841335,-17.793823958658983,146240,-77.6204452281073,-4.536559244831727,5
18499,-134.6793035700775,-4.185125697571968,146242,-134.89656831690453,-0.030690791204986433,34
18500,163.21110696574175,-6.360003519390163,146249,172.66355239880147,-2.7112682595768685,38
18501,-80.0051823681724,2.336951265701429,146251,-85.91178621041317,3.2728237667350073,24
18502,-80.07728407697718,3.90486146952257,146252,-85.91178621041317,3.2728237667350073,24
18503,-91.7913953461995,0.03716060896326569,146256,-96.6939343764425,2.7165835152131033,15
18504,18.066699960975292,-23.949094156189428,146257,28.39696760572947,-22.91072472808294,12
18505,-76.63212462106851,-2.685604900225936,146260,-77.6204452281073,-4.536559244831727,5
18506,59.24450024025008,4.348764182482696,146262,47.997068783449585,1.2679199422360634,13
18507,-142.2776180713974,6.235170975664454,146264,-142.14616351708418,5.245197398204194,22
18508,-83.45302016023646,-5.17236552954523,146273,-77.6204452281073,-4.536559244831727,5
18509,847.5574643175058,26.132226238043646,146285,861.6475783799328,6.515082937232454,35
18510,-121.18469168041077,4.548518591941479,146292,-123.80894152337959,5.566802721935252,23
18511,-73.37155229920774,9.469318079742939,146300,-66.8889597803445,2.169628081691683,14
18512,-8.539587655540984,-1.53342129395909,146303,-6.878718007946434,-1.0926682779646681,10
18513,-79.407793816722,-6.1039077567909645,146304,-77.6204452281073,-4.536559244831727,5
18514,-141.1021564252698,2.4173629176729152,146335,-142.14616351708418,5.245197398204194,22
18515,209.66727744407243,-11.46889665830792,146338,227.03647807555316,-5.020718083634986,26
18516,-83.99652928054162,2.0902826389236933,146347,-85.91178621041317,3.2728237667350073,24
18517,-60.105101303841145,-9.856538326526133,146355,-66.8889597803445,2.169628081691683,14
18518,285.16575122512234,12.93991763016583,146364,302.44973475302317,-5.405747081354008,25
18519,-137.16724775353327,3.3887331460405616,146373,-137.57400940459857,4.493303950559668,20
18520,-120.18742755210334,4.653939026692984,146376,-123.80894152337959,5.566802721935252,23
18521,-42.57759538842734,-1.7802987657815998,146390,-49.93530245157272,-0.19848027172185767,2
18522,-63.29243299846118,8.907994160765984,146398,-66.8889597803445,2.169628081691683,14
18523,-126.8186299084949,-2.5295409619494573,146402,-123.94204162798616,-1.5144507595891967,3
18524,-103.92146821728274,1.1418291415916872,146405,-104.7190727296112,3.8815952186994593,7
18525,192.09471138767975,10.904974579408716,146431,172.66355239880147,-2.7112682595768685,38
18526,-49.45867289027158,-3.9822046512388964,146460,-49.93530245157272,-0.19848027172185767,2
18527,-139.04816835539074,1.7706178892210684,146461,-137.57400940459857,4.493303950559668,20
18528,-131.3703181195523,7.946041185778594,146467,-132.1080396739421,5.887059356646324,17
18529,3.1925303137362278,1.9854336616993014,146470,-6.878718007946434,-1.0926682779646681,10
18530,-105.96536870042458,1.5696255550307394,146483,-104.7190727296112,3.8815952186994593,7
18531,-49.053954964117835,5.481418779780829,146488,-49.93530245157272,-0.19848027172185767,2
18532,-120.02947783458549,1.173881617776703,146508,-118.09857507912784,0.7103841694799473,11
18533,-151.05340848591456,0.6650074416075006,146510,-148.09620948762597,-1.1157003398540595,36
18534,5.416453453620563,0.19114299165250415,146519,-6.878718007946434,-1.0926682779646681,10
18535,159.79623472535712,-0.9179388984916548,146521,172.66355239880147,-2.7112682595768685,38
18536,13.344131973062682,1.3996511203270858,146524,18.937510567705566,1.034768221250525,27
18537,274.0325055161817,-0.06525014297920723,146532,302.44973475302317,-5.405747081354008,25
18538,-72.39476133756826,10.004225940395875,146542,-66.8889597803445,2.169628081691683,14
18539,238.72429806368888,3.016370555996741,146548,227.03647807555316,-5.020718083634986,26
18540,-102.83305591321468,-0.2604042045709777,146567,-104.7190727296112,3.8815952186994593,7
18541,-114.34234432746615,8.136722695703988,146576,-114.33047638704419,5.73481138949136,19
18542,-139.90161989539823,-1.9427937916375777,146583,-141.0346653257256,-1.1036168920026446,0
18543,-123.24096669849887,6.257009372932797,146591,-123.80894152337959,5.566802721935252,23
18544,-67.28565089634931,-8.07228507111106,146593,-66.8889597803445,2.169628081691683,14
18545,27.899454341651243,8.801681972274563,146596,18.937510567705566,1.034768221250525,27
18546,-91.9011255169989,-0.15901366901829667,146605,-96.6939343764425,2.7165835152131033,15
18547,-73.29222157867133,8.752674013839789,146610,-66.8889597803445,2.169628081691683,14
18548,-119.5458249249426,-4.796402497802024,146626,-123.94204162798616,-1.5144507595891967,3
18549,-57.96558703477057,-11.350882686929987,146627,-49.93530245157272,-0.19848027172185767,2
18550,-93.03565443487352,3.3100655638967216,146634,-96.6939343764425,2.7165835152131033,15
18551,-72.82686088022523,-0.9257184066564059,146635,-77.6204452281073,-4.536559244831727,5
18552,28.976939576922845,-22.318203543509505,146664,28.39696760572947,-22.91072472808294,12
18553,-144.1585737686323,4.10917210141844,146665,-142.14616351708418,5.245197398204194,22
18554,-91.25155052315775,6.5299495354668196,146667,-85.91178621041317,3.2728237667350073,24
18555,346.4965303982717,-4.404438752309495,146672,302.44973475302317,-5.405747081354008,25
18556,-124.20314776750526,5.425819559941197,146682,-123.80894152337959,5.566802721935252,23
18557,-136.12214857174473,2.4421884424454716,146685,-137.57400940459857,4.493303950559668,20
18558,-7.1518525859329625,7.824027666672219,146687,-6.878718007946434,-1.0926682779646681,10
18559,-111.11920916782084,3.80502335251656,146696,-114.33047638704419,5.73481138949136,19
18560,-98.14805669486637,5.172664404199516,146704,-96.6939343764425,2.7165835152131033,15
18561,543.8432666938838,-45.67359550129266,146714,586.0312761189704,-1.722944617346204,30
18562,55.793969260744085,11.604268805895376,146716,47.997068783449585,1.2679199422360634,13
18563,-112.0294608597338,1.3022408887805497,146718,-109.71624596876933,-1.0040630408538558,16
18564,-125.07072315795115,2.5156728144349083,146722,-123.80894152337959,5.566802721935252,23
18565,-113.94781237788952,0.025447177259823334,146729,-118.09857507912784,0.7103841694799473,11
18566,-143.21105513208053,4.7630615447972815,146730,-142.14616351708418,5.245197398204194,22
18567,-101.1377899323726,3.359092515638546,146732,-104.7190727296112,3.8815952186994593,7
18568,-19.185968141088043,8.350297577392055,146736,-29.714479793685786,-1.264748112657314,8
18569,16.52541242110096,-2.534558426286566,146745,18.937510567705566,1.034768221250525,27
18570,-16.57256800901368,-1.446059340610705,146750,-6.878718007946434,-1.0926682779646681,10
18571,-114.07924268160414,2.8682626346935445,146753,-114.33047638704419,5.73481138949136,19
18572,-68.18302354646144,5.937194700082362,146794,-66.8889597803445,2.169628081691683,14
18573,-117.29371287810258,6.993428188193309,146801,-114.33047638704419,5.73481138949136,19
18574,-102.11356323442705,4.342097726235538,146807,-104.7190727296112,3.8815952186994593,7
18575,-126.04170430398321,0.8355367878647336,146809,-129.1025175244067,1.5488809909733745,1
18576,33.69928236840766,-3.4715243751194875,146851,47.997068783449585,1.2679199422360634,13
18577,-120.22403076907119,5.434053720139597,146857,-123.80894152337959,5.566802721935252,23
18578,-40.682019260678565,-0.4690590231704562,146860,-49.93530245157272,-0.19848027172185767,2
18579,-149.1039832987548,2.3236106639649936,146861,-146.59606179012786,4.113086925586259,4
18580,-96.87704081833668,-0.7450278019407408,146863,-96.6939343764425,2.7165835152131033,15
18581,-128.359009065217,-7.496171816036711,146864,-130.75996572568545,-6.6137591708523855,18
18582,-143.02510552133182,0.18973013295531393,146865,-141.0346653257256,-1.1036168920026446,0
18583,-107.98921272928828,2.547812330039069,146871,-104.7190727296112,3.8815952186994593,7
18584,192.2241472919001,8.047321391871963,146883,172.66355239880147,-2.7112682595768685,38
18585,-66.09652244591716,4.063617116959909,146903,-66.8889597803445,2.169628081691683,14
18586,-86.16098616977933,6.165297402877087,146904,-85.91178621041317,3.2728237667350073,24
18587,209.47084010019435,-8.708558004034764,146907,227.03647807555316,-5.020718083634986,26
18588,-108.90447396953296,0.6724467790281599,146919,-109.71624596876933,-1.0040630408538558,16
18589,-79.03094997161871,3.4345552221826643,146921,-85.91178621041317,3.2728237667350073,24
18590,-105.08240078145074,2.590708411311759,146922,-104.7190727296112,3.8815952186994593,7
18591,-137.1948441344643,5.027529044715862,146926,-137.57400940459857,4.493303950559668,20
18592,95.83657475743568,-3.379434528481212,146933,104.96211155305676,-0.5414592591613776,31
18593,-81.866805526049,0.30908405093774727,146938,-85.91178621041317,3.2728237667350073,24
18594,-123.66997279335492,-2.6467705283177896,146955,-123.94204162798616,-1.5144507595891967,3
18595,-71.0762047012284,3.5220693108281553,146959,-66.8889597803445,2.169628081691683,14
18596,117.21369401600431,-37.15584514763484,146982,110.19899446847099,-35.665903512662624,21
18597,-63.969406192814134,-11.369841781676932,146992,-66.8889597803445,2.169628081691683,14
18598,-103.26104603744913,6.039163709544165,146997,-104.7190727296112,3.8815952186994593,7
18599,-133.1948561304063,4.058651893293449,147003,-132.1080396739421,5.887059356646324,17
18600,-79.91515310963302,-12.815139704516303,147014,-77.6204452281073,-4.536559244831727,5
18601,-101.77850822480102,-0.9327290016766007,147025,-104.7190727296112,3.8815952186994593,7
18602,28.924319633203215,-35.892369405012566,147032,28.39696760572947,-22.91072472808294,12
18603,-91.16601736424494,5.696430849055255,147034,-85.91178621041317,3.2728237667350073,24
18604,91.90963400395557,10.185631898208493,147038,78.01149217232324,3.6022338347977136,6
18605,154.12073443609904,9.191911318223232,147039,135.4076551174278,-1.697351881935795,33
18606,-72.11100754123768,4.265454560549601,147048,-66.8889597803445,2.169628081691683,14
18607,72.99557316765808,-6.743884576097865,147058,70.166569844569,-14.692630117552799,9
18608,-35.590964853990315,-1.3588766018371403,147065,-29.714479793685786,-1.264748112657314,8
18609,-102.26427482220815,6.622835841927148,147073,-104.7190727296112,3.8815952186994593,7
18610,773.7380433265795,35.15397613151051,147076,861.6475783799328,6.515082937232454,35
18611,-66.62906575955134,-2.0715050923946765,147087,-66.8889597803445,2.169628081691683,14
18612,174.5937319360023,-26.197769781517582,147097,172.66355239880147,-2.7112682595768685,38
18613,-112.06374931199689,1.5362963915109864,147103,-109.71624596876933,-1.0040630408538558,16
18614,-2.0696805290131226,7.635251094618322,147105,-6.878718007946434,-1.0926682779646681,10
18615,-99.3786998644093,9.193193836283791,147118,-96.6939343764425,2.7165835152131033,15
18616,-91.49252160040766,-5.474503268460901,147122,-95.36861679384212,-10.95784818293233,28
18617,-118.81703356887434,-0.8980721713735672,147129,-118.09857507912784,0.7103841694799473,11
18618,51.250790744365226,4.085514847540141,147134,47.997068783449585,1.2679199422360634,13
18619,-58.18070755021126,5.529331246069011,147140,-66.8889597803445,2.169628081691683,14
18620,-72.97548267411675,2.316970465288925,147171,-66.8889597803445,2.169628081691683,14
18621,325.11622250630535,-14.234890947485075,147197,302.44973475302317,-5.405747081354008,25
18622,-116.21865462123394,4.880147398530856,147200,-114.33047638704419,5.73481138949136,19
18623,753.7675373638886,19.9699168680327,147206,861.6475783799328,6.515082937232454,35
18624,-127.1442792184321,3.0764267578185067,147210,-129.1025175244067,1.5488809909733745,1
18625,-24.319489441873625,-4.55218375784764,147244,-29.714479793685786,-1.264748112657314,8
18626,-107.30781988386032,6.991037690302609,147246,-104.7190727296112,3.8815952186994593,7
18627,-67.17567783899158,4.767227610421852,147249,-66.8889597803445,2.169628081691683,14
18628,-130.21937912316056,4.67304896870108,147258,-132.1080396739421,5.887059356646324,17
18629,-123.57097115603935,-5.341910156327286,147262,-123.94204162798616,-1.5144507595891967,3
18630,47.16908889494086,3.745629214767288,147263,47.997068783449585,1.2679199422360634,13
18631,-2.903557465031136,4.493355500491668,147279,-6.878718007946434,-1.0926682779646681,10
18632,-135.7723029909972,-3.1749641525171417,147286,-134.89656831690453,-0.030690791204986433,34
18633,403.2276054061479,1.4201908947660313,147342,417.6915390220547,-4.11857226961515,29
18634,-132.1681610122805,5.055467140766833,147351,-132.1080396739421,5.887059356646324,17
18635,-8.69512215839946,1.3735324055144893,147352,-6.878718007946434,-1.0926682779646681,10
18636,243.98892198022548,-1.155388686472119,147355,227.03647807555316,-5.020718083634986,26
18637,-105.05951234021488,3.131817923632846,147357,-104.7190727296112,3.8815952186994593,7
18638,-109.99460258456479,1.0972158918605484,147362,-109.71624596876933,-1.0040630408538558,16
18639,-22.839101503795867,2.2426048041903037,147366,-29.714479793685786,-1.264748112657314,8
18640,-130.37314021114298,8.028943452828726,147369,-132.1080396739421,5.887059356646324,17
18641,691.6139142224404,20.232147627876095,147371,586.0312761189704,-1.722944617346204,30
18642,-106.57707628031305,-4.393698861403076,147384,-109.71624596876933,-1.0040630408538558,16
18643,-120.12516873889287,3.24287680295647,147386,-118.09857507912784,0.7103841694799473,11
18644,-32.5330702049455,-3.6070339314657263,147387,-29.714479793685786,-1.264748112657314,8
18645,-100.64957410544721,-4.24261138694256,147388,-96.6939343764425,2.7165835152131033,15
18646,-134.53210425156698,-5.865119673903119,147389,-130.75996572568545,-6.6137591708523855,18
18647,-14.87046880731131,-11.681489458563174,147397,-6.878718007946434,-1.0926682779646681,10
18648,71.82274632176929,10.72911082817602,147405,78.01149217232324,3.6022338347977136,6
18649,-113.94222551429972,1.9329638996536758,147406,-114.33047638704419,5.73481138949136,19
18650,-16.364624464553582,-4.464658132502954,147411,-6.878718007946434,-1.0926682779646681,10
18651,-66.99426645507117,3.8687011530107402,147414,-66.8889597803445,2.169628081691683,14
18652,484.4855034657528,14.950045371222442,147418,417.6915390220547,-4.11857226961515,29
18653,-63.915720316966315,2.7059204653049855,147425,-66.8889597803445,2.169628081691683,14
18654,-145.84153848314568,-2.352271443744777,147431,-148.09620948762597,-1.1157003398540595,36
18655,-68.24369024893468,7.755458720679498,147432,-66.8889597803445,2.169628081691683,14
18656,-39.43432925686346,-3.839971638158386,147442,-29.714479793685786,-1.264748112657314,8
18657,-71.56990722637978,-3.4532642546557564,147450,-77.6204452281073,-4.536559244831727,5
18658,34.75457552937339,10.046913678199012,147454,47.997068783449585,1.2679199422360634,13
18659,-143.89317460215946,-2.210576089995477,147461,-141.0346653257256,-1.1036168920026446,0
18660,60.420701065022655,-13.196322462537005,147469,70.166569844569,-14.692630117552799,9
18661,-133.89153428894323,-0.5296935066506244,147492,-134.89656831690453,-0.030690791204986433,34
18662,-69.02828081358837,2.534108810300393,147504,-66.8889597803445,2.169628081691683,14
18663,-114.12430221804486,3.865943731119924,147509,-114.33047638704419,5.73481138949136,19
18664,-100.28453483012075,7.630576570835571,147513,-104.7190727296112,3.8815952186994593,7
18665,222.44547290216877,6.287045453197778,147518,227.03647807555316,-5.020718083634986,26
18666,-99.09292608432544,3.944605350838078,147527,-96.6939343764425,2.7165835152131033,15
18667,460.03239665340874,-22.802256462723403,147534,417.6915390220547,-4.11857226961515,29
18668,-60.363288775649025,-35.20899845108129,147553,-77.6204452281073,-4.536559244831727,5
18669,-15.743037262429109,-13.980482155923244,147574,-6.878718007946434,-1.0926682779646681,10
18670,-101.99962599378094,1.3555657741898821,147581,-104.7190727296112,3.8815952186994593,7
18671,-77.04949462830095,-10.836236243909505,147595,-77.6204452281073,-4.536559244831727,5
18672,-144.2581148070498,5.28028723809735,147602,-142.14616351708418,5.245197398204194,22
18673,-96.13795004740032,4.977016380319552,147605,-96.6939343764425,2.7165835152131033,15
18674,-44.16405251852,7.4676527449132895,147612,-49.93530245157272,-0.19848027172185767,2
18675,-145.70497892730705,-3.7863782389067286,147621,-148.09620948762597,-1.1157003398540595,36
18676,-113.18892592785502,4.793525797208762,147628,-114.33047638704419,5.73481138949136,19
18677,-82.00286442041092,2.2616268571955933,147631,-85.91178621041317,3.2728237667350073,24
18678,85.27534673719451,4.630083386896975,147642,78.01149217232324,3.6022338347977136,6
18679,321.16411175051405,-0.6127601851746599,147654,302.44973475302317,-5.405747081354008,25
18680,-39.15576093040889,5.294442774712852,147660,-29.714479793685786,-1.264748112657314,8
18681,25.869012181128202,8.424320604849646,147662,18.937510567705566,1.034768221250525,27
18682,-6.4974700316747365,-2.414543818640895,147669,-6.878718007946434,-1.0926682779646681,10
18683,-95.82931190266729,-1.2692690111256024,147686,-96.6939343764425,2.7165835152131033,15
18684,-122.81444560270167,-1.005038512192861,147699,-123.94204162798616,-1.5144507595891967,3
18685,-141.07320060849165,1.261950582765841,147701,-141.0346653257256,-1.1036168920026446,0
18686,0.7835180441889521,-5.879043428809283,147714,-6.878718007946434,-1.0926682779646681,10
18687,-132.0311988459171,1.0165842418048274,147724,-129.1025175244067,1.5488809909733745,1
18688,79.86837487013318,10.889180197775872,147726,78.01149217232324,3.6022338347977136,6
18689,-106.90656392211045,1.282696742601085,147739,-104.7190727296112,3.8815952186994593,7
18690,-40.564834620516855,-2.022727554097086,147749,-49.93530245157272,-0.19848027172185767,2
18691,72.0241970048877,8.373070620254023,147752,78.01149217232324,3.6022338347977136,6
18692,165.09634077483335,10.405737923935064,147760,172.66355239880147,-2.7112682595768685,38
18693,-132.04792605544299,0.8667524502325171,147773,-134.89656831690453,-0.030690791204986433,34
18694,-31.063516257611425,6.505848466570923,147785,-29.714479793685786,-1.264748112657314,8
18695,-129.95015454381874,0.8195971747760221,147787,-129.1025175244067,1.5488809909733745,1
18696,784.2813652412939,28.05505719409466,147792,861.6475783799328,6.515082937232454,35
18697,136.94020766529445,-18.155914772614118,147793,135.4076551174278,-1.697351881935795,33
18698,-150.95531842142046,0.05346626982350407,147799,-148.09620948762597,-1.1157003398540595,36
18699,-94.1059035642893,4.826501801435691,147800,-96.6939343764425,2.7165835152131033,15
18700,-83.77915085856657,-0.6170090968225538,147804,-85.91178621041317,3.2728237667350073,24
18701,-105.19025374082652,4.972051927361495,147809,-104.7190727296112,3.8815952186994593,7
18702,-47.7757486057437,-13.785454655643468,147837,-49.93530245157272,-0.19848027172185767,2
18703,-33.851707549610985,1.8058283296941517,147839,-29.714479793685786,-1.264748112657314,8
18704,-87.30137065481766,7.188071449689643,147854,-85.91178621041317,3.2728237667350073,24
18705,303.7663911175766,4.210766642697831,147867,302.44973475302317,-5.405747081354008,25
18706,-140.05311481525362,0.8647319533302837,147869,-141.0346653257256,-1.1036168920026446,0
18707,435.22761862149247,2.47399268237685,147873,417.6915390220547,-4.11857226961515,29
18708,-132.00096302342183,-0.1316906438968956,147881,-134.89656831690453,-0.030690791204986433,34
18709,1266.464837805018,27.667963655342128,147885,1342.5649032771717,32.04824045393157,32
18710,-80.1869586646905,-9.93615467993507,147889,-77.6204452281073,-4.536559244831727,5
18711,-53.03921409006858,5.0848716714145406,147893,-49.93530245157272,-0.19848027172185767,2
18712,194.8296216210222,-28.97777985663546,147900,172.66355239880147,-2.7112682595768685,38
18713,-48.1557972647589,-9.568029739655158,147906,-49.93530245157272,-0.19848027172185767,2
18714,-124.07805614204915,1.6505201063557915,147910,-123.94204162798616,-1.5144507595891967,3
18715,-53.63874694834403,-2.66701816207528,147945,-49.93530245157272,-0.19848027172185767,2
18716,93.32075758349946,4.282980235139591,147958,104.96211155305676,-0.5414592591613776,31
18717,-151.21875893607245,4.280055726694435,147964,-152.23629829764135,4.213482038439798,37
18718,-62.9799081678855,2.5928831612329106,147966,-66.8889597803445,2.169628081691683,14
18719,-63.18381049893197,6.0405416873196085,147967,-66.8889597803445,2.169628081691683,14
18720,-95.71103594664936,-1.79970053751143,147971,-96.6939343764425,2.7165835152131033,15
18721,333.020926554177,16.931918416758567,147972,302.44973475302317,-5.405747081354008,25
18722,-140.97169180765394,-0.9653326078903414,147973,-141.0346653257256,-1.1036168920026446,0
18723,554.9542054737791,10.481144887499502,147980,586.0312761189704,-1.722944617346204,30
18724,-36.31515198084455,-20.102825163482716,147994,-29.714479793685786,-1.264748112657314,8
18725,-117.23899782710951,5.316260517389133,148008,-114.33047638704419,5.73481138949136,19
18726,7.037019329709292,-9.27249038374236,148013,18.937510567705566,1.034768221250525,27
18727,-108.1451442854306,4.42153346371005,148019,-104.7190727296112,3.8815952186994593,7
18728,352.3144402023688,-59.21919430921209,148024,302.44973475302317,-5.405747081354008,25
18729,242.64591325898843,3.7689247149360554,148028,227.03647807555316,-5.020718083634986,26
18730,-108.14628041773935,3.938561507721781,148030,-104.7190727296112,3.8815952186994593,7
18731,-39.89651430686978,2.7016647833525638,148038,-49.93530245157272,-0.19848027172185767,2
18732,35.345377370329864,1.7536324067139861,148041,47.997068783449585,1.2679199422360634,13
18733,-134.7972937657395,-3.656165377895136,148049,-134.89656831690453,-0.030690791204986433,34
18734,-149.327411185497,6.6951381366688,148051,-146.59606179012786,4.113086925586259,4
18735,94.74100070532702,-1.818270510811814,148055,104.96211155305676,-0.5414592591613776,31
18736,7.362251932715301,0.8888966764439936,148056,18.937510567705566,1.034768221250525,27
18737,-138.3538966761032,7.486749483932788,148059,-137.57400940459857,4.493303950559668,20
18738,-102.06987042114194,3.916924304313984,148065,-104.7190727296112,3.8815952186994593,7
18739,-96.10142763273635,4.199451259646117,148073,-96.6939343764425,2.7165835152131033,15
18740,-7.3177711707279105,-4.311087953785007,148075,-6.878718007946434,-1.0926682779646681,10
18741,-75.52270881244444,-5.0634878064419615,148077,-77.6204452281073,-4.536559244831727,5
18742,-119.02862338689931,3.245174183768195,148089,-118.09857507912784,0.7103841694799473,11
18743,-100.2477963140561,6.310954145057697,148091,-96.6939343764425,2.7165835152131033,15
18744,-91.14560786068601,5.240652017480358,148092,-85.91178621041317,3.2728237667350073,24
18745,12.170152190088453,3.6561148903312617,148102,18.937510567705566,1.034768221250525,27
18746,-96.30777752773717,7.665495456780813,148115,-96.6939343764425,2.7165835152131033,15
18747,-51.23764963497671,7.3962428539565686,148123,-49.93530245157272,-0.19848027172185767,2
18748,350.5099403942446,10.104821076189172,148124,302.44973475302317,-5.405747081354008,25
18749,-121.12832107099649,3.829853210370211,148143,-123.80894152337959,5.566802721935252,23
18750,123.74846270959283,-1.5075878031478724,148145,135.4076551174278,-1.697351881935795,33
18751,950.8840972826317,-3.601027534693911,148155,861.6475783799328,6.515082937232454,35
18752,-25.144833502858926,-8.406645208264335,148170,-29.714479793685786,-1.264748112657314,8
18753,-51.29267576909934,-6.615149973097422,148175,-49.93530245157272,-0.19848027172185767,2
18754,-100.57742627034374,-4.820454454330237,148195,-95.36861679384212,-10.95784818293233,28
18755,-73.94824256568361,2.2265612511541386,148202,-66.8889597803445,2.169628081691683,14
18756,-9.209671858770326,8.538990040336882,148210,-6.878718007946434,-1.0926682779646681,10
18757,-139.10394585968675,1.982880746966874,148235,-137.57400940459857,4.493303950559668,20
18758,-136.94803727166553,-0.8727966897940499,148240,-134.89656831690453,-0.030690791204986433,34
18759,140.96844069541942,-3.9755693815345126,148248,135.4076551174278,-1.697351881935795,33
18760,-31.25214551073145,9.072395147962665,148249,-29.714479793685786,-1.264748112657314,8
18761,-44.914019233497086,3.5016480804822203,148257,-49.93530245157272,-0.19848027172185767,2
18762,-63.12142107518637,6.213544374883413,148265,-66.8889597803445,2.169628081691683,14
18763,-74.11909804477334,5.451905236418133,148268,-66.8889597803445,2.169628081691683,14
18764,-131.27319994738775,5.82871807860413,148293,-132.1080396739421,5.887059356646324,17
18765,164.1475837455733,-5.464500780615631,148294,172.66355239880147,-2.7112682595768685,38
18766,-35.25219338910792,8.530922365520574,148301,-29.714479793685786,-1.264748112657314,8
18767,-96.17066215335525,4.691309676159666,148303,-96.6939343764425,2.7165835152131033,15
18768,571.2206407867805,21.690055940457892,148310,586.0312761189704,-1.722944617346204,30
18769,-26.999965491233972,5.186842947433945,148315,-29.714479793685786,-1.264748112657314,8
18770,-24.821981933898847,1.312911546443983,148321,-29.714479793685786,-1.264748112657314,8
18771,-122.38990809440129,8.525171436806568,148322,-123.80894152337959,5.566802721935252,23
18772,115.4544758177517,2.742616353812514,148323,104.96211155305676,-0.5414592591613776,31
18773,-56.11943219217593,6.2709328785270095,148324,-49.93530245157272,-0.19848027172185767,2
18774,-20.417863851006054,-3.871046299869761,148331,-29.714479793685786,-1.264748112657314,8
18775,-136.9895898307209,1.0391697076355608,148341,-134.89656831690453,-0.030690791204986433,34
18776,-50.27285293534868,-7.543697094941644,148360,-49.93530245157272,-0.19848027172185767,2
18777,-0.7369129288323307,1.9036436938045629,148364,-6.878718007946434,-1.0926682779646681,10
18778,-141.82741104805828,-2.5856899867978145,148369,-141.0346653257256,-1.1036168920026446,0
18779,-52.95848106155363,1.7849366578560169,148373,-49.93530245157272,-0.19848027172185767,2
18780,-12.305128170416626,-5.179428354086782,148377,-6.878718007946434,-1.0926682779646681,10
18781,-41.11889580567377,6.513449667534237,148399,-49.93530245157272,-0.19848027172185767,2
18782,-100.90067692241884,0.21786217221488205,148403,-96.6939343764425,2.7165835152131033,15
18783,-104.84022171239334,0.37182119376786565,148404,-104.7190727296112,3.8815952186994593,7
18784,-11.49287633946204,-2.599825383154645,148406,-6.878718007946434,-1.0926682779646681,10
18785,-118.87791670519088,-1.6013259144174607,148407,-118.09857507912784,0.7103841694799473,11
18786,-109.42103387494194,9.431312905704832,148418,-114.33047638704419,5.73481138949136,19
18787,-27.514269209262842,13.361721724590707,148428,-29.714479793685786,-1.264748112657314,8
18788,57.48884445840771,0.49683844375421843,148433,47.997068783449585,1.2679199422360634,13
18789,545.4814931947877,-11.860752581978899,148441,586.0312761189704,-1.722944617346204,30
18790,-99.1033130042397,3.646124698654028,148447,-96.6939343764425,2.7165835152131033,15
18791,-137.14538007054304,2.9294006694419115,148449,-137.57400940459857,4.493303950559668,20
18792,47.46528915896953,-14.39419452303247,148461,47.997068783449585,1.2679199422360634,13
18793,-153.09218719625446,1.4758122574505266,148469,-152.23629829764135,4.213482038439798,37
18794,-74.80199958241154,0.028597739786362222,148480,-77.6204452281073,-4.536559244831727,5
18795,-53.90002789590303,2.5323102179204082,148490,-49.93530245157272,-0.19848027172185767,2
18796,108.59036906174717,-0.3495888560108184,148494,104.96211155305676,-0.5414592591613776,31
18797,-97.94959209976717,2.3645645909413617,148498,-96.6939343764425,2.7165835152131033,15
18798,-130.87435004252154,-1.3738384194125246,148505,-129.1025175244067,1.5488809909733745,1
18799,-95.2421397006127,6.251935552038742,148506,-96.6939343764425,2.7165835152131033,15
18800,156.11474044777268,8.295432413215005,148561,172.66355239880147,-2.7112682595768685,38
18801,-67.75685485024911,-1.3398714620588077,148567,-66.8889597803445,2.169628081691683,14
18802,-49.57341060402461,-2.4925245623705714,148578,-49.93530245157272,-0.19848027172185767,2
18803,176.91303347648198,-1.6445056686633874,148585,172.66355239880147,-2.7112682595768685,38
18804,5.0409356722885414,-24.11507524933862,148588,28.39696760572947,-22.91072472808294,12
18805,-150.09888222604394,2.185257701925833,148599,-152.23629829764135,4.213482038439798,37
18806,-17.982752708367915,4.950032942023738,148616,-6.878718007946434,-1.0926682779646681,10
18807,-1.2463785897200284,-5.758675415923771,148625,-6.878718007946434,-1.0926682779646681,10
18808,-123.38969276752019,8.503785790758917,148655,-123.80894152337959,5.566802721935252,23
18809,-33.38324184776095,10.913912315838939,148660,-29.714479793685786,-1.264748112657314,8
18810,-62.22366771225207,-23.052395299585854,148664,-77.6204452281073,-4.536559244831727,5
18811,-112.06571177639856,1.6061103768307574,148674,-109.71624596876933,-1.0040630408538558,16
18812,-40.95891490191703,-11.183355546574239,148681,-49.93530245157272,-0.19848027172185767,2
18813,-41.497944977316294,-2.4707527087401044,148686,-49.93530245157272,-0.19848027172185767,2
18814,-76.84116440333156,-0.17051977575746388,148708,-77.6204452281073,-4.536559244831727,5
18815,-1.328289738040807,11.26294671233632,148719,-6.878718007946434,-1.0926682779646681,10
18816,-72.3233987501449,-7.325669917830168,148737,-77.6204452281073,-4.536559244831727,5
18817,-129.17926385424397,4.321413463838824,148747,-129.1025175244067,1.5488809909733745,1
18818,350.6074682514573,-6.2520395525034695,148751,302.44973475302317,-5.405747081354008,25
18819,-148.80693065955947,-4.192154113822123,148759,-148.09620948762597,-1.1157003398540595,36
18820,-121.16511753929042,4.628476400606738,148771,-123.80894152337959,5.566802721935252,23
18821,-88.31134117465687,7.3917968554386295,148779,-85.91178621041317,3.2728237667350073,24
18822,26.886235935990808,-7.187269953685384,148780,18.937510567705566,1.034768221250525,27
18823,-144.16224274377737,3.6887603303265917,148796,-146.59606179012786,4.113086925586259,4
18824,-66.83402175860967,1.3902015334636475,148802,-66.8889597803445,2.169628081691683,14
18825,-106.94963521628931,0.17029618606438107,148805,-109.71624596876933,-1.0040630408538558,16
18826,1018.0978306739411,38.579996062341195,148812,861.6475783799328,6.515082937232454,35
18827,-97.71522202154152,-2.2532155686663904,148818,-96.6939343764425,2.7165835152131033,15
18828,-95.00983004785346,1.680606985831165,148822,-96.6939343764425,2.7165835152131033,15
18829,-148.87879758781958,-0.042740584269490574,148830,-148.09620948762597,-1.1157003398540595,36
18830,-91.1264147366005,3.292529821391854,148842,-85.91178621041317,3.2728237667350073,24
18831,23.678857826450866,11.026792441675676,148847,18.937510567705566,1.034768221250525,27
18832,41.64516333144575,-2.1563844598427258,148864,47.997068783449585,1.2679199422360634,13
18833,185.9726991706938,11.404721994707945,148867,172.66355239880147,-2.7112682595768685,38
18834,-62.10112582934776,5.249796937059232,148876,-66.8889597803445,2.169628081691683,14
18835,-26.16166958621934,7.6984980112541495,148877,-29.714479793685786,-1.264748112657314,8
18836,-136.97314263039777,-0.8488742229575914,148879,-134.89656831690453,-0.030690791204986433,34
18837,-150.09056346228851,1.4834927357440892,148892,-148.09620948762597,-1.1157003398540595,36
18838,-89.7546215169613,-1.249043676021043,148898,-85.91178621041317,3.2728237667350073,24
18839,251.11121111669513,-2.1832240814136203,148901,227.03647807555316,-5.020718083634986,26
18840,-144.27233534663768,6.0909298074948035,148904,-142.14616351708418,5.245197398204194,22
18841,-92.66433679444955,-3.2796952440241003,148921,-96.6939343764425,2.7165835152131033,15
18842,-56.680829584596026,-1.2894078288634767,148931,-49.93530245157272,-0.19848027172185767,2
18843,-26.13284010791952,-7.661805319870761,148935,-29.714479793685786,-1.264748112657314,8
18844,581.799719829741,-15.148708668373203,148940,586.0312761189704,-1.722944617346204,30
18845,221.24162583832322,-33.9603879256019,148942,227.03647807555316,-5.020718083634986,26
18846,-140.96371957853108,-1.1370210196420907,148950,-141.0346653257256,-1.1036168920026446,0
18847,225.03336384434678,-1.9524313026629956,148951,227.03647807555316,-5.020718083634986,26
18848,-48.65707453179672,-0.14153243767526802,148956,-49.93530245157272,-0.19848027172185767,2
18849,44.15044948046015,5.123789169734342,148958,47.997068783449585,1.2679199422360634,13
18850,-103.86670826073727,0.4483189503255317,148959,-104.7190727296112,3.8815952186994593,7
18851,461.3362627643108,1.5530564116433037,148960,417.6915390220547,-4.11857226961515,29
18852,-81.79123494449374,0.699611368854491,148963,-85.91178621041317,3.2728237667350073,24
18853,-94.6827168375087,-1.3811680187212725,148966,-96.6939343764425,2.7165835152131033,15
18854,49.40314105828172,1.2189376986246538,148972,47.997068783449585,1.2679199422360634,13
18855,47.992423447105416,-7.090037818484574,148973,47.997068783449585,1.2679199422360634,13
18856,8.534981787651471,-16.574997065164876,148975,18.937510567705566,1.034768221250525,27
18857,-129.9379610162858,1.054633239684666,148976,-129.1025175244067,1.5488809909733745,1
18858,-133.9635580784017,-0.5070215922065103,148986,-134.89656831690453,-0.030690791204986433,34
18859,17.925823518740966,7.561521812768718,148992,18.937510567705566,1.034768221250525,27
18860,-108.65561183860409,-3.7356025323410673,149001,-109.71624596876933,-1.0040630408538558,16
18861,-149.02980962029963,0.18966941919641556,149010,-148.09620948762597,-1.1157003398540595,36
18862,-135.8190004522209,-1.1304849050337502,149020,-134.89656831690453,-0.030690791204986433,34
18863,-63.05359989167972,4.212065218826365,149024,-66.8889597803445,2.169628081691683,14
18864,35.544281215748654,14.681389733109274,149030,47.997068783449585,1.2679199422360634,13
18865,774.437109377352,10.77585951878551,149033,861.6475783799328,6.515082937232454,35
18866,-56.75830620805851,-0.6137532884682687,149034,-49.93530245157272,-0.19848027172185767,2
18867,-130.3074622978152,7.113888530504133,149036,-132.1080396739421,5.887059356646324,17
18868,-73.30444298644909,-7.77370409800776,149037,-77.6204452281073,-4.536559244831727,5
18869,41.853902663672194,-34.63552138475298,149062,28.39696760572947,-22.91072472808294,12
18870,-23.899340144845375,3.028398359790307,149063,-29.714479793685786,-1.264748112657314,8
18871,21.80212322215372,-63.30078965950434,149074,28.39696760572947,-22.91072472808294,12
18872,365.0452015337497,-40.427328571838146,149075,417.6915390220547,-4.11857226961515,29
18873,-62.06309357672711,3.408918099649448,149077,-66.8889597803445,2.169628081691683,14
18874,-90.05530547541407,2.752281800121548,149084,-85.91178621041317,3.2728237667350073,24
18875,-105.36608230989121,8.309452017296001,149102,-104.7190727296112,3.8815952186994593,7
18876,78.01124200959825,8.240044173716402,149116,78.01149217232324,3.6022338347977136,6
18877,-121.10266472679844,2.2670959426347386,149117,-118.09857507912784,0.7103841694799473,11
18878,-152.3204821732502,6.506132802045523,149119,-152.23629829764135,4.213482038439798,37
18879,-94.01865506472652,2.41045095483845,149120,-96.6939343764425,2.7165835152131033,15
18880,-138.09354300940376,2.282801844377093,149126,-137.57400940459857,4.493303950559668,20
18881,-137.23330431226668,4.861528037269963,149132,-137.57400940459857,4.493303950559668,20
18882,-72.25076772197882,7.862788436205365,149145,-66.8889597803445,2.169628081691683,14
18883,-145.01632505804932,-0.047028198446994636,149151,-148.09620948762597,-1.1157003398540595,36
18884,34.05499553959729,6.012635990359576,149156,47.997068783449585,1.2679199422360634,13
18885,-71.70537706597884,-1.0036782912014113,149190,-66.8889597803445,2.169628081691683,14
18886,14.760113456784085,-5.636001477665696,149194,18.937510567705566,1.034768221250525,27
18887,230.68705067690954,3.694490226882571,149202,227.03647807555316,-5.020718083634986,26
18888,-129.3750700295892,8.087123210086878,149208,-132.1080396739421,5.887059356646324,17
18889,-127.56649326238691,-6.0177115540793755,149213,-130.75996572568545,-6.6137591708523855,18
18890,-122.98960557905545,-0.270551488121658,149220,-123.94204162798616,-1.5144507595891967,3
18891,-97.18992532162422,4.557175329885768,149230,-96.6939343764425,2.7165835152131033,15
18892,-107.03832162676366,1.075882531333395,149235,-109.71624596876933,-1.0040630408538558,16
18893,-118.11756385787196,3.155769001529361,149236,-118.09857507912784,0.7103841694799473,11
18894,56.26195161458759,3.923593663856844,149237,47.997068783449585,1.2679199422360634,13
18895,-115.15667852408846,5.089169031567128,149238,-114.33047638704419,5.73481138949136,19
18896,-151.0902137594433,1.4668043064176637,149252,-152.23629829764135,4.213482038439798,37
18897,-113.2874865269301,6.937018451563728,149253,-114.33047638704419,5.73481138949136,19
18898,-136.97981050178214,0.30443272157551593,149271,-134.89656831690453,-0.030690791204986433,34
18899,289.4272271536408,9.34581216664503,149284,302.44973475302317,-5.405747081354008,25
18900,678.0204849061569,27.870578854222234,149290,586.0312761189704,-1.722944617346204,30
18901,-24.12781415603993,6.481449602365425,149293,-29.714479793685786,-1.264748112657314,8
18902,36.437263256892614,0.7781999760507035,149294,47.997068783449585,1.2679199422360634,13
18903,-36.040775982857134,5.410425803520104,149299,-29.714479793685786,-1.264748112657314,8
18904,-127.97771008005711,0.9354924153116948,149308,-129.1025175244067,1.5488809909733745,1
18905,-116.23595262698122,6.284707980558429,149310,-114.33047638704419,5.73481138949136,19
18906,-71.96530167748287,3.1423680553437565,149312,-66.8889597803445,2.169628081691683,14
18907,19.740953582197225,-4.623272887446953,149333,18.937510567705566,1.034768221250525,27
18908,-100.11036400273775,4.304415244876517,149343,-96.6939343764425,2.7165835152131033,15
18909,-125.24892576033973,5.89679524512186,149346,-123.80894152337959,5.566802721935252,23
18910,-120.84931794659829,-1.7579923132433222,149349,-123.94204162798616,-1.5144507595891967,3
18911,-48.658157708285074,-2.1627212296386995,149363,-49.93530245157272,-0.19848027172185767,2
18912,-48.96828193647119,3.0964346102154527,149378,-49.93530245157272,-0.19848027172185767,2
18913,-148.2354476496891,5.2432092368387,149382,-146.59606179012786,4.113086925586259,4
18914,-54.58383958531287,-2.877173958772013,149387,-49.93530245157272,-0.19848027172185767,2
18915,112.6360231614064,-43.414647894479074,149393,110.19899446847099,-35.665903512662624,21
18916,423.32492218560094,0.6708336033646599,149395,417.6915390220547,-4.11857226961515,29
18917,-41.84881905085876,1.1006455897064822,149413,-49.93530245157272,-0.19848027172185767,2
18918,307.26072849455704,-2.45597036084218,149416,302.44973475302317,-5.405747081354008,25
18919,109.28673921830841,5.289201273930293,149417,104.96211155305676,-0.5414592591613776,31
18920,-44.31697190115929,-5.9824791631146965,149424,-49.93530245157272,-0.19848027172185767,2
18921,210.47099613656565,5.001849980518859,149444,227.03647807555316,-5.020718083634986,26
18922,407.27879780222526,-13.845144427373134,149449,417.6915390220547,-4.11857226961515,29
18923,77.9806424782913,-49.49110448901614,149469,110.19899446847099,-35.665903512662624,21
18924,-35.918015581818615,3.7426363577544817,149471,-29.714479793685786,-1.264748112657314,8
18925,43.1722823697476,4.639322681190879,149472,47.997068783449585,1.2679199422360634,13
18926,-98.09143759155383,2.915534679288875,149477,-96.6939343764425,2.7165835152131033,15
18927,-136.9838584516879,-0.11763753795660142,149479,-134.89656831690453,-0.030690791204986433,34
18928,683.540568163635,6.454262148048924,149481,586.0312761189704,-1.722944617346204,30
18929,-144.2065370270877,4.6321226655075565,149486,-142.14616351708418,5.245197398204194,22
18930,-121.84595415020343,-0.312118656928806,149488,-123.94204162798616,-1.5144507595891967,3
18931,36.53881576112802,-44.60584572456843,149501,28.39696760572947,-22.91072472808294,12
18932,-80.09739947190465,4.368934749387854,149505,-85.91178621041317,3.2728237667350073,24
18933,-63.72537399585794,-0.9534030066102182,149509,-66.8889597803445,2.169628081691683,14
18934,518.6283786906406,13.924387680506138,149525,586.0312761189704,-1.722944617346204,30
18935,-119.27056071649098,6.475566527618268,149545,-123.80894152337959,5.566802721935252,23
18936,-63.36414447928856,-6.2887594833404314,149559,-66.8889597803445,2.169628081691683,14
18937,-118.18535797356498,5.1555931883799335,149574,-114.33047638704419,5.73481138949136,19
18938,1028.7328240341096,-13.190295152546652,149605,861.6475783799328,6.515082937232454,35
18939,-1.619832511070049,0.35051123838076326,149618,-6.878718007946434,-1.0926682779646681,10
18940,-132.0229965095378,0.31840905508425105,149623,-134.89656831690453,-0.030690791204986433,34
18941,308.18845772257293,-1.3715607957427773,149625,302.44973475302317,-5.405747081354008,25
18942,-99.105376668414,4.21982591393053,149635,-96.6939343764425,2.7165835152131033,15
18943,-140.62552310879062,-5.4516876228419155,149643,-141.0346653257256,-1.1036168920026446,0
18944,633.2510748732622,-5.83969620358084,149645,586.0312761189704,-1.722944617346204,30
18945,-88.88484198771675,0.5838645093876733,149647,-85.91178621041317,3.2728237667350073,24
18946,8.562941020961494,-2.4623996891477056,149649,18.937510567705566,1.034768221250525,27
18947,-118.17701443619198,-10.285827796127526,149654,-115.69510858146283,-11.595084171039186,39
18948,-124.46745972447623,-7.0982669651355765,149659,-123.94204162798616,-1.5144507595891967,3
18949,-77.35719934767236,9.083080119743759,149665,-85.91178621041317,3.2728237667350073,24
18950,-122.81597406948967,-0.9739685295180729,149671,-123.94204162798616,-1.5144507595891967,3
18951,-108.27514310568593,6.753916704390125,149674,-104.7190727296112,3.8815952186994593,7
18952,-124.11347011576267,2.9522225387246075,149675,-123.80894152337959,5.566802721935252,23
18953,-131.8056192536296,-3.408917212421933,149688,-130.75996572568545,-6.6137591708523855,18
18954,-49.70155521340733,-1.2320894190362792,149698,-49.93530245157272,-0.19848027172185767,2
18955,92.39384329092859,-12.583799232339993,149708,104.96211155305676,-0.5414592591613776,31
18956,-43.95079648082166,3.2942507942647894,149723,-49.93530245157272,-0.19848027172185767,2
18957,195.43663078344238,21.264594003857564,149740,172.66355239880147,-2.7112682595768685,38
18958,82.58868553959545,-14.965807450348517,149744,70.166569844569,-14.692630117552799,9
18959,-31.73768488459945,0.8917295048261419,149750,-29.714479793685786,-1.264748112657314,8
18960,-41.88690845411209,2.4481219292605614,149763,-49.93530245157272,-0.19848027172185767,2
18961,-43.22533934537247,-8.47969443804869,149767,-49.93530245157272,-0.19848027172185767,2
18962,-125.30570630598098,7.16388864075889,149769,-123.80894152337959,5.566802721935252,23
18963,-96.74513904208699,-2.6098539974743775,149779,-96.6939343764425,2.7165835152131033,15
18964,-108.0438873238212,2.7305156620248976,149791,-104.7190727296112,3.8815952186994593,7
18965,-136.9953732534938,0.14724240048760312,149795,-134.89656831690453,-0.030690791204986433,34
18966,-45.788593791922224,1.7766234835294124,149816,-49.93530245157272,-0.19848027172185767,2
18967,-63.04148267871238,4.454174171729898,149831,-66.8889597803445,2.169628081691683,14
18968,-11.067501649155925,6.9172194745162665,149838,-6.878718007946434,-1.0926682779646681,10
18969,-144.23799280527948,5.334488075168917,149842,-142.14616351708418,5.245197398204194,22
18970,-65.42933701719966,10.858142205038517,149851,-66.8889597803445,2.169628081691683,14
18971,245.64991387779756,18.976406700485427,149873,227.03647807555316,-5.020718083634986,26
18972,-116.94979054410412,1.5463327071304354,149876,-118.09857507912784,0.7103841694799473,11
18973,-132.37559386550075,-7.19336723790549,149882,-130.75996572568545,-6.6137591708523855,18
18974,-146.3345819589032,6.905403079647599,149888,-146.59606179012786,4.113086925586259,4
18975,191.35352682181986,6.74532501831609,149889,172.66355239880147,-2.7112682595768685,38
18976,-57.8905109333622,1.7409283362591768,149890,-49.93530245157272,-0.19848027172185767,2
18977,22.032960337556247,5.272462270390064,149892,18.937510567705566,1.034768221250525,27
18978,-64.54300142956356,-3.9408627243456125,149902,-66.8889597803445,2.169628081691683,14
18979,-13.336031600899549,-4.516143895831185,149905,-6.878718007946434,-1.0926682779646681,10
18980,-66.5618104579,-3.5511435407042047,149911,-66.8889597803445,2.169628081691683,14
18981,-134.0612751464364,1.625257800246338,149918,-134.89656831690453,-0.030690791204986433,34
18982,-102.43735909458448,9.904683694995196,149935,-104.7190727296112,3.8815952186994593,7
18983,-117.18032316695441,4.0113328441196705,149939,-114.33047638704419,5.73481138949136,19
18984,9.785022147909244,9.47573444626977,149952,18.937510567705566,1.034768221250525,27
18985,144.46038193727298,-25.3303703528808,149955,135.4076551174278,-1.697351881935795,33
18986,-89.84886461020578,0.8202186393371536,149975,-85.91178621041317,3.2728237667350073,24
18987,-139.93306266705468,0.26177432495094116,149977,-141.0346653257256,-1.1036168920026446,0
18988,-107.91598458192357,-0.6096610050924262,149993,-109.71624596876933,-1.0040630408538558,16
18989,171.52876162908743,18.329462810744154,149996,172.66355239880147,-2.7112682595768685,38
18990,-132.2103421028291,4.932516599428187,149997,-132.1080396739421,5.887059356646324,17
18991,-143.05599965315372,0.8812870154059141,150004,-141.0346653257256,-1.1036168920026446,0
18992,462.58638299824725,-1.8474851440709876,150062,417.6915390220547,-4.11857226961515,29
18993,-122.8345798120531,-1.598870824516255,150078,-123.94204162798616,-1.5144507595891967,3
18994,40.24403721981985,3.5386854805817314,150084,47.997068783449585,1.2679199422360634,13
18995,24.006769359997445,5.879243282821669,150086,18.937510567705566,1.034768221250525,27
18996,-134.09400373497976,3.374153985718016,150112,-132.1080396739421,5.887059356646324,17
18997,-18.03120681977436,5.499237983239696,150137,-6.878718007946434,-1.0926682779646681,10
18998,-138.67807229467098,-4.2758694106348285,150142,-141.0346653257256,-1.1036168920026446,0
18999,-124.76233831953469,-2.6943016204868204,150147,-123.94204162798616,-1.5144507595891967,3
19000,-124.56979851385952,-6.395754302197892,150161,-123.94204162798616,-1.5144507595891967,3
19001,29.81475964783551,-5.569177214347481,150171,18.937510567705566,1.034768221250525,27
19002,0.8124259843001326,-7.031479485755852,150180,-6.878718007946434,-1.0926682779646681,10
19003,-45.40042974927407,-5.181372252609909,150198,-49.93530245157272,-0.19848027172185767,2
19004,26.73876882532855,10.274905406826056,150203,18.937510567705566,1.034768221250525,27
19005,-69.76411347058638,-0.1955528976023423,150207,-66.8889597803445,2.169628081691683,14
19006,130.39372139844784,-10.39904932551313,150212,135.4076551174278,-1.697351881935795,33
19007,-111.85970633895037,0.15036471109007307,150214,-109.71624596876933,-1.0040630408538558,16
19008,-83.76497753982125,-1.4343449493646852,150220,-85.91178621041317,3.2728237667350073,24
19009,-149.3276791031672,6.700345176602425,150240,-146.59606179012786,4.113086925586259,4
19010,-136.89428475756338,-0.5342158231750052,150252,-134.89656831690453,-0.030690791204986433,34
19011,-4.676261928944125,1.0194555421878153,150255,-6.878718007946434,-1.0926682779646681,10
19012,-101.10447747692352,4.668109815383307,150260,-104.7190727296112,3.8815952186994593,7
19013,-30.429042433561584,-4.324398429277539,150267,-29.714479793685786,-1.264748112657314,8
19014,-97.03653215921162,2.2426853654029166,150272,-96.6939343764425,2.7165835152131033,15
19015,-116.26002862369398,5.805529800269033,150276,-114.33047638704419,5.73481138949136,19
19016,-124.9287826636025,1.4682177965158631,150281,-123.94204162798616,-1.5144507595891967,3
19017,15.320206917932888,-13.804829728964785,150283,18.937510567705566,1.034768221250525,27
19018,-24.468871157922667,-2.822910147605509,150293,-29.714479793685786,-1.264748112657314,8
19019,-130.90823027336666,-0.12324383984696892,150309,-129.1025175244067,1.5488809909733745,1
19020,-119.85388076851847,-1.1204343404238026,150315,-118.09857507912784,0.7103841694799473,11
19021,-108.58494820263086,-18.98570719082805,150333,-115.69510858146283,-11.595084171039186,39
19022,-136.9916486894314,1.1121848979364175,150342,-134.89656831690453,-0.030690791204986433,34
19023,-73.09967927175691,5.565968556045978,150346,-66.8889597803445,2.169628081691683,14
19024,-79.0899529677129,-25.235163450355895,150351,-77.6204452281073,-4.536559244831727,5
19025,-121.32673653611336,7.181746144148558,150366,-123.80894152337959,5.566802721935252,23
19026,-73.9503775820604,1.7658539110760827,150376,-66.8889597803445,2.169628081691683,14
19027,-34.905938113390995,4.005848445447707,150380,-29.714479793685786,-1.264748112657314,8
19028,-128.8581753846402,-1.6948145480978483,150381,-129.1025175244067,1.5488809909733745,1
19029,-137.19856489856735,4.088085362356315,150384,-137.57400940459857,4.493303950559668,20
19030,-144.2572820045045,5.259933699858454,150405,-142.14616351708418,5.245197398204194,22
19031,-10.786503725194702,1.7851925434957665,150407,-6.878718007946434,-1.0926682779646681,10
19032,-32.88908724459566,1.6316988984077656,150412,-29.714479793685786,-1.264748112657314,8
19033,58.3500384331512,3.0421734541624383,150422,47.997068783449585,1.2679199422360634,13
19034,10.7501503775884,9.750188742828504,150428,18.937510567705566,1.034768221250525,27
19035,6.260292056274541,1.5668378229185411,150456,18.937510567705566,1.034768221250525,27
19036,-37.66861778137874,-0.7161266692172993,150462,-29.714479793685786,-1.264748112657314,8
19037,600.80761426792,-0.27096555421899765,150466,586.0312761189704,-1.722944617346204,30
19038,-94.65571640488578,-3.509194776801318,150479,-96.6939343764425,2.7165835152131033,15
19039,419.012291455373,19.077955686827416,150483,417.6915390220547,-4.11857226961515,29
19040,-141.03887513387838,1.0448656401070895,150509,-141.0346653257256,-1.1036168920026446,0
19041,54.199097951978914,5.2666749646128155,150516,47.997068783449585,1.2679199422360634,13
19042,-106.06435058001904,3.7086418495735693,150519,-104.7190727296112,3.8815952186994593,7
19043,-103.14643595653392,-10.701485465471585,150521,-95.36861679384212,-10.95784818293233,28
19044,-35.11398858852877,6.002353735811728,150526,-29.714479793685786,-1.264748112657314,8
19045,33.48404737939316,-15.055987119260754,150527,28.39696760572947,-22.91072472808294,12
19046,-95.07075601608874,3.528558075948386,150544,-96.6939343764425,2.7165835152131033,15
19047,50.82705617805189,9.755196756107464,150550,47.997068783449585,1.2679199422360634,13
19048,-104.9303145634007,0.3086570485486035,150557,-104.7190727296112,3.8815952186994593,7
19049,-73.14495697506969,-10.230690387771272,150559,-77.6204452281073,-4.536559244831727,5
19050,-120.55405098904647,-5.653502445475277,150560,-123.94204162798616,-1.5144507595891967,3
19051,32.864792039838306,9.162313262130567,150568,18.937510567705566,1.034768221250525,27
19052,-137.16656098756533,3.380720978536013,150571,-137.57400940459857,4.493303950559668,20
19053,-146.64009022468468,-6.259350963896407,150573,-148.09620948762597,-1.1157003398540595,36
19054,-79.86927122154167,-0.10660248839411585,150585,-77.6204452281073,-4.536559244831727,5
19055,-44.544262812042184,-3.0427584524980626,150590,-49.93530245157272,-0.19848027172185767,2
19056,29.203703114044018,3.7080437724385975,150601,18.937510567705566,1.034768221250525,27
19057,135.6417846981249,-13.697491542653166,150603,135.4076551174278,-1.697351881935795,33
19058,-90.8829810013221,1.5329938136253,150610,-85.91178621041317,3.2728237667350073,24
19059,-128.2795950097725,5.998838741503626,150612,-132.1080396739421,5.887059356646324,17
19060,-128.017736508106,0.2888225110616071,150617,-129.1025175244067,1.5488809909733745,1
19061,-4.68758690029161,1.2805136112654525,150621,-6.878718007946434,-1.0926682779646681,10
19062,-36.6854078622049,-0.8490894687891257,150622,-29.714479793685786,-1.264748112657314,8
19063,-131.0241357594385,1.9019431421780597,150625,-129.1025175244067,1.5488809909733745,1
19064,-16.21746804149586,-6.152026228330496,150626,-6.878718007946434,-1.0926682779646681,10
19065,597.8399214432728,-15.241687742306684,150651,586.0312761189704,-1.722944617346204,30
19066,-134.1500747976676,3.580370153778802,150655,-132.1080396739421,5.887059356646324,17
19067,-27.520299799826436,-16.99131045950112,150666,-29.714479793685786,-1.264748112657314,8
19068,-79.85538339681828,0.6065396685368396,150678,-77.6204452281073,-4.536559244831727,5
19069,222.80650992579962,-13.268621943039998,150691,227.03647807555316,-5.020718083634986,26
19070,98.79281657236885,-2.380918696651126,150692,104.96211155305676,-0.5414592591613776,31
19071,124.73354953672542,-15.376011775514108,150701,135.4076551174278,-1.697351881935795,33
19072,-110.14107322721465,3.772946094482677,150705,-114.33047638704419,5.73481138949136,19
19073,-124.25329034314598,6.527053767616686,150706,-123.80894152337959,5.566802721935252,23
19074,-121.8783031325483,-0.09996905036562999,150716,-123.94204162798616,-1.5144507595891967,3
19075,47.340437477853825,2.561485652546242,150719,47.997068783449585,1.2679199422360634,13
19076,-86.92744546686085,1.5556096343749282,150720,-85.91178621041317,3.2728237667350073,24
19077,-116.26228139379546,6.8689977668940925,150724,-114.33047638704419,5.73481138949136,19
19078,109.23905204447522,6.331542456266987,150730,104.96211155305676,-0.5414592591613776,31
19079,97.95984264024531,-5.025472119903491,150734,104.96211155305676,-0.5414592591613776,31
19080,-137.2346722410893,4.884056019614029,150750,-137.57400940459857,4.493303950559668,20
19081,-52.6849710387901,-0.6346027400486712,150791,-49.93530245157272,-0.19848027172185767,2
19082,-108.58761862709865,-19.437495085605555,150812,-115.69510858146283,-11.595084171039186,39
19083,-47.03702155856637,-10.088341276857864,150823,-49.93530245157272,-0.19848027172185767,2
19084,-104.33130128966125,7.55635822193462,150842,-104.7190727296112,3.8815952186994593,7
19085,-140.3315119858012,6.95895534792695,150845,-142.14616351708418,5.245197398204194,22
19086,-129.21777171206324,5.656626810213267,150890,-132.1080396739421,5.887059356646324,17
19087,58.89377846635151,-5.263678514413057,150893,47.997068783449585,1.2679199422360634,13
19088,-147.2981552111102,6.099183338176386,150900,-146.59606179012786,4.113086925586259,4
19089,26.899718714689595,8.291887879901944,150912,18.937510567705566,1.034768221250525,27
19090,175.39729510268174,-23.416353829552914,150917,172.66355239880147,-2.7112682595768685,38
19091,-13.818368867796957,2.9559033717586423,150926,-6.878718007946434,-1.0926682779646681,10
19092,474.19716823180505,4.308463875275256,150929,417.6915390220547,-4.11857226961515,29
19093,17.505985351651507,-1.0513479276448603,150932,18.937510567705566,1.034768221250525,27
19094,-145.2046407075663,5.107111357204324,150942,-146.59606179012786,4.113086925586259,4
19095,215.73006912750105,1.9883170418677865,150951,227.03647807555316,-5.020718083634986,26
19096,25.669416298639174,11.775264379387165,150955,18.937510567705566,1.034768221250525,27
19097,344.50065695000586,-4.512635317503889,150959,302.44973475302317,-5.405747081354008,25
19098,-99.1926207715177,6.122326905767643,150960,-96.6939343764425,2.7165835152131033,15
19099,23.314513380938557,1.7013526617397066,150964,18.937510567705566,1.034768221250525,27
19100,-117.79507825401913,-2.3834014272716693,150974,-118.09857507912784,0.7103841694799473,11
19101,-134.36124004067906,7.70166171293543,150983,-132.1080396739421,5.887059356646324,17
19102,108.80474123356775,12.249455896129428,151010,104.96211155305676,-0.5414592591613776,31
19103,-126.37897017516764,8.206945484825068,151011,-123.80894152337959,5.566802721935252,23
19104,-42.303956762424214,-6.22362110604144,151017,-49.93530245157272,-0.19848027172185767,2
19105,-65.24770799666521,7.912213912998035,151035,-66.8889597803445,2.169628081691683,14
19106,90.35629741882377,-11.28913093499269,151039,104.96211155305676,-0.5414592591613776,31
19107,-9.174696961049156,-6.952591051607695,151049,-6.878718007946434,-1.0926682779646681,10
19108,103.14194140379996,-7.398642483955333,151055,104.96211155305676,-0.5414592591613776,31
19109,-86.27965202447805,7.7378410789161896,151079,-85.91178621041317,3.2728237667350073,24
19110,-90.3577058463187,-6.359914177726199,151097,-95.36861679384212,-10.95784818293233,28
19111,-111.09285364518533,3.2337989522070445,151108,-114.33047638704419,5.73481138949136,19
19112,-121.25490448125976,5.593647300251563,151109,-123.80894152337959,5.566802721935252,23
19113,-112.32407618684316,-7.98409909564313,151118,-115.69510858146283,-11.595084171039186,39
19114,100.19848650439424,6.552503145812611,151120,104.96211155305676,-0.5414592591613776,31
19115,-101.2393259845777,6.601799954530089,151129,-104.7190727296112,3.8815952186994593,7
19116,-39.21963612779851,-7.499479031419303,151148,-29.714479793685786,-1.264748112657314,8
19117,55.41904162377629,0.986659143883984,151160,47.997068783449585,1.2679199422360634,13
19118,-133.96192184358534,0.9907257278427816,151167,-134.89656831690453,-0.030690791204986433,34
19119,-134.36397491762983,7.749528789576609,151173,-132.1080396739421,5.887059356646324,17
19120,55.859898042231144,-5.089773679320472,151189,47.997068783449585,1.2679199422360634,13
19121,76.47861733770075,1.5718660912745104,151197,78.01149217232324,3.6022338347977136,6
19122,-46.99946630176666,3.2742724126497667,151199,-49.93530245157272,-0.19848027172185767,2
19123,-150.94435120952997,-1.2077877897527836,151212,-148.09620948762597,-1.1157003398540595,36
19124,-80.82420378223144,-1.1208747942888386,151217,-77.6204452281073,-4.536559244831727,5
19125,-133.9308173323068,-1.7307794737858382,151223,-134.89656831690453,-0.030690791204986433,34
19126,108.05127558833296,-6.360295666208234,151244,104.96211155305676,-0.5414592591613776,31
19127,-103.15230511737576,4.670349362156419,151248,-104.7190727296112,3.8815952186994593,7
19128,-90.80408462836422,-0.1900280278255857,151253,-85.91178621041317,3.2728237667350073,24
19129,146.78449273764653,-0.8686619784489148,151260,135.4076551174278,-1.697351881935795,33
19130,-153.06596129243675,0.9249144128677362,151269,-152.23629829764135,4.213482038439798,37
19131,-133.11219168238495,3.8024020844081576,151270,-132.1080396739421,5.887059356646324,17
19132,-85.77238442196321,-1.303900298254789,151272,-85.91178621041317,3.2728237667350073,24
19133,-122.1838186406108,4.538758419922494,151275,-123.80894152337959,5.566802721935252,23
19134,-131.10350657799796,4.167355348254694,151288,-132.1080396739421,5.887059356646324,17
19135,-110.03860477252047,1.0229131642396603,151300,-109.71624596876933,-1.0040630408538558,16
19136,594.5099371935626,18.31436772938342,151302,586.0312761189704,-1.722944617346204,30
19137,70.9290386010991,-5.83568736392002,151314,70.166569844569,-14.692630117552799,9
19138,-33.13513581515984,5.987045558012088,151316,-29.714479793685786,-1.264748112657314,8
19139,37.69900021232022,-4.434665630372075,151323,47.997068783449585,1.2679199422360634,13
19140,223.354698397555,-6.962653126630571,151339,227.03647807555316,-5.020718083634986,26
19141,-120.99394342848404,0.8979767661308944,151354,-118.09857507912784,0.7103841694799473,11
19142,-75.56459728157103,-17.852394618497893,151383,-77.6204452281073,-4.536559244831727,5
19143,66.11334787050653,5.292020708004758,151398,78.01149217232324,3.6022338347977136,6
19144,228.419804186829,-21.989750533281665,151401,227.03647807555316,-5.020718083634986,26
19145,-137.12891100449366,3.0693414618266055,151406,-137.57400940459857,4.493303950559668,20
19146,213.82184693582164,-13.753820323897243,151415,227.03647807555316,-5.020718083634986,26
19147,-101.2237344724775,5.236659285352639,151421,-104.7190727296112,3.8815952186994593,7
19148,-136.03587150850976,1.5665020316468765,151432,-134.89656831690453,-0.030690791204986433,34
19149,23.170444606230838,3.832417494048657,151436,18.937510567705566,1.034768221250525,27
19150,-102.12779425451953,4.669531102137004,151438,-104.7190727296112,3.8815952186994593,7
19151,594.9116108171854,-16.348983484813086,151446,586.0312761189704,-1.722944617346204,30
19152,-79.1824168185397,5.72326672129049,151447,-85.91178621041317,3.2728237667350073,24
19153,-121.77386076767202,-0.8526512740812309,151450,-123.94204162798616,-1.5144507595891967,3
19154,-116.10817506908488,3.4969532072256224,151501,-114.33047638704419,5.73481138949136,19
19155,311.16178860835896,13.992115357520374,151504,302.44973475302317,-5.405747081354008,25
19156,-110.94000566064987,0.40437032855372695,151538,-109.71624596876933,-1.0040630408538558,16
19157,186.6627644016163,-12.271757274396396,151544,172.66355239880147,-2.7112682595768685,38
19158,-81.8593668707114,-0.3705320257899657,151547,-85.91178621041317,3.2728237667350073,24
19159,-94.3847600825301,9.4096579864894,151550,-96.6939343764425,2.7165835152131033,15
19160,248.2101786783654,-18.09410812169389,151559,227.03647807555316,-5.020718083634986,26
19161,-34.31410281813262,9.88444072105724,151565,-29.714479793685786,-1.264748112657314,8
19162,-59.698337371211245,-0.9590274000333491,151567,-66.8889597803445,2.169628081691683,14
19163,-105.87841169778652,0.16501499707074793,151579,-104.7190727296112,3.8815952186994593,7
19164,-111.8650739959865,-0.7606266310099042,151590,-109.71624596876933,-1.0040630408538558,16
19165,-131.26084975273503,6.063993253115198,151592,-132.1080396739421,5.887059356646324,17
19166,705.4805677754165,-35.01071207123735,151598,586.0312761189704,-1.722944617346204,30
19167,-7.70182324118262,1.0099572661596408,151603,-6.878718007946434,-1.0926682779646681,10
19168,-61.08704856252215,4.97575110120309,151605,-66.8889597803445,2.169628081691683,14
19169,-133.00351800006626,2.4438311745360064,151616,-134.89656831690453,-0.030690791204986433,34
19170,330.07005157927705,-13.658743592887019,151618,302.44973475302317,-5.405747081354008,25
19171,-123.9176589202157,0.21023866771339367,151624,-123.94204162798616,-1.5144507595891967,3
19172,-61.677502642884996,-1.4444658944797284,151629,-66.8889597803445,2.169628081691683,14
19173,-146.83832782326974,-1.9236973560860566,151635,-148.09620948762597,-1.1157003398540595,36
19174,484.71491666768065,-45.91003071935525,151640,417.6915390220547,-4.11857226961515,29
19175,-147.27339917116487,5.550960419883527,151653,-146.59606179012786,4.113086925586259,4
19176,-128.76184480076174,-2.2692010761161856,151671,-129.1025175244067,1.5488809909733745,1
19177,-118.33486772797525,7.896899088268553,151675,-114.33047638704419,5.73481138949136,19
19178,-44.11158605375333,6.822836431304181,151676,-49.93530245157272,-0.19848027172185767,2
19179,-101.36286810700985,8.793432776288679,151690,-104.7190727296112,3.8815952186994593,7
19180,-113.65973268512712,-2.7159186247343303,151706,-109.71624596876933,-1.0040630408538558,16
19181,164.3727994662113,-8.851356072000884,151712,172.66355239880147,-2.7112682595768685,38
19182,-139.99774912927066,1.170459035610144,151716,-141.0346653257256,-1.1036168920026446,0
19183,-27.745833344507304,-13.589107438326868,151719,-29.714479793685786,-1.264748112657314,8
19184,-133.9200907819766,-1.9556140477232162,151730,-134.89656831690453,-0.030690791204986433,34
19185,-73.14779486768006,-9.64760509333116,151755,-77.6204452281073,-4.536559244831727,5
19186,-127.77813947864784,-3.441729068127184,151756,-123.94204162798616,-1.5144507595891967,3
19187,114.14645639608246,-7.8227846038666184,151776,104.96211155305676,-0.5414592591613776,31
19188,-133.3322271486715,-8.676021919477607,151777,-130.75996572568545,-6.6137591708523855,18
19189,196.40533203015747,20.946384900074783,151799,172.66355239880147,-2.7112682595768685,38
19190,49.96190974420436,7.296704542952271,151807,47.997068783449585,1.2679199422360634,13
19191,-112.99269064084181,0.9973698443845159,151809,-109.71624596876933,-1.0040630408538558,16
19192,-76.99278007219068,2.6300095759285154,151810,-77.6204452281073,-4.536559244831727,5
19193,-64.8792434617893,1.3899945768265547,151819,-66.8889597803445,2.169628081691683,14
19194,-126.12425236612263,3.6756801816617415,151823,-123.80894152337959,5.566802721935252,23
19195,249.76409937726785,-11.890296200947983,151831,227.03647807555316,-5.020718083634986,26
19196,-150.05897810598023,0.8304593308527082,151835,-148.09620948762597,-1.1157003398540595,36
19197,-75.00447780014827,3.9623261143216775,151838,-66.8889597803445,2.169628081691683,14
19198,-51.0250204421297,5.323423025048114,151849,-49.93530245157272,-0.19848027172185767,2
19199,-130.16577012683894,4.006265129762271,151855,-129.1025175244067,1.5488809909733745,1
19200,176.04241465720864,-18.19722418335712,151860,172.66355239880147,-2.7112682595768685,38
19201,-78.13348113694686,-9.529831403690709,151867,-77.6204452281073,-4.536559244831727,5
19202,-113.0509588611478,2.790685553516547,151876,-114.33047638704419,5.73481138949136,19
19203,-88.00047708129503,1.073521169744052,151881,-85.91178621041317,3.2728237667350073,24
19204,21.37743549935192,-29.173090193717183,151885,28.39696760572947,-22.91072472808294,12
19205,-55.77847462079398,0.3611209591345421,151895,-49.93530245157272,-0.19848027172185767,2
19206,22.704822843623983,-4.289203691348368,151904,18.937510567705566,1.034768221250525,27
19207,-113.98710748056594,1.382283009810396,151908,-118.09857507912784,0.7103841694799473,11
19208,-99.37684498748905,9.130951438409438,151909,-96.6939343764425,2.7165835152131033,15
19209,-143.94221036737503,-1.1224110101889297,151914,-141.0346653257256,-1.1036168920026446,0
19210,355.69481701736396,-7.058830887561964,151939,302.44973475302317,-5.405747081354008,25
19211,-100.30210899800869,8.012035926086554,151942,-104.7190727296112,3.8815952186994593,7
19212,452.61111129720854,-2.5732836805821484,151945,417.6915390220547,-4.11857226961515,29
19213,-76.34831841713745,8.891540348508952,151950,-85.91178621041317,3.2728237667350073,24
19214,-108.72524872452297,-1.6921755228788293,151951,-109.71624596876933,-1.0040630408538558,16
19215,501.3209273538654,3.076788070571565,151954,417.6915390220547,-4.11857226961515,29
19216,-116.9413325561493,0.837712894850038,151962,-118.09857507912784,0.7103841694799473,11
19217,-63.845870078464245,1.69392672813094,151963,-66.8889597803445,2.169628081691683,14
19218,-98.38076728258304,9.241114577192917,151967,-96.6939343764425,2.7165835152131033,15
19219,-113.05234139365834,2.8237432241135223,151975,-114.33047638704419,5.73481138949136,19
19220,-135.88663269810988,-2.209548057998125,151976,-134.89656831690453,-0.030690791204986433,34
19221,-101.29167345557751,7.251954734925617,151984,-104.7190727296112,3.8815952186994593,7
19222,-141.0668440203224,3.176884062337694,151997,-142.14616351708418,5.245197398204194,22
19223,75.59564145133353,-58.40180329767432,152016,110.19899446847099,-35.665903512662624,21
19224,201.1578413176537,-33.49657930707198,152017,227.03647807555316,-5.020718083634986,26
19225,88.11908509736872,-7.652061539308406,152018,78.01149217232324,3.6022338347977136,6
19226,-146.16999252574763,3.8087319405541935,152021,-146.59606179012786,4.113086925586259,4
19227,-89.32658161481012,-6.534757952588454,152042,-95.36861679384212,-10.95784818293233,28
19228,-142.06770385292913,1.6492467732075053,152044,-141.0346653257256,-1.1036168920026446,0
19229,-33.11508921994901,-9.688961587166382,152055,-29.714479793685786,-1.264748112657314,8
19230,-142.08023311936256,1.9279184474598436,152056,-141.0346653257256,-1.1036168920026446,0
19231,-54.19477418847,6.9144589716198315,152069,-49.93530245157272,-0.19848027172185767,2
19232,132.44252586750935,-10.904875375914788,152074,135.4076551174278,-1.697351881935795,33
19233,-22.216719625749736,-21.507957008940856,152077,-29.714479793685786,-1.264748112657314,8
19234,659.8542322216757,15.454876083838752,152085,586.0312761189704,-1.722944617346204,30
19235,-4.081966694225781,-7.898039736330332,152095,-6.878718007946434,-1.0926682779646681,10
19236,13.656739790090079,-4.4264258667746645,152113,18.937510567705566,1.034768221250525,27
19237,1062.4938669838143,5.797165832254666,152158,861.6475783799328,6.515082937232454,35
19238,-128.21133757265153,5.026006414791075,152160,-129.1025175244067,1.5488809909733745,1
19239,-114.40679839585594,-7.759921426285233,152164,-115.69510858146283,-11.595084171039186,39
19240,-54.972109689308176,3.089891480567483,152165,-49.93530245157272,-0.19848027172185767,2
19241,-57.36916006867336,10.183473556489538,152168,-66.8889597803445,2.169628081691683,14
19242,-83.67587441927083,-1.8567100006663373,152181,-85.91178621041317,3.2728237667350073,24
19243,-134.3625239090623,7.729840191222055,152193,-132.1080396739421,5.887059356646324,17
19244,-123.82434689361534,-1.317886310403511,152204,-123.94204162798616,-1.5144507595891967,3
19245,1.7747368740780582,8.5368860403458,152206,-6.878718007946434,-1.0926682779646681,10
19246,-141.9004646611646,-1.4993294868869036,152215,-141.0346653257256,-1.1036168920026446,0
19247,-78.17730539479754,6.658412989794201,152219,-85.91178621041317,3.2728237667350073,24
19248,-46.15566113151706,6.7348763781946195,152232,-49.93530245157272,-0.19848027172185767,2
19249,-84.27035483721117,7.569654181514585,152242,-85.91178621041317,3.2728237667350073,24
19250,-106.42786493973583,9.630845225679394,152254,-104.7190727296112,3.8815952186994593,7
19251,-87.81218210115001,-14.693496603380712,152268,-95.36861679384212,-10.95784818293233,28
19252,-115.94524480892979,-0.08695826710409706,152282,-118.09857507912784,0.7103841694799473,11
19253,-149.2386338601449,4.7422391602475615,152286,-146.59606179012786,4.113086925586259,4
19254,-138.867021516899,-0.14207352390765957,152320,-141.0346653257256,-1.1036168920026446,0
19255,-45.996275819829194,4.779813962542943,152322,-49.93530245157272,-0.19848027172185767,2
19256,455.9686277861237,-21.986744353553526,152324,417.6915390220547,-4.11857226961515,29
19257,-119.68282806655667,-2.8102379397670343,152329,-118.09857507912784,0.7103841694799473,11
19258,-82.60191064070145,-2.9455238962272623,152331,-77.6204452281073,-4.536559244831727,5
19259,89.39143303366272,-11.55489868150007,152344,78.01149217232324,3.6022338347977136,6
19260,-38.142174798536864,7.07619945998296,152345,-29.714479793685786,-1.264748112657314,8
19261,-138.03429996075192,2.519987530245918,152384,-137.57400940459857,4.493303950559668,20
19262,65.73424887270579,-17.92422393150444,152389,70.166569844569,-14.692630117552799,9
19263,51.01053675171532,7.286705493820583,152391,47.997068783449585,1.2679199422360634,13
19264,-138.02771960756724,1.8619594766287795,152408,-137.57400940459857,4.493303950559668,20
19265,-97.82617017390557,0.6827176207876348,152414,-96.6939343764425,2.7165835152131033,15
19266,-111.84179290977892,-0.7337549174010448,152421,-109.71624596876933,-1.0040630408538558,16
19267,-121.00723779454322,1.6854559200163592,152428,-118.09857507912784,0.7103841694799473,11
19268,-92.26828151895911,7.396563205875162,152433,-96.6939343764425,2.7165835152131033,15
19269,-88.0527790119581,2.751409139270076,152441,-85.91178621041317,3.2728237667350073,24
19270,-101.9614170663566,2.050504052512214,152444,-104.7190727296112,3.8815952186994593,7
19271,467.176756219734,4.118940213850068,152445,417.6915390220547,-4.11857226961515,29
19272,-125.05240325441586,1.5973097345526241,152447,-123.94204162798616,-1.5144507595891967,3
19273,126.1672659331531,-7.566853161732924,152457,135.4076551174278,-1.697351881935795,33
19274,155.20684143652934,-6.915423139432862,152465,172.66355239880147,-2.7112682595768685,38
19275,-114.09808313118072,2.7823114478028947,152476,-114.33047638704419,5.73481138949136,19
19276,-19.9908213112625,5.086923172563293,152480,-29.714479793685786,-1.264748112657314,8
19277,-121.13979545839616,3.5926186261744486,152490,-123.80894152337959,5.566802721935252,23
19278,-48.83508425544366,1.2011232330891874,152499,-49.93530245157272,-0.19848027172185767,2
19279,-139.38712379053044,-9.10583076281979,152500,-141.0346653257256,-1.1036168920026446,0
19280,333.82165321225494,-9.68473945866452,152502,302.44973475302317,-5.405747081354008,25
19281,-35.737347524842164,1.3202717650431484,152506,-29.714479793685786,-1.264748112657314,8
19282,91.41031235213492,-11.927042473936204,152516,104.96211155305676,-0.5414592591613776,31
19283,-71.37290123134036,-6.2244961525370455,152526,-77.6204452281073,-4.536559244831727,5
19284,164.2287403186173,7.992044498351681,152530,172.66355239880147,-2.7112682595768685,38
19285,-111.12492900708108,2.9052664496992513,152537,-109.71624596876933,-1.0040630408538558,16
19286,7.567852084097809,-3.087169052337998,152540,18.937510567705566,1.034768221250525,27
19287,-11.248583667472944,9.367098121074601,152541,-6.878718007946434,-1.0926682779646681,10
19288,76.9845797167122,-6.437178869627973,152543,78.01149217232324,3.6022338347977136,6
19289,-90.22461816288161,-8.775407146596818,152547,-95.36861679384212,-10.95784818293233,28
19290,-84.06251005958771,3.0320249299841624,152563,-85.91178621041317,3.2728237667350073,24
19291,59.69734841747411,-2.4858770218280877,152565,47.997068783449585,1.2679199422360634,13
19292,-117.21043566247766,4.68558358487117,152571,-114.33047638704419,5.73481138949136,19
19293,-147.246071362066,4.935887524152333,152578,-146.59606179012786,4.113086925586259,4
19294,-51.12921466842277,6.0589234763655515,152580,-49.93530245157272,-0.19848027172185767,2
19295,81.78183678887056,12.298826620269221,152592,78.01149217232324,3.6022338347977136,6
19296,217.49420671887898,-23.307784527265802,152597,227.03647807555316,-5.020718083634986,26
19297,-95.98294908073757,-12.62858169222609,152599,-95.36861679384212,-10.95784818293233,28
19298,-123.73199860020516,-1.8162589224021837,152627,-123.94204162798616,-1.5144507595891967,3
19299,-148.04829903777875,0.599474083697563,152628,-148.09620948762597,-1.1157003398540595,36
19300,-132.80008159556198,-0.45963893715491577,152629,-134.89656831690453,-0.030690791204986433,34
19301,-114.33039256861694,7.334965895587893,152635,-114.33047638704419,5.73481138949136,19
19302,-121.94989911002722,0.9428848288996043,152640,-123.94204162798616,-1.5144507595891967,3
19303,112.33632270122385,-24.69139237662774,152648,110.19899446847099,-35.665903512662624,21
19304,-70.4449737451572,-34.08917511473328,152667,-77.6204452281073,-4.536559244831727,5
19305,-30.752306931130125,-28.218916373033323,152693,-29.714479793685786,-1.264748112657314,8
19306,21.3061267507598,1.3306870521452716,152697,18.937510567705566,1.034768221250525,27
19307,-82.67646722705115,-2.8487492013325157,152704,-77.6204452281073,-4.536559244831727,5
19308,-112.18322165011455,5.1928700309313545,152708,-114.33047638704419,5.73481138949136,19
19309,244.98620099710294,-0.5583954900905276,152712,227.03647807555316,-5.020718083634986,26
19310,-31.00310220324472,5.179811394645363,152713,-29.714479793685786,-1.264748112657314,8
19311,-85.34826572010444,8.738816892328641,152717,-85.91178621041317,3.2728237667350073,24
19312,-147.08825762458042,2.5348549605615536,152718,-146.59606179012786,4.113086925586259,4
19313,-113.26991447464798,6.578311356701856,152721,-114.33047638704419,5.73481138949136,19
19314,-107.06326505759336,2.639391442103529,152730,-104.7190727296112,3.8815952186994593,7
19315,-146.07742432544444,2.8256899494413066,152737,-146.59606179012786,4.113086925586259,4
19316,-126.84996918668523,-0.30208203267517836,152740,-129.1025175244067,1.5488809909733745,1
19317,-83.39118353133311,-6.036595544245398,152746,-77.6204452281073,-4.536559244831727,5
19318,-120.2035893298952,-10.258827465751674,152754,-115.69510858146283,-11.595084171039186,39
19319,-112.6818300335946,-3.754938300104405,152766,-109.71624596876933,-1.0040630408538558,16
19320,-110.9274722704068,0.11958034918031803,152773,-109.71624596876933,-1.0040630408538558,16
19321,-13.675177139625683,0.34163556880171736,152774,-6.878718007946434,-1.0926682779646681,10
19322,-65.94645971287115,-11.899059238627146,152777,-77.6204452281073,-4.536559244831727,5
19323,-61.426099812654876,-4.891540388894713,152786,-66.8889597803445,2.169628081691683,14
19324,694.787735121024,17.499100359174957,152788,586.0312761189704,-1.722944617346204,30
19325,-107.08145520895397,2.524616731706187,152795,-104.7190727296112,3.8815952186994593,7
19326,200.5826405204393,3.936635039425256,152801,227.03647807555316,-5.020718083634986,26
19327,-129.01342966620297,1.1956845502697633,152805,-129.1025175244067,1.5488809909733745,1
19328,-113.31862603569579,7.126053136073767,152809,-114.33047638704419,5.73481138949136,19
19329,-141.9461696016128,0.014687944565505456,152811,-141.0346653257256,-1.1036168920026446,0
19330,-105.49330349400483,-6.210499304411739,152828,-109.71624596876933,-1.0040630408538558,16
19331,-140.15282700764743,3.0335535376355796,152832,-137.57400940459857,4.493303950559668,20
19332,-41.091276198091386,5.388527668851584,152836,-49.93530245157272,-0.19848027172185767,2
19333,-136.03293726385235,0.4675417589847278,152851,-134.89656831690453,-0.030690791204986433,34
19334,-114.08006193911358,3.938904197174981,152858,-114.33047638704419,5.73481138949136,19
19335,108.70440193814635,-0.7944966054146201,152859,104.96211155305676,-0.5414592591613776,31
19336,-135.06575205851098,1.2027829982635754,152867,-134.89656831690453,-0.030690791204986433,34
19337,-18.123237647592727,7.009163485469415,152876,-6.878718007946434,-1.0926682779646681,10
19338,953.888818737228,-17.864848772792527,152877,861.6475783799328,6.515082937232454,35
19339,-146.02810082194705,0.2009200413078679,152879,-148.09620948762597,-1.1157003398540595,36
19340,-48.36864507420086,-4.91050147520277,152899,-49.93530245157272,-0.19848027172185767,2
19341,-141.87975469390796,-1.9568087184283052,152906,-141.0346653257256,-1.1036168920026446,0
19342,-144.0758347480775,1.29389668155357,152907,-146.59606179012786,4.113086925586259,4
19343,-68.83573290877555,1.3816681429629651,152920,-66.8889597803445,2.169628081691683,14
19344,-24.23553100251226,-6.3861687012498365,152937,-29.714479793685786,-1.264748112657314,8
19345,-105.93193944540492,0.817324167123983,152940,-104.7190727296112,3.8815952186994593,7
19346,-89.2652144533503,7.384316813027388,152942,-85.91178621041317,3.2728237667350073,24
19347,-141.12475893581706,2.915537115114436,152943,-142.14616351708418,5.245197398204194,22
19348,156.20547192809389,-6.864154809923944,152963,172.66355239880147,-2.7112682595768685,38
19349,-22.490932542862044,-2.3121726720441367,152972,-29.714479793685786,-1.264748112657314,8
19350,15.939612600996718,-8.023358433105354,152975,18.937510567705566,1.034768221250525,27
19351,164.08473485495227,-34.050664693862046,152996,172.66355239880147,-2.7112682595768685,38
19352,-128.93993219433625,0.6111564481278006,153004,-129.1025175244067,1.5488809909733745,1
19353,-83.74383561134776,-0.8688138239763005,153005,-85.91178621041317,3.2728237667350073,24
19354,-77.05388028551371,4.496390713571306,153006,-85.91178621041317,3.2728237667350073,24
19355,-72.50022824761454,-3.975736912306815,153009,-77.6204452281073,-4.536559244831727,5
19356,584.8006247716838,-0.9006686226894969,153029,586.0312761189704,-1.722944617346204,30
19357,-30.01145154100993,4.854311169099486,153043,-29.714479793685786,-1.264748112657314,8
19358,-121.23601762790341,5.69408933603748,153063,-123.80894152337959,5.566802721935252,23
19359,450.0736150929388,5.080815739346363,153069,417.6915390220547,-4.11857226961515,29
19360,-121.39366706746739,8.614223893124757,153072,-123.80894152337959,5.566802721935252,23
19361,88.9874828191283,-20.52638755103155,153078,70.166569844569,-14.692630117552799,9
19362,-66.3610949326107,-20.620016260720543,153084,-77.6204452281073,-4.536559244831727,5
19363,-97.11427192072978,4.966027221372412,153086,-96.6939343764425,2.7165835152131033,15
19364,-130.10008799468415,4.092764052309444,153087,-132.1080396739421,5.887059356646324,17
19365,-102.99126133073489,0.6231955311708728,153088,-104.7190727296112,3.8815952186994593,7
19366,-150.1551557111458,2.9245264702618807,153091,-152.23629829764135,4.213482038439798,37
19367,-107.83849564509258,-0.7569180211541624,153111,-109.71624596876933,-1.0040630408538558,16
19368,-75.18723755796161,6.417993710871171,153130,-66.8889597803445,2.169628081691683,14
19369,-136.11978272825473,3.3948080858175382,153132,-137.57400940459857,4.493303950559668,20
19370,-144.92156127287745,-2.1248367971757096,153135,-148.09620948762597,-1.1157003398540595,36
19371,-81.08408600655737,4.573784766783281,153137,-85.91178621041317,3.2728237667350073,24
19372,-84.39282841877973,9.22073151841595,153142,-85.91178621041317,3.2728237667350073,24
19373,27.19533835607236,4.368591976503144,153148,18.937510567705566,1.034768221250525,27
19374,32.061296861132455,5.852770574090944,153151,18.937510567705566,1.034768221250525,27
19375,-43.371410839489165,9.976435134496594,153157,-49.93530245157272,-0.19848027172185767,2
19376,-121.96440571412472,1.2638079111424005,153168,-123.94204162798616,-1.5144507595891967,3
19377,-142.96352581754275,0.8665777157847707,153175,-141.0346653257256,-1.1036168920026446,0
19378,-129.96772551038273,0.1737145120131762,153188,-129.1025175244067,1.5488809909733745,1
19379,-88.91338522218854,0.6995108103356502,153189,-85.91178621041317,3.2728237667350073,24
19380,-92.24784600031329,6.952180110082926,153190,-96.6939343764425,2.7165835152131033,15
19381,479.9263743399244,7.771839657693055,153201,417.6915390220547,-4.11857226961515,29
19382,102.1992687272551,-8.158031803958634,153202,104.96211155305676,-0.5414592591613776,31
19383,1251.8403997540138,35.97618885084284,153204,1342.5649032771717,32.04824045393157,32
19384,-153.05924319053543,0.7466380744880502,153208,-152.23629829764135,4.213482038439798,37
19385,61.293130334644715,3.3232570389428018,153214,47.997068783449585,1.2679199422360634,13
19386,-115.20237704879135,5.559528315985439,153227,-114.33047638704419,5.73481138949136,19
19387,-125.85978434622149,-2.6437711416406575,153228,-123.94204162798616,-1.5144507595891967,3
19388,-109.03214874222651,1.9363163205678013,153229,-109.71624596876933,-1.0040630408538558,16
19389,-124.19111158548881,4.644503366563077,153238,-123.80894152337959,5.566802721935252,23
19390,-105.85100179866532,0.07675176879888113,153242,-104.7190727296112,3.8815952186994593,7
19391,-59.276281292844985,8.63932943007908,153263,-66.8889597803445,2.169628081691683,14
19392,-54.16317345033522,-8.99340259156134,153266,-49.93530245157272,-0.19848027172185767,2
19393,-101.79559922875646,-0.5496415477789093,153272,-104.7190727296112,3.8815952186994593,7
19394,-42.51248326612821,-3.694453696442005,153281,-49.93530245157272,-0.19848027172185767,2
19395,-49.977446911436424,4.2963948308338855,153288,-49.93530245157272,-0.19848027172185767,2
19396,-48.8537674287665,1.6161878466022528,153289,-49.93530245157272,-0.19848027172185767,2
19397,-135.2940034971193,6.709950651835461,153293,-137.57400940459857,4.493303950559668,20
19398,-87.679077965586,-2.8799700496455016,153296,-85.91178621041317,3.2728237667350073,24
19399,-102.99876161048023,2.3131244790124335,153310,-104.7190727296112,3.8815952186994593,7
19400,-106.17647258640137,5.648044602930476,153315,-104.7190727296112,3.8815952186994593,7
19401,237.8612404026423,1.0219868478325427,153321,227.03647807555316,-5.020718083634986,26
19402,-35.78181740320472,1.2792294969088973,153346,-29.714479793685786,-1.264748112657314,8
19403,616.1576285248369,9.618635796410498,153354,586.0312761189704,-1.722944617346204,30
19404,-77.70945045221248,-15.750253584294212,153368,-77.6204452281073,-4.536559244831727,5
19405,-88.23695485709337,6.270988895145046,153371,-85.91178621041317,3.2728237667350073,24
19406,-135.35971636310256,7.641658366034005,153375,-132.1080396739421,5.887059356646324,17
19407,-130.1001995874055,2.5600358827948417,153388,-129.1025175244067,1.5488809909733745,1
19408,110.81602676003655,-17.41882958506383,153398,104.96211155305676,-0.5414592591613776,31
19409,287.3987929263636,-20.03847746666753,153405,302.44973475302317,-5.405747081354008,25
19410,-125.90378867078607,-0.11080963738663445,153412,-123.94204162798616,-1.5144507595891967,3
19411,61.35402983601667,2.499599484563549,153416,47.997068783449585,1.2679199422360634,13
19412,-109.085884724403,2.6172447174060145,153419,-109.71624596876933,-1.0040630408538558,16
19413,-64.17847254556823,6.922186909706456,153422,-66.8889597803445,2.169628081691683,14
19414,-36.49520670239113,-18.198570699342557,153434,-29.714479793685786,-1.264748112657314,8
19415,761.0213858862054,16.5751123949531,153438,861.6475783799328,6.515082937232454,35
19416,-88.69303116206693,-1.0556682392950947,153448,-85.91178621041317,3.2728237667350073,24
19417,-99.11344663501384,2.854019075381149,153462,-96.6939343764425,2.7165835152131033,15
19418,-141.2785709286042,6.258605840624494,153464,-142.14616351708418,5.245197398204194,22
19419,-135.36053943299578,7.663719325964157,153468,-132.1080396739421,5.887059356646324,17
19420,-9.215762164279045,9.169842084457848,153510,-6.878718007946434,-1.0926682779646681,10
19421,-99.15792037067426,4.870751966237732,153512,-96.6939343764425,2.7165835152131033,15
19422,-60.70042230279351,-0.4183122209126369,153522,-66.8889597803445,2.169628081691683,14
19423,-131.96549654794902,-0.9533854987829592,153528,-134.89656831690453,-0.030690791204986433,34
19424,115.612720239733,0.3132344214645593,153539,104.96211155305676,-0.5414592591613776,31
19425,-112.36011991735745,8.03530888647205,153545,-114.33047638704419,5.73481138949136,19
19426,-45.221596508123476,-7.569522896659679,153554,-49.93530245157272,-0.19848027172185767,2
19427,-131.81704822398632,-2.1297443067230852,153555,-134.89656831690453,-0.030690791204986433,34
19428,-17.06441470966892,5.731303302356757,153559,-6.878718007946434,-1.0926682779646681,10
19429,-113.20912062919271,4.722098212702796,153563,-114.33047638704419,5.73481138949136,19
19430,-86.12997838734366,4.4694298045675565,153566,-85.91178621041317,3.2728237667350073,24
19431,484.5590958564244,-15.099835895974426,153576,417.6915390220547,-4.11857226961515,29
19432,-90.3988293840512,9.773750650884072,153582,-85.91178621041317,3.2728237667350073,24
19433,-97.92055611806157,-14.542140223843615,153629,-95.36861679384212,-10.95784818293233,28
19434,-58.947943658204565,2.482074197863834,153630,-66.8889597803445,2.169628081691683,14
19435,108.82159271254268,10.863882408918156,153631,104.96211155305676,-0.5414592591613776,31
19436,-100.18067070318861,5.349276175411507,153638,-96.6939343764425,2.7165835152131033,15
19437,733.6604986872919,-22.208804831935186,153641,861.6475783799328,6.515082937232454,35
19438,-145.0698279515223,2.1798301577744996,153647,-146.59606179012786,4.113086925586259,4
19439,-62.178750878717544,6.468306520335735,153678,-66.8889597803445,2.169628081691683,14
19440,75.3169340117355,-25.91153967108722,153680,70.166569844569,-14.692630117552799,9
19441,63.59430082621117,-1.1897406289057333,153682,70.166569844569,-14.692630117552799,9
19442,-1.6513540360613732,0.02568923243779491,153685,-6.878718007946434,-1.0926682779646681,10
19443,201.68388176775017,2.2534117640133826,153690,227.03647807555316,-5.020718083634986,26
19444,-124.16975163408814,4.689360890376364,153691,-123.80894152337959,5.566802721935252,23
19445,-20.76720515111094,1.7216169506781003,153694,-29.714479793685786,-1.264748112657314,8
19446,-127.95523479962131,-1.1013077867730305,153708,-129.1025175244067,1.5488809909733745,1
19447,-125.25927257338853,6.143597340617939,153710,-123.80894152337959,5.566802721935252,23
19448,-121.14469793091605,4.198110174970109,153718,-123.80894152337959,5.566802721935252,23
19449,67.71579448923502,-2.7367571833242605,153721,78.01149217232324,3.6022338347977136,6
19450,-100.21872619993806,6.17110140662307,153725,-96.6939343764425,2.7165835152131033,15
19451,-56.86539232848182,0.7050243209461768,153731,-49.93530245157272,-0.19848027172185767,2
19452,-135.0795182042817,3.0494183883068695,153742,-137.57400940459857,4.493303950559668,20
19453,-10.42915004376111,11.780187469479051,153751,-6.878718007946434,-1.0926682779646681,10
19454,-130.9498985833016,-1.2516461315858491,153759,-129.1025175244067,1.5488809909733745,1
19455,-71.0271673015517,4.004405853801417,153760,-66.8889597803445,2.169628081691683,14
19456,34.44324222916374,-0.4073430360718425,153763,47.997068783449585,1.2679199422360634,13
19457,-117.25583710787166,5.681431461786533,153767,-114.33047638704419,5.73481138949136,19
19458,-154.13725212826452,2.434577118097456,153771,-152.23629829764135,4.213482038439798,37
19459,-37.521114183619005,-1.9002616100282783,153791,-29.714479793685786,-1.264748112657314,8
19460,-32.68776311320375,-14.433288635057485,153796,-29.714479793685786,-1.264748112657314,8
19461,199.5291914760259,4.572676313013566,153806,172.66355239880147,-2.7112682595768685,38
19462,199.37486238551105,-36.739054838446016,153810,227.03647807555316,-5.020718083634986,26
19463,-122.9872309483779,1.221842693368453,153819,-123.94204162798616,-1.5144507595891967,3
19464,-151.02340506983865,1.5345089297709447,153820,-152.23629829764135,4.213482038439798,37
19465,-96.80914055553934,0.3366146952012359,153829,-96.6939343764425,2.7165835152131033,15
19466,-97.90851507254078,1.4707215447655746,153833,-96.6939343764425,2.7165835152131033,15
19467,-68.05842854801367,4.7309254911759115,153835,-66.8889597803445,2.169628081691683,14
19468,-104.08127025793837,3.1093850642831504,153839,-104.7190727296112,3.8815952186994593,7
19469,-82.29717816582748,-7.046166822376035,153840,-77.6204452281073,-4.536559244831727,5
19470,-61.077717213747555,5.7876133260347,153845,-66.8889597803445,2.169628081691683,14
19471,-132.20661225107034,4.842237024685735,153849,-132.1080396739421,5.887059356646324,17
19472,149.2331874021721,-7.592928750697577,153850,135.4076551174278,-1.697351881935795,33
19473,340.1313685177814,0.4247776548648785,153852,302.44973475302317,-5.405747081354008,25
19474,-28.85234404595128,3.453254482282954,153869,-29.714479793685786,-1.264748112657314,8
19475,-115.97573481073306,0.598710994862411,153876,-118.09857507912784,0.7103841694799473,11
19476,-46.76187594177858,0.6542305410494025,153898,-49.93530245157272,-0.19848027172185767,2
19477,227.0098941156628,13.329183924296814,153902,227.03647807555316,-5.020718083634986,26
19478,-114.02570564273014,-12.512336324827523,153906,-115.69510858146283,-11.595084171039186,39
19479,-112.18943464935752,4.317699493053763,153927,-114.33047638704419,5.73481138949136,19
19480,-139.9303179096197,-1.8311972421696892,153936,-141.0346653257256,-1.1036168920026446,0
19481,97.83546215262943,-3.3358193862947716,153947,104.96211155305676,-0.5414592591613776,31
19482,-38.77148242131745,-13.719089922355368,153949,-29.714479793685786,-1.264748112657314,8
19483,-59.73910929669071,-0.5640787655543522,153971,-66.8889597803445,2.169628081691683,14
19484,-63.91300597399237,1.62503394266881,153972,-66.8889597803445,2.169628081691683,14
19485,-126.998836823874,1.4054524883829425,153975,-129.1025175244067,1.5488809909733745,1
19486,-147.04764219359961,2.143778688398209,153983,-146.59606179012786,4.113086925586259,4
19487,861.339997130237,1.1646102429675902,153987,861.6475783799328,6.515082937232454,35
19488,-133.13964467940622,2.8755426922143026,153988,-132.1080396739421,5.887059356646324,17
19489,-141.12351961424858,2.350299631005771,153993,-142.14616351708418,5.245197398204194,22
19490,-3.8493478021146488,3.2839137634463773,153995,-6.878718007946434,-1.0926682779646681,10
19491,13.72422723287124,10.370655371418405,154000,18.937510567705566,1.034768221250525,27
19492,-145.17075785466122,3.342996127048346,154002,-146.59606179012786,4.113086925586259,4
19493,-141.9091433173311,0.22718709599164433,154006,-141.0346653257256,-1.1036168920026446,0
19494,-120.82488330434937,-2.295055283827548,154009,-123.94204162798616,-1.5144507595891967,3
19495,147.0108064999055,-4.3034686812774074,154012,135.4076551174278,-1.697351881935795,33
19496,-109.9067546053584,0.713076198477652,154017,-109.71624596876933,-1.0040630408538558,16
19497,-59.09691723585607,5.735919738264728,154024,-66.8889597803445,2.169628081691683,14
19498,-126.92980049384198,-0.09658028960383072,154031,-129.1025175244067,1.5488809909733745,1
19499,64.68514342825766,-2.1285769382419697,154047,70.166569844569,-14.692630117552799,9
19500,139.28556270475556,6.332529106067381,154052,135.4076551174278,-1.697351881935795,33
19501,-105.04497982821997,2.290401418238939,154055,-104.7190727296112,3.8815952186994593,7
19502,-134.21814121020142,4.553826229332086,154064,-132.1080396739421,5.887059356646324,17
19503,128.20274699293745,-8.304337726253252,154077,135.4076551174278,-1.697351881935795,33
19504,-132.94463542320162,-0.8940773598445362,154078,-134.89656831690453,-0.030690791204986433,34
19505,-19.08159613109558,-9.172417698453467,154084,-29.714479793685786,-1.264748112657314,8
19506,-101.80766444874395,-0.2989739777490181,154102,-104.7190727296112,3.8815952186994593,7
19507,-114.18974863532164,4.262675844186626,154119,-114.33047638704419,5.73481138949136,19
19508,-0.12585482342134177,7.3626832995712626,154122,-6.878718007946434,-1.0926682779646681,10
19509,-143.9697953819817,0.5035897063608672,154129,-141.0346653257256,-1.1036168920026446,0
19510,-152.29505214572504,5.938208168331372,154130,-152.23629829764135,4.213482038439798,37
19511,-86.99356016011306,2.494972614602377,154135,-85.91178621041317,3.2728237667350073,24
19512,-104.98905500451623,0.5360049922079713,154140,-104.7190727296112,3.8815952186994593,7
19513,170.1242234008432,9.874832326964189,154141,172.66355239880147,-2.7112682595768685,38
19514,-111.94041560948041,0.9145033624890482,154145,-109.71624596876933,-1.0040630408538558,16
19515,-99.79203101193997,-1.6359604766938252,154150,-96.6939343764425,2.7165835152131033,15
19516,45.4216088607609,1.2553022833553769,154151,47.997068783449585,1.2679199422360634,13
19517,-102.98069060664679,2.4470737744931728,154159,-104.7190727296112,3.8815952186994593,7
19518,1011.7704035327795,-14.307962474559252,154162,861.6475783799328,6.515082937232454,35
19519,-88.98217988042903,1.1702628253384757,154164,-85.91178621041317,3.2728237667350073,24
19520,-44.383676506383836,-4.50345813591153,154179,-49.93530245157272,-0.19848027172185767,2
19521,151.99992208650013,-4.487461715733159,154186,135.4076551174278,-1.697351881935795,33
19522,-38.11515976824766,6.490670694405421,154200,-29.714479793685786,-1.264748112657314,8
19523,-76.93449361108392,0.8550038937545529,154227,-77.6204452281073,-4.536559244831727,5
19524,-65.13336649024248,4.381567424342797,154250,-66.8889597803445,2.169628081691683,14
19525,-76.35824691036149,9.127019290511766,154251,-85.91178621041317,3.2728237667350073,24
19526,-140.01051446684377,0.4326990414500461,154264,-141.0346653257256,-1.1036168920026446,0
19527,-121.1102361422573,2.4412265849465284,154268,-118.09857507912784,0.7103841694799473,11
19528,-138.04443718097554,1.7272584013268857,154280,-137.57400940459857,4.493303950559668,20
19529,69.09598059502108,-7.987266673221751,154283,70.166569844569,-14.692630117552799,9
19530,223.6079601309909,-10.447745464048323,154289,227.03647807555316,-5.020718083634986,26
19531,-58.823180869263425,0.2650280304576914,154295,-66.8889597803445,2.169628081691683,14
19532,-65.78430370199003,-0.7159175106862273,154311,-66.8889597803445,2.169628081691683,14
19533,79.26216273851828,3.797903345846349,154318,78.01149217232324,3.6022338347977136,6
19534,833.0031069056488,5.002897428819274,154325,861.6475783799328,6.515082937232454,35
19535,19.513652825521046,-16.43261020229342,154327,28.39696760572947,-22.91072472808294,12
19536,-109.90833923584007,-0.2778684729864307,154341,-109.71624596876933,-1.0040630408538558,16
19537,-126.97810125427932,-0.04598904858165871,154344,-129.1025175244067,1.5488809909733745,1
19538,-134.65643213067656,-4.1639687156162,154353,-134.89656831690453,-0.030690791204986433,34
19539,-133.21665265439265,5.572816540527397,154354,-132.1080396739421,5.887059356646324,17
19540,-119.20520057142274,4.557356956383352,154376,-118.09857507912784,0.7103841694799473,11
19541,418.92010561104104,6.369800880079517,154382,417.6915390220547,-4.11857226961515,29
19542,-42.05340624606016,-24.383981207131477,154388,-49.93530245157272,-0.19848027172185767,2
19543,-76.00757580537012,3.4914498036626296,154401,-77.6204452281073,-4.536559244831727,5
19544,-78.19383101116598,7.034440451316392,154402,-85.91178621041317,3.2728237667350073,24
19545,622.4187323398196,6.0463791000722065,154406,586.0312761189704,-1.722944617346204,30
19546,-117.02165355595356,2.5964842907670964,154425,-118.09857507912784,0.7103841694799473,11
19547,515.4780966639646,-12.803219159405481,154429,586.0312761189704,-1.722944617346204,30
19548,-119.77087260650906,-0.8859674633792893,154432,-118.09857507912784,0.7103841694799473,11
19549,-92.83664985677918,-14.225300739321346,154434,-95.36861679384212,-10.95784818293233,28
19550,-140.15002563160485,3.987499810137248,154445,-142.14616351708418,5.245197398204194,22
19551,5.24887579650867,2.324985023935941,154446,-6.878718007946434,-1.0926682779646681,10
19552,138.86790733497435,12.923663044189283,154448,135.4076551174278,-1.697351881935795,33
19553,-105.88460921954272,-0.21330755225952283,154449,-109.71624596876933,-1.0040630408538558,16
19554,301.04797096941644,-14.174101931780438,154466,302.44973475302317,-5.405747081354008,25
19555,331.8831883718224,3.653362968444918,154467,302.44973475302317,-5.405747081354008,25
19556,171.07049841928102,-4.187548225215159,154468,172.66355239880147,-2.7112682595768685,38
19557,-107.71718300789912,-1.867839207402385,154474,-109.71624596876933,-1.0040630408538558,16
19558,336.3245247657132,-2.331636930620542,154475,302.44973475302317,-5.405747081354008,25
19559,408.39659195128945,-15.375552337822612,154482,417.6915390220547,-4.11857226961515,29
19560,-126.30424717413781,6.589217738610057,154486,-123.80894152337959,5.566802721935252,23
19561,-82.54592162464625,-4.678101673650124,154491,-77.6204452281073,-4.536559244831727,5
19562,-59.91259065659919,2.70780412837923,154492,-66.8889597803445,2.169628081691683,14
19563,115.38297075846694,-10.933671709525065,154497,104.96211155305676,-0.5414592591613776,31
19564,100.74276769054279,-1.7563689764533765,154501,104.96211155305676,-0.5414592591613776,31
19565,13.904347152068969,-7.790680227202227,154502,18.937510567705566,1.034768221250525,27
19566,167.41311873485742,5.033850797482262,154506,172.66355239880147,-2.7112682595768685,38
19567,-97.09980906976263,4.661493111312762,154542,-96.6939343764425,2.7165835152131033,15
19568,-24.363032073074095,-5.136884118856246,154547,-29.714479793685786,-1.264748112657314,8
19569,-76.180298177598,5.760214006240898,154548,-66.8889597803445,2.169628081691683,14
19570,237.50629454482447,6.2361013598498,154550,227.03647807555316,-5.020718083634986,26
19571,-131.97891084779846,1.921900563180163,154555,-129.1025175244067,1.5488809909733745,1
19572,332.3320611520643,-59.93501548952921,154556,302.44973475302317,-5.405747081354008,25
19573,-52.75906109359291,0.9963563772373942,154558,-49.93530245157272,-0.19848027172185767,2
19574,179.07537749469753,10.576677598118989,154563,172.66355239880147,-2.7112682595768685,38
19575,113.50682567977834,-12.64704683318215,154574,104.96211155305676,-0.5414592591613776,31
19576,-90.38192794787741,-7.385856304642739,154575,-95.36861679384212,-10.95784818293233,28
19577,-92.42947039251224,-5.873492767513213,154576,-95.36861679384212,-10.95784818293233,28
19578,8.787213757580092,-20.548851890733083,154578,28.39696760572947,-22.91072472808294,12
19579,-127.89395999036815,-14.601933525068322,154589,-130.75996572568545,-6.6137591708523855,18
19580,-121.1426664401039,4.681157339012368,154590,-123.80894152337959,5.566802721935252,23
19581,11.289004143037593,-13.193948229515325,154593,18.937510567705566,1.034768221250525,27
19582,-107.4069105632685,9.14707400774599,154596,-104.7190727296112,3.8815952186994593,7
19583,-8.811216481098366,2.8692439836237207,154598,-6.878718007946434,-1.0926682779646681,10
19584,-61.6023360284529,-2.58922222313098,154600,-66.8889597803445,2.169628081691683,14
19585,-75.18909997574218,6.462532897875606,154603,-66.8889597803445,2.169628081691683,14
19586,-81.23223255754075,6.2800239939944795,154609,-85.91178621041317,3.2728237667350073,24
19587,-58.00238814993206,-11.038034067145523,154611,-49.93530245157272,-0.19848027172185767,2
19588,210.9589956601232,13.16437344507509,154615,227.03647807555316,-5.020718083634986,26
19589,-61.28258671087954,7.7368945527237,154628,-66.8889597803445,2.169628081691683,14
19590,33.982910205446025,7.090350538646303,154629,47.997068783449585,1.2679199422360634,13
19591,-121.7115711052268,-2.7516780970956565,154638,-123.94204162798616,-1.5144507595891967,3
19592,-102.39486803700169,8.978724999355398,154665,-104.7190727296112,3.8815952186994593,7
19593,-48.88252784664601,2.2477914157550134,154677,-49.93530245157272,-0.19848027172185767,2
19594,-78.88198746504243,0.17224212860754518,154680,-77.6204452281073,-4.536559244831727,5
19595,-128.96098519360257,1.5877495604506537,154689,-129.1025175244067,1.5488809909733745,1
19596,-142.0019854204083,1.732814422494883,154698,-141.0346653257256,-1.1036168920026446,0
19597,-8.6365975667902,-14.625847507205254,154704,-6.878718007946434,-1.0926682779646681,10
19598,-111.79933339894288,-1.6809008568342205,154712,-109.71624596876933,-1.0040630408538558,16
19599,-2.5853593446068346,-1.4379529807053797,154717,-6.878718007946434,-1.0926682779646681,10
19600,-54.46677152454154,-4.395180103863488,154731,-49.93530245157272,-0.19848027172185767,2
19601,-24.658799815539975,0.295599725389811,154738,-29.714479793685786,-1.264748112657314,8
19602,-134.2253526711975,4.752197421907675,154739,-132.1080396739421,5.887059356646324,17
19603,219.69546829650383,-11.918495832615164,154746,227.03647807555316,-5.020718083634986,26
19604,-31.08160552139235,6.3818412855706015,154751,-29.714479793685786,-1.264748112657314,8
19605,-81.14597228450178,4.893798644919071,154764,-85.91178621041317,3.2728237667350073,24
19606,-68.03339582518709,4.691800727278882,154765,-66.8889597803445,2.169628081691683,14
19607,-26.9156736102114,2.3145079867030662,154776,-29.714479793685786,-1.264748112657314,8
19608,-0.8123124043424842,3.0396960693402337,154777,-6.878718007946434,-1.0926682779646681,10
19609,-81.18860509243152,6.35008725974482,154788,-85.91178621041317,3.2728237667350073,24
19610,267.9087448149452,1.0027103344603674,154790,302.44973475302317,-5.405747081354008,25
19611,-40.062909758714255,4.2501927731445,154795,-49.93530245157272,-0.19848027172185767,2
19612,173.2214830821159,8.303518270293988,154802,172.66355239880147,-2.7112682595768685,38
19613,-86.95729823567768,2.217728678500454,154803,-85.91178621041317,3.2728237667350073,24
19614,-40.42048605434838,-4.657088437174586,154822,-49.93530245157272,-0.19848027172185767,2
19615,482.6086243787026,-1.4844561711420987,154827,417.6915390220547,-4.11857226961515,29
19616,316.3346390722718,-17.612958788126765,154839,302.44973475302317,-5.405747081354008,25
19617,-139.81394532528816,-0.8084513397808387,154844,-141.0346653257256,-1.1036168920026446,0
19618,-119.78873106260946,-3.056996060365611,154850,-118.09857507912784,0.7103841694799473,11
19619,-122.31437671224197,6.873922908001033,154871,-123.80894152337959,5.566802721935252,23
19620,422.9053274261159,-22.177885253992084,154880,417.6915390220547,-4.11857226961515,29
19621,-78.8961782980677,1.0014151216461862,154912,-77.6204452281073,-4.536559244831727,5
19622,-121.1451738802854,3.6945863752186137,154930,-123.80894152337959,5.566802721935252,23
19623,-148.14210692628833,2.667549656706301,154937,-146.59606179012786,4.113086925586259,4
19624,427.7104590237873,9.576546606885453,154942,417.6915390220547,-4.11857226961515,29
19625,70.61881973015892,-1.0901650926909414,154943,78.01149217232324,3.6022338347977136,6
19626,-121.85022698020562,-2.2615678571183198,154968,-123.94204162798616,-1.5144507595891967,3
19627,-93.36025994713812,-7.386342411746802,154981,-95.36861679384212,-10.95784818293233,28
19628,-15.829802744290124,2.1543912094387703,154989,-6.878718007946434,-1.0926682779646681,10
19629,192.69484493070624,1.8546821224223775,154993,172.66355239880147,-2.7112682595768685,38
19630,-92.97281317722808,2.439278704405954,154996,-96.6939343764425,2.7165835152131033,15
19631,930.7753196751523,25.861416767193667,155017,861.6475783799328,6.515082937232454,35
19632,-115.89414691014562,-0.16955227511283602,155018,-118.09857507912784,0.7103841694799473,11
19633,440.6048012066572,-31.56054189221357,155022,417.6915390220547,-4.11857226961515,29
19634,-33.03454137782041,4.298425886712138,155023,-29.714479793685786,-1.264748112657314,8
19635,-112.32403858229941,7.748560741382475,155024,-114.33047638704419,5.73481138949136,19
19636,173.06107864512975,10.27057976256821,155029,172.66355239880147,-2.7112682595768685,38
19637,-58.81562283764196,0.09796253900704663,155040,-66.8889597803445,2.169628081691683,14
19638,-144.12045892007498,2.2618208544445486,155044,-146.59606179012786,4.113086925586259,4
19639,-131.85793978153657,-2.263030205186217,155090,-134.89656831690453,-0.030690791204986433,34
19640,253.7095131492616,-10.629504101871094,155104,227.03647807555316,-5.020718083634986,26
19641,-11.993977837333128,4.78538127473971,155111,-6.878718007946434,-1.0926682779646681,10
19642,-58.508074698584245,-3.564612752127391,155112,-49.93530245157272,-0.19848027172185767,2
19643,-89.64614240062116,-3.0954927309028815,155118,-85.91178621041317,3.2728237667350073,24
19644,-141.12790840672335,2.9807830271858475,155124,-142.14616351708418,5.245197398204194,22
19645,-140.9455639711138,-0.502921803811503,155129,-141.0346653257256,-1.1036168920026446,0
19646,-143.04838220293803,0.6938624543310913,155133,-141.0346653257256,-1.1036168920026446,0
19647,-114.9739600395683,0.07253321691939936,155139,-118.09857507912784,0.7103841694799473,11
19648,108.91130869801391,10.432770798287697,155142,104.96211155305676,-0.5414592591613776,31
19649,-7.322353155129665,9.998916976804834,155149,-6.878718007946434,-1.0926682779646681,10
19650,-23.776505361872317,-13.364506560917167,155158,-29.714479793685786,-1.264748112657314,8
19651,46.53946919316273,-0.7905453995467006,155180,47.997068783449585,1.2679199422360634,13
19652,-147.10148872371124,2.306590711811565,155183,-146.59606179012786,4.113086925586259,4
19653,-99.14018991802827,3.9684285167426196,155186,-96.6939343764425,2.7165835152131033,15
19654,104.15559712125778,6.029358229408429,155187,104.96211155305676,-0.5414592591613776,31
19655,124.44033989230643,3.718344212892354,155205,135.4076551174278,-1.697351881935795,33
19656,-51.13403996247317,5.148194061606194,155206,-49.93530245157272,-0.19848027172185767,2
19657,-110.35042241128446,8.374619290928221,155207,-114.33047638704419,5.73481138949136,19
19658,-56.30114713288785,9.237319879586376,155208,-49.93530245157272,-0.19848027172185767,2
19659,-107.42764847092509,9.618059527211887,155237,-104.7190727296112,3.8815952186994593,7
19660,-98.12608075935599,4.695581034185255,155242,-96.6939343764425,2.7165835152131033,15
19661,155.17873882628436,-21.541150220228964,155244,172.66355239880147,-2.7112682595768685,38
19662,-121.16958225074127,4.7346292737262425,155247,-123.80894152337959,5.566802721935252,23
19663,-116.95028354279381,1.5508969446202416,155248,-118.09857507912784,0.7103841694799473,11
19664,-152.86582037003458,-2.45873994968295,155259,-148.09620948762597,-1.1157003398540595,36
19665,-95.95558887220399,1.507781424494162,155288,-96.6939343764425,2.7165835152131033,15
19666,-138.07336724702134,1.833774311175792,155290,-137.57400940459857,4.493303950559668,20
19667,-114.08489085089491,4.0289890052232735,155293,-114.33047638704419,5.73481138949136,19
19668,-125.69003040618114,-3.7877024166741986,155295,-123.94204162798616,-1.5144507595891967,3
19669,-138.7197464929125,-4.388842469314309,155304,-141.0346653257256,-1.1036168920026446,0
19670,-115.13008657753414,4.000613068708166,155307,-114.33047638704419,5.73481138949136,19
19671,-119.33139532833992,7.791382690275294,155311,-123.80894152337959,5.566802721935252,23
19672,-72.41141883703207,-5.393543480566843,155320,-77.6204452281073,-4.536559244831727,5
19673,-128.37868163909866,8.204688443544914,155332,-132.1080396739421,5.887059356646324,17
19674,-115.91681418109832,0.826662337776625,155337,-118.09857507912784,0.7103841694799473,11
19675,-132.1519436403913,3.680299086014178,155344,-132.1080396739421,5.887059356646324,17
19676,38.16145880970595,4.281510577542641,155367,47.997068783449585,1.2679199422360634,13
19677,-8.903947324394899,3.894729002123385,155373,-6.878718007946434,-1.0926682779646681,10
19678,-57.63758434515593,-1.7482451698271044,155386,-49.93530245157272,-0.19848027172185767,2
19679,-51.839329652359,0.7338921965692324,155395,-49.93530245157272,-0.19848027172185767,2
19680,-111.89493122929538,-0.09729077895504709,155397,-109.71624596876933,-1.0040630408538558,16
19681,-16.880058054688302,3.2046100527278543,155428,-6.878718007946434,-1.0926682779646681,10
19682,-96.98633453842632,1.6421966194465283,155434,-96.6939343764425,2.7165835152131033,15
19683,-124.38696276673865,8.441980340564276,155440,-123.80894152337959,5.566802721935252,23
19684,-131.03919219776972,1.1877729009657998,155446,-129.1025175244067,1.5488809909733745,1
19685,-149.0256786765681,2.143908878443036,155448,-146.59606179012786,4.113086925586259,4
19686,-11.362762038621732,11.330712009654123,155449,-6.878718007946434,-1.0926682779646681,10
19687,117.42472958757764,2.903534545492867,155463,104.96211155305676,-0.5414592591613776,31
19688,63.15580152266787,5.325609562650999,155465,78.01149217232324,3.6022338347977136,6
19689,-67.06087175143169,4.297454326490293,155474,-66.8889597803445,2.169628081691683,14
19690,32.38397712380446,-0.17680001145178997,155488,18.937510567705566,1.034768221250525,27
19691,-31.73644528628422,0.3341923770872694,155489,-29.714479793685786,-1.264748112657314,8
19692,245.43087348058714,7.5042399783605775,155490,227.03647807555316,-5.020718083634986,26
19693,348.1236917909585,-13.49792056435162,155501,302.44973475302317,-5.405747081354008,25
19694,-126.97296905491876,0.8368085478682931,155510,-129.1025175244067,1.5488809909733745,1
19695,-117.26914215017852,6.481908173215202,155519,-114.33047638704419,5.73481138949136,19
19696,-129.04165064607403,2.3295491942939104,155521,-129.1025175244067,1.5488809909733745,1
19697,-112.41508227161266,9.240110293835999,155523,-114.33047638704419,5.73481138949136,19
19698,-95.00451172190164,3.11979269334932,155525,-96.6939343764425,2.7165835152131033,15
19699,-109.97344325658742,1.1380225164762108,155528,-109.71624596876933,-1.0040630408538558,16
19700,-150.32650548006322,6.655451696506588,155534,-152.23629829764135,4.213482038439798,37
19701,-68.3818784721111,-34.931413147371515,155537,-77.6204452281073,-4.536559244831727,5
19702,-93.34785918987137,-8.192359413564073,155543,-95.36861679384212,-10.95784818293233,28
19703,133.8190432374252,-1.8473382840826675,155548,135.4076551174278,-1.697351881935795,33
19704,-93.00450705618157,1.600265378394081,155553,-96.6939343764425,2.7165835152131033,15
19705,-97.94282094331065,2.2146250019123976,155595,-96.6939343764425,2.7165835152131033,15
19706,-107.79215198927652,-1.765056550646509,155598,-109.71624596876933,-1.0040630408538558,16
19707,256.50825192228507,-7.713559284487264,155608,227.03647807555316,-5.020718083634986,26
19708,69.89639847354371,9.591399790461184,155613,78.01149217232324,3.6022338347977136,6
19709,-135.88720095603924,-2.218608644521521,155625,-134.89656831690453,-0.030690791204986433,34
19710,-147.33011902712803,6.7886630571583195,155628,-146.59606179012786,4.113086925586259,4
19711,73.11368728563392,6.944509921622878,155630,78.01149217232324,3.6022338347977136,6
19712,-133.1150024248964,3.344820228748871,155631,-132.1080396739421,5.887059356646324,17
19713,130.8968021300686,12.149562232011606,155634,135.4076551174278,-1.697351881935795,33
19714,3.0448355171744894,-24.239014616162322,155639,-6.878718007946434,-1.0926682779646681,10
19715,-5.021763882169206,5.512461971927276,155640,-6.878718007946434,-1.0926682779646681,10
19716,154.28491118583116,6.594103993067023,155647,172.66355239880147,-2.7112682595768685,38
19717,12.362020333481594,0.47502604229355194,155660,18.937510567705566,1.034768221250525,27
19718,-56.16480548970163,6.7722798267544615,155667,-49.93530245157272,-0.19848027172185767,2
19719,-95.48254669478426,-6.28431459232069,155674,-95.36861679384212,-10.95784818293233,28
19720,174.3385656369183,-7.934606341013798,155698,172.66355239880147,-2.7112682595768685,38
19721,-137.0335483478264,1.0039564208372,155710,-134.89656831690453,-0.030690791204986433,34
19722,-108.05756438905951,2.5152611322669887,155724,-104.7190727296112,3.8815952186994593,7
19723,145.8300672098078,13.857602085106091,155755,135.4076551174278,-1.697351881935795,33
19724,-85.30356841448864,8.303192564624261,155756,-85.91178621041317,3.2728237667350073,24
19725,-127.12553210717157,3.1685744202190187,155759,-129.1025175244067,1.5488809909733745,1
19726,-67.8446869916654,1.0656321027635491,155768,-66.8889597803445,2.169628081691683,14
19727,-113.12035483023703,3.7944923245229845,155771,-114.33047638704419,5.73481138949136,19
19728,-118.13884686088304,3.5971602411109203,155776,-118.09857507912784,0.7103841694799473,11
19729,-144.25735108072402,5.760858654156068,155778,-142.14616351708418,5.245197398204194,22
19730,-54.102512204846086,5.435359037420838,155783,-49.93530245157272,-0.19848027172185767,2
19731,-83.12248356053189,4.339186698465971,155793,-85.91178621041317,3.2728237667350073,24
19732,-110.2948789951106,6.633237344224854,155802,-114.33047638704419,5.73481138949136,19
19733,-89.64142643621322,-2.206125639338223,155805,-85.91178621041317,3.2728237667350073,24
19734,-94.25722643937222,7.127129324892944,155809,-96.6939343764425,2.7165835152131033,15
19735,195.1562267731515,-4.605503087517042,155811,172.66355239880147,-2.7112682595768685,38
19736,10.03652215593667,4.488076868711335,155816,18.937510567705566,1.034768221250525,27
19737,23.584319993679546,-1.6446297710602922,155835,18.937510567705566,1.034768221250525,27
19738,-152.2546631216798,5.5539441667524345,155842,-152.23629829764135,4.213482038439798,37
19739,12.261634902777155,2.6850433036042007,155845,18.937510567705566,1.034768221250525,27
19740,-149.05976740634154,1.3534785121444062,155859,-148.09620948762597,-1.1157003398540595,36
19741,549.0373316653966,9.06537056505379,155860,586.0312761189704,-1.722944617346204,30
19742,-141.34687388629533,7.265783385939068,155865,-142.14616351708418,5.245197398204194,22
19743,-82.614748450865,-2.653923386141405,155872,-77.6204452281073,-4.536559244831727,5
19744,47.06768604913593,5.9623471038355875,155877,47.997068783449585,1.2679199422360634,13
19745,48.14897038096672,5.233325293293391,155881,47.997068783449585,1.2679199422360634,13
19746,-137.09773202447198,1.8900445661458094,155883,-137.57400940459857,4.493303950559668,20
19747,-141.91209428428843,-1.2323020024313598,155899,-141.0346653257256,-1.1036168920026446,0
19748,67.06536258104984,-7.860031767048957,155909,70.166569844569,-14.692630117552799,9
19749,333.8688376370855,-10.726570816193215,155910,302.44973475302317,-5.405747081354008,25
19750,-108.97986208888528,0.27374031569136464,155935,-109.71624596876933,-1.0040630408538558,16
19751,-103.01086873769522,1.5801014486398346,155945,-104.7190727296112,3.8815952186994593,7
19752,-127.16241838533023,3.9574106667284092,155949,-129.1025175244067,1.5488809909733745,1
19753,-133.2026727495344,5.271274970049789,155954,-132.1080396739421,5.887059356646324,17
19754,-51.18206117124636,6.691284579858244,155969,-49.93530245157272,-0.19848027172185767,2
19755,483.67602784412014,11.784996796396603,155978,417.6915390220547,-4.11857226961515,29
19756,-83.20040652395876,6.5860723468674935,155989,-85.91178621041317,3.2728237667350073,24
19757,-15.928658496684509,3.814044338917789,155992,-6.878718007946434,-1.0926682779646681,10
19758,-60.13444919603254,-9.73374058010845,155993,-66.8889597803445,2.169628081691683,14
19759,-129.37581916593388,8.123388571134653,155996,-132.1080396739421,5.887059356646324,17
19760,-32.63667698707779,-1.3419249639902806,156011,-29.714479793685786,-1.264748112657314,8
19761,-138.2701480201857,5.643417290644313,156026,-137.57400940459857,4.493303950559668,20
19762,-147.15831252656346,4.038654029698292,156031,-146.59606179012786,4.113086925586259,4
19763,3.305837898142698,0.015077328372449446,156038,-6.878718007946434,-1.0926682779646681,10
19764,-45.13163699587728,5.175809819753041,156039,-49.93530245157272,-0.19848027172185767,2
19765,-131.15463977740728,3.7293501102656808,156051,-132.1080396739421,5.887059356646324,17
19766,-129.86194029884035,-0.6174481715914067,156054,-129.1025175244067,1.5488809909733745,1
19767,-65.22282492332083,-7.874867266314538,156068,-66.8889597803445,2.169628081691683,14
19768,-60.38388523562797,9.974705339790763,156073,-66.8889597803445,2.169628081691683,14
19769,109.50011996873033,-12.569574842229024,156075,104.96211155305676,-0.5414592591613776,31
19770,-71.11739223376092,4.967833001102711,156076,-66.8889597803445,2.169628081691683,14
19771,27.038321223928687,5.26109106050875,156084,18.937510567705566,1.034768221250525,27
19772,228.11856118247488,-3.232634512192422,156085,227.03647807555316,-5.020718083634986,26
19773,-108.42392365617387,9.503321266734956,156088,-104.7190727296112,3.8815952186994593,7
19774,-141.02708777873758,0.7586777716308604,156096,-141.0346653257256,-1.1036168920026446,0
19775,-12.393822046967154,-3.2411658888341046,156114,-6.878718007946434,-1.0926682779646681,10
19776,703.4939227472579,-35.34125685537788,156116,586.0312761189704,-1.722944617346204,30
19777,-126.14930455740935,3.7013202689187885,156119,-123.80894152337959,5.566802721935252,23
19778,383.06211991004204,-11.55313047792827,156120,417.6915390220547,-4.11857226961515,29
19779,-106.29494811856861,7.734822525734953,156125,-104.7190727296112,3.8815952186994593,7
19780,-123.25439316427682,6.546283833577465,156128,-123.80894152337959,5.566802721935252,23
19781,82.90304682246584,10.18071204137876,156151,78.01149217232324,3.6022338347977136,6
19782,-115.32771500979814,7.267841233422375,156162,-114.33047638704419,5.73481138949136,19
19783,-104.3964231350404,8.959111413001112,156180,-104.7190727296112,3.8815952186994593,7
19784,55.531899035623276,-0.4741286239226799,156181,47.997068783449585,1.2679199422360634,13
19785,-69.38627210645717,-5.894826203258111,156192,-77.6204452281073,-4.536559244831727,5
19786,-119.24414239159195,6.4152322935776995,156193,-123.80894152337959,5.566802721935252,23
19787,-113.24600766090984,6.032630344847704,156198,-114.33047638704419,5.73481138949136,19
19788,-141.0227409822921,0.6786910761689146,156226,-141.0346653257256,-1.1036168920026446,0
19789,-110.17486030586122,4.032824987098091,156230,-114.33047638704419,5.73481138949136,19
19790,147.97406101392372,-18.211789109205643,156232,135.4076551174278,-1.697351881935795,33
19791,-111.92569831449448,2.1182140710578206,156236,-109.71624596876933,-1.0040630408538558,16
19792,-150.32520144344332,6.640029814321824,156248,-152.23629829764135,4.213482038439798,37
19793,-106.09173336134654,3.3194205983983944,156252,-104.7190727296112,3.8815952186994593,7
19794,-126.38227698853683,8.303121974060039,156283,-123.80894152337959,5.566802721935252,23
19795,83.76017171850098,-2.433821415730864,156306,78.01149217232324,3.6022338347977136,6
19796,-53.153138801846936,6.554238889687884,156316,-49.93530245157272,-0.19848027172185767,2
19797,-125.29105157204994,6.310131402789375,156317,-123.80894152337959,5.566802721935252,23
19798,-135.05505772828312,1.9964219392427116,156327,-134.89656831690453,-0.030690791204986433,34
19799,-65.86885137650272,1.1226848832997087,156334,-66.8889597803445,2.169628081691683,14
19800,94.47833289251746,-12.86062741144046,156339,104.96211155305676,-0.5414592591613776,31
19801,-114.87131536843283,0.3496340718387948,156341,-118.09857507912784,0.7103841694799473,11
19802,-69.73055185700332,-0.4073442974407795,156351,-66.8889597803445,2.169628081691683,14
19803,-128.0092187553652,0.09021683137032761,156363,-129.1025175244067,1.5488809909733745,1
19804,-109.80999982916856,-1.4118406409653919,156367,-109.71624596876933,-1.0040630408538558,16
19805,48.0038269031284,-7.337444658610784,156369,47.997068783449585,1.2679199422360634,13
19806,240.82138447533978,16.672684881276176,156377,227.03647807555316,-5.020718083634986,26
19807,-133.8586839542753,-0.7394578607152289,156384,-134.89656831690453,-0.030690791204986433,34
19808,-129.34591595971915,-8.3152653940473,156408,-130.75996572568545,-6.6137591708523855,18
19809,-39.03729047881215,5.284350020031686,156430,-29.714479793685786,-1.264748112657314,8
19810,52.407226545961294,0.6609035325956188,156436,47.997068783449585,1.2679199422360634,13
19811,-123.38714141055466,8.454497495235863,156442,-123.80894152337959,5.566802721935252,23
19812,-56.50725798702024,-4.060233370959613,156444,-49.93530245157272,-0.19848027172185767,2
19813,-118.18168880530176,5.05679136397482,156456,-114.33047638704419,5.73481138949136,19
19814,-130.20036746118868,4.7599985242205465,156464,-132.1080396739421,5.887059356646324,17
19815,-134.96923934529252,-0.9087926956478884,156472,-134.89656831690453,-0.030690791204986433,34
19816,1340.9938472451297,8.250508862075824,156475,1342.5649032771717,32.04824045393157,32
19817,-119.92846584725638,-0.0057857065872851535,156483,-118.09857507912784,0.7103841694799473,11
19818,-3.860294839919979,3.5355342974727235,156493,-6.878718007946434,-1.0926682779646681,10
19819,-125.0449640113995,0.925339344087751,156494,-123.94204162798616,-1.5144507595891967,3
19820,-33.64245067324411,-1.2339045415138865,156504,-29.714479793685786,-1.264748112657314,8
19821,-130.71921931572172,-3.2244463377963144,156506,-130.75996572568545,-6.6137591708523855,18
19822,-68.63258326757588,-3.072562097218937,156515,-66.8889597803445,2.169628081691683,14
19823,-32.10152301296144,5.261744710555787,156521,-29.714479793685786,-1.264748112657314,8
19824,-140.34839498411353,7.317256828396727,156528,-142.14616351708418,5.245197398204194,22
19825,-146.01377680813337,0.9111660865176542,156530,-148.09620948762597,-1.1157003398540595,36
19826,-73.2256191922529,-8.978679128732995,156549,-77.6204452281073,-4.536559244831727,5
19827,82.20270690404625,-9.591697258872037,156555,70.166569844569,-14.692630117552799,9
19828,185.62395310208868,2.7845948801466878,156560,172.66355239880147,-2.7112682595768685,38
19829,150.52012578080303,3.4428984236300852,156565,135.4076551174278,-1.697351881935795,33
19830,-90.82890693626055,0.8796276380866993,156573,-85.91178621041317,3.2728237667350073,24
19831,-117.72722803596955,-3.8692830473733695,156582,-118.09857507912784,0.7103841694799473,11
19832,-83.84393972750432,-0.22698726759857296,156583,-85.91178621041317,3.2728237667350073,24
19833,155.96566902761472,-3.1520580608733875,156589,172.66355239880147,-2.7112682595768685,38
19834,-122.93457795387495,-0.4390330387723128,156590,-123.94204162798616,-1.5144507595891967,3
19835,-98.02601989712427,1.4864402500190057,156591,-96.6939343764425,2.7165835152131033,15
19836,411.97821949841403,4.976967305625291,156594,417.6915390220547,-4.11857226961515,29
19837,-110.01430524112833,0.5024767968522799,156597,-109.71624596876933,-1.0040630408538558,16
19838,-108.42416855193873,-7.255953491726564,156599,-109.71624596876933,-1.0040630408538558,16
19839,-53.95151379639857,3.66356147119933,156600,-49.93530245157272,-0.19848027172185767,2
19840,-102.43887926314488,-20.548488811257226,156607,-95.36861679384212,-10.95784818293233,28
19841,-55.90788109831139,1.6470407392713018,156611,-49.93530245157272,-0.19848027172185767,2
19842,-105.31345219810513,7.648540780193021,156613,-104.7190727296112,3.8815952186994593,7
19843,-111.52383014110764,-4.624453968926711,156614,-109.71624596876933,-1.0040630408538558,16
19844,10.185596104130834,3.279591940405016,156615,18.937510567705566,1.034768221250525,27
19845,235.73730268942447,2.171268045383271,156616,227.03647807555316,-5.020718083634986,26
19846,-64.89039452986354,1.1240134889737725,156629,-66.8889597803445,2.169628081691683,14
19847,-127.03294280735729,2.163220850646369,156631,-129.1025175244067,1.5488809909733745,1
19848,-139.35280981997374,7.431369197291385,156632,-137.57400940459857,4.493303950559668,20
19849,216.1597881947941,10.387017834304858,156634,227.03647807555316,-5.020718083634986,26
19850,-63.23505663176723,8.165695511850467,156648,-66.8889597803445,2.169628081691683,14
19851,-139.90077650498242,0.5859879478922376,156649,-141.0346653257256,-1.1036168920026446,0
19852,371.52122088961255,-3.999445504635736,156650,417.6915390220547,-4.11857226961515,29
19853,-138.8405811153126,-1.2228173337635178,156655,-141.0346653257256,-1.1036168920026446,0
19854,-80.43907696402404,-4.9357050637619055,156665,-77.6204452281073,-4.536559244831727,5
19855,-37.64466975026721,-1.2504494485277478,156675,-29.714479793685786,-1.264748112657314,8
19856,-71.84348301281047,-0.03056144153330996,156676,-66.8889597803445,2.169628081691683,14
19857,-74.269105529908,8.233533126299198,156679,-66.8889597803445,2.169628081691683,14
19858,-23.42998252965059,-18.89414633899666,156686,-29.714479793685786,-1.264748112657314,8
19859,-74.87237783570544,1.0636918756163896,156688,-77.6204452281073,-4.536559244831727,5
19860,-131.3677834740654,7.893916237391883,156696,-132.1080396739421,5.887059356646324,17
19861,-103.29812000393582,7.35812736203158,156707,-104.7190727296112,3.8815952186994593,7
19862,167.38024890302367,6.260407532989433,156718,172.66355239880147,-2.7112682595768685,38
19863,-70.99816096062166,1.8298740582398163,156720,-66.8889597803445,2.169628081691683,14
19864,-91.1740307105768,-9.894909331379196,156726,-95.36861679384212,-10.95784818293233,28
19865,5.9344563609315655,6.658933377706816,156744,18.937510567705566,1.034768221250525,27
19866,-52.42041806620511,11.393344058096403,156746,-49.93530245157272,-0.19848027172185767,2
19867,234.0713776931246,-2.1004026169278935,156758,227.03647807555316,-5.020718083634986,26
19868,-96.09313148039345,4.53075044248102,156763,-96.6939343764425,2.7165835152131033,15
19869,-143.34210966239826,7.116833015625595,156767,-142.14616351708418,5.245197398204194,22
19870,-100.63384786050045,-4.595880145951182,156773,-95.36861679384212,-10.95784818293233,28
19871,-84.65571977243816,-2.3076117749070812,156774,-85.91178621041317,3.2728237667350073,24
19872,624.8404940089954,-14.284040417698632,156783,586.0312761189704,-1.722944617346204,30
19873,-24.23272096432832,8.771790854411964,156787,-29.714479793685786,-1.264748112657314,8
19874,-94.82296991019771,0.16506602455666192,156792,-96.6939343764425,2.7165835152131033,15
19875,-88.80914139552007,0.46822220059462827,156798,-85.91178621041317,3.2728237667350073,24
19876,-2.9353169003611814,5.191361891455681,156800,-6.878718007946434,-1.0926682779646681,10
19877,-69.83137589139079,0.26611273835544685,156803,-66.8889597803445,2.169628081691683,14
19878,-104.04330304391009,1.7660851292303945,156804,-104.7190727296112,3.8815952186994593,7
19879,-63.97534428146515,-11.22298967055469,156815,-66.8889597803445,2.169628081691683,14
19880,128.24788050481132,-8.248569424975395,156820,135.4076551174278,-1.697351881935795,33
19881,115.8252645318196,-17.024715445038364,156822,110.19899446847099,-35.665903512662624,21
19882,36.96147021887121,-7.1212565892202475,156826,47.997068783449585,1.2679199422360634,13
19883,629.9597222939684,-15.78598794712609,156835,586.0312761189704,-1.722944617346204,30
19884,-106.193555241725,6.032164955483086,156859,-104.7190727296112,3.8815952186994593,7
19885,-98.03145457973686,3.1332458998693093,156870,-96.6939343764425,2.7165835152131033,15
19886,-107.01595285892742,1.6206791053352931,156871,-104.7190727296112,3.8815952186994593,7
19887,-5.794928309717518,1.565105165275203,156898,-6.878718007946434,-1.0926682779646681,10
19888,-138.78078342422586,-3.040968124731939,156899,-141.0346653257256,-1.1036168920026446,0
19889,106.05780796686412,8.723100691988297,156906,104.96211155305676,-0.5414592591613776,31
19890,-72.85556468580847,-0.3113829270069905,156908,-77.6204452281073,-4.536559244831727,5
19891,-136.9939869935671,0.6336585685044258,156909,-134.89656831690453,-0.030690791204986433,34
19892,-113.33571231294711,7.998924198478696,156940,-114.33047638704419,5.73481138949136,19
19893,-102.82185988308879,-1.0260561812656277,156951,-104.7190727296112,3.8815952186994593,7
19894,1110.5276311469195,-7.3198479539327215,156964,1342.5649032771717,32.04824045393157,32
19895,8.236951197161815,2.1064062172994498,156965,18.937510567705566,1.034768221250525,27
19896,-84.6749758138288,-1.376236497541125,156972,-85.91178621041317,3.2728237667350073,24
19897,-143.14793924688507,3.8965249225404754,156974,-142.14616351708418,5.245197398204194,22
19898,178.64018042819032,2.3111125899325966,156979,172.66355239880147,-2.7112682595768685,38
19899,661.5329360009092,5.762365868477518,156980,586.0312761189704,-1.722944617346204,30
19900,-108.51840551631301,-5.202627945784069,156992,-109.71624596876933,-1.0040630408538558,16
19901,-102.24855115007092,6.265637084563117,157008,-104.7190727296112,3.8815952186994593,7
19902,-52.70204092401794,-1.7952924274148516,157020,-49.93530245157272,-0.19848027172185767,2
19903,-109.01898268758138,2.6857508441999043,157035,-109.71624596876933,-1.0040630408538558,16
19904,-32.838252611461265,2.5625396207258113,157045,-29.714479793685786,-1.264748112657314,8
19905,31.30376668126005,-26.864117556472472,157080,28.39696760572947,-22.91072472808294,12
19906,3.502184323095674,-30.66005946806338,157093,28.39696760572947,-22.91072472808294,12
19907,-70.18680028291365,-8.240545992605162,157136,-77.6204452281073,-4.536559244831727,5
19908,-12.672477970819847,-0.21632759261453832,157149,-6.878718007946434,-1.0926682779646681,10
19909,-146.06787013525437,1.0550436564306702,157150,-148.09620948762597,-1.1157003398540595,36
19910,460.04204470286476,5.9289459772304145,157160,417.6915390220547,-4.11857226961515,29
19911,-144.34162542481133,7.1034891819738055,157168,-142.14616351708418,5.245197398204194,22
19912,-54.043421731090184,-24.816152493296524,157189,-49.93530245157272,-0.19848027172185767,2
19913,274.56689816039625,6.5473295140481484,157190,302.44973475302317,-5.405747081354008,25
19914,-132.56631183107248,-5.059627857768114,157197,-130.75996572568545,-6.6137591708523855,18
19915,-126.19759309320709,4.7526751193924595,157209,-123.80894152337959,5.566802721935252,23
19916,39.05764165635995,6.564586357245148,157228,47.997068783449585,1.2679199422360634,13
19917,-87.8001867994777,-15.459833895025445,157237,-95.36861679384212,-10.95784818293233,28
19918,-60.06860337306705,5.108155177273402,157241,-66.8889597803445,2.169628081691683,14
19919,-75.98697753644817,2.5250866138279426,157246,-77.6204452281073,-4.536559244831727,5
19920,-115.19595533276811,5.936572866021917,157271,-114.33047638704419,5.73481138949136,19
19921,-83.03005488482891,2.3198117265678233,157279,-85.91178621041317,3.2728237667350073,24
19922,716.9986711630222,15.30430080837181,157283,586.0312761189704,-1.722944617346204,30
19923,159.57431880427202,2.408730635498196,157302,172.66355239880147,-2.7112682595768685,38
19924,-14.143930403288913,7.5378424714232874,157309,-6.878718007946434,-1.0926682779646681,10
19925,-28.778051970787892,1.3221142950863252,157316,-29.714479793685786,-1.264748112657314,8
19926,-142.32206842880063,6.702046595903739,157336,-142.14616351708418,5.245197398204194,22
19927,-108.86371777743132,-0.20410715998189768,157347,-109.71624596876933,-1.0040630408538558,16
19928,-1.9496186192863176,5.523712712474932,157351,-6.878718007946434,-1.0926682779646681,10
19929,-145.9227851021548,-2.115376635071049,157352,-148.09620948762597,-1.1157003398540595,36
19930,-117.92404362702334,0.43400632542938966,157354,-118.09857507912784,0.7103841694799473,11
19931,506.58621998464656,14.131062843724154,157360,586.0312761189704,-1.722944617346204,30
19932,-136.35661405926285,7.5586342402176685,157371,-137.57400940459857,4.493303950559668,20
19933,-115.88494016612162,0.6444609336723195,157383,-118.09857507912784,0.7103841694799473,11
19934,-14.032698333767659,6.116124393879927,157398,-6.878718007946434,-1.0926682779646681,10
19935,-77.97545139937397,3.269928982838231,157415,-77.6204452281073,-4.536559244831727,5
19936,46.70150743485789,-2.7933528604362587,157418,47.997068783449585,1.2679199422360634,13
19937,24.892348787382556,-6.838483684166823,157427,18.937510567705566,1.034768221250525,27
19938,344.51515608959227,-4.829469601967793,157442,302.44973475302317,-5.405747081354008,25
19939,-120.13614122586598,3.531026103714922,157449,-118.09857507912784,0.7103841694799473,11
19940,-77.32910518665382,-6.265935294991763,157458,-77.6204452281073,-4.536559244831727,5
19941,-35.73617574601739,0.2977946770837353,157464,-29.714479793685786,-1.264748112657314,8
19942,-67.0578988704274,5.255751568890722,157467,-66.8889597803445,2.169628081691683,14
19943,616.422192010661,5.867874592800276,157476,586.0312761189704,-1.722944617346204,30
19944,-82.93701291983453,1.3329775919530307,157483,-85.91178621041317,3.2728237667350073,24
19945,-81.80932289620048,0.586389160317723,157495,-85.91178621041317,3.2728237667350073,24
19946,71.24414321624855,-10.161213464262733,157500,70.166569844569,-14.692630117552799,9
19947,-107.79713704303967,-2.683352478763118,157505,-109.71624596876933,-1.0040630408538558,16
19948,116.34084047716723,-38.94324615273777,157512,110.19899446847099,-35.665903512662624,21
19949,-102.41838062944252,9.490307862230114,157550,-104.7190727296112,3.8815952186994593,7
19950,-148.02274585997867,0.04494921206626806,157552,-148.09620948762597,-1.1157003398540595,36
19951,-43.832120194685366,1.2118827353329777,157558,-49.93530245157272,-0.19848027172185767,2
19952,-80.92367352649615,1.5717752004009702,157574,-85.91178621041317,3.2728237667350073,24
19953,-143.27725356243113,6.227747621971999,157575,-142.14616351708418,5.245197398204194,22
19954,-118.18648158988101,5.153443708085191,157576,-114.33047638704419,5.73481138949136,19
19955,-73.09493233403411,5.4538999085956235,157582,-66.8889597803445,2.169628081691683,14
19956,-130.13209441007268,3.789667182811333,157586,-129.1025175244067,1.5488809909733745,1
19957,-33.554399510878454,-3.1603752483459253,157590,-29.714479793685786,-1.264748112657314,8
19958,-15.214810613834054,-6.699204953711298,157594,-6.878718007946434,-1.0926682779646681,10
19959,-28.90512052080173,3.0750708095944614,157595,-29.714479793685786,-1.264748112657314,8
19960,-116.33664568572158,7.955054496857428,157598,-114.33047638704419,5.73481138949136,19
19961,-141.00881050706624,0.8940068145224016,157604,-141.0346653257256,-1.1036168920026446,0
19962,-11.099210576647005,7.10456959826528,157605,-6.878718007946434,-1.0926682779646681,10
19963,-54.417632971666634,11.313400792409785,157606,-49.93530245157272,-0.19848027172185767,2
19964,205.88155287187237,-15.204930981470667,157608,227.03647807555316,-5.020718083634986,26
19965,45.60984858971099,-1.8395567951606424,157611,47.997068783449585,1.2679199422360634,13
19966,206.04766236900196,-17.309003187756566,157650,227.03647807555316,-5.020718083634986,26
19967,-64.72924019939022,-0.3604771338126537,157656,-66.8889597803445,2.169628081691683,14
19968,-53.2878449800493,8.998692882407228,157659,-49.93530245157272,-0.19848027172185767,2
19969,-119.21798639360458,4.805771428514541,157662,-118.09857507912784,0.7103841694799473,11
19970,-96.1001875390508,4.168152198504845,157675,-96.6939343764425,2.7165835152131033,15
19971,77.94444709048766,-20.269863107274347,157696,70.166569844569,-14.692630117552799,9
19972,21.121341323331755,-10.369620208719205,157722,18.937510567705566,1.034768221250525,27
19973,-131.22577630188118,4.793289836942411,157732,-132.1080396739421,5.887059356646324,17
19974,67.88328841274657,-4.886264831509527,157742,70.166569844569,-14.692630117552799,9
19975,-72.26341538117401,7.120248308566563,157750,-66.8889597803445,2.169628081691683,14
19976,-122.23966007557308,5.7452903145686856,157752,-123.80894152337959,5.566802721935252,23
19977,855.8753452827966,21.87543850903731,157761,861.6475783799328,6.515082937232454,35
19978,8.203614266144024,1.812450329625106,157762,18.937510567705566,1.034768221250525,27
19979,115.6115011690136,0.34630472184210526,157792,104.96211155305676,-0.5414592591613776,31
19980,-102.30621598358402,-8.213232053980466,157793,-95.36861679384212,-10.95784818293233,28
19981,-125.31806050335132,7.432357035413081,157799,-123.80894152337959,5.566802721935252,23
19982,-68.76564994088078,-0.6609825483377445,157807,-66.8889597803445,2.169628081691683,14
19983,-76.71759558092337,-1.3303044040811731,157813,-77.6204452281073,-4.536559244831727,5
19984,78.55051299458822,0.523098037977564,157816,78.01149217232324,3.6022338347977136,6
19985,48.75936786518122,-18.74677951802337,157824,47.997068783449585,1.2679199422360634,13
19986,-108.2355739045159,5.900077495185885,157842,-104.7190727296112,3.8815952186994593,7
19987,-74.986996320166,2.558473390394185,157858,-77.6204452281073,-4.536559244831727,5
19988,-73.23270732671149,-7.798541313614696,157865,-77.6204452281073,-4.536559244831727,5
19989,-122.19506430855942,5.288979842240419,157882,-123.80894152337959,5.566802721935252,23
19990,82.60073836909255,-1.0122404673147474,157891,78.01149217232324,3.6022338347977136,6
19991,-137.13230981954783,4.16050943820056,157892,-137.57400940459857,4.493303950559668,20
19992,-104.28349424476424,7.518590672458595,157898,-104.7190727296112,3.8815952186994593,7
19993,-21.189192037725086,-6.855065655528586,157901,-29.714479793685786,-1.264748112657314,8
19994,304.63083685670716,-8.043899043930551,157907,302.44973475302317,-5.405747081354008,25
19995,-106.91739467678008,0.47744916460008013,157910,-109.71624596876933,-1.0040630408538558,16
19996,-80.46934908614982,10.961610324928678,157918,-85.91178621041317,3.2728237667350073,24
19997,-116.52568928447742,-5.700016296493118,157927,-115.69510858146283,-11.595084171039186,39
19998,-121.00708089608615,0.15813167763171657,157938,-118.09857507912784,0.7103841694799473,11
19999,-69.21640284656831,7.151119929339756,157943,-66.8889597803445,2.169628081691683,14
20000,-70.98612989468647,3.1155371305976565,157978,-66.8889597803445,2.169628081691683,14
20001,-79.89256801102957,1.4178740441111726,157984,-85.91178621041317,3.2728237667350073,24
20002,-48.75268031331916,0.41778764907734306,157995,-49.93530245157272,-0.19848027172185767,2
20003,22.759805802661024,10.760641895438889,158005,18.937510567705566,1.034768221250525,27
20004,-23.374328208788537,-4.8744949703378495,158016,-29.714479793685786,-1.264748112657314,8
20005,333.6312585906707,-7.056106647903653,158018,302.44973475302317,-5.405747081354008,25
20006,-43.27823241526501,7.934517824982347,158023,-49.93530245157272,-0.19848027172185767,2
20007,-114.20286472567959,5.0803449609745535,158026,-114.33047638704419,5.73481138949136,19
20008,-146.96235782707507,-0.23153564816380354,158033,-148.09620948762597,-1.1157003398540595,36
20009,-134.2980647115794,6.827868025124775,158034,-132.1080396739421,5.887059356646324,17
20010,-97.25079154967081,5.887454497824725,158054,-96.6939343764425,2.7165835152131033,15
20011,-65.39350705472876,-5.161286809947449,158060,-66.8889597803445,2.169628081691683,14
20012,-97.96679225517163,0.6908367346951486,158066,-96.6939343764425,2.7165835152131033,15
20013,-102.97253935679323,0.20025112547259383,158087,-104.7190727296112,3.8815952186994593,7
20014,227.86925518115842,0.6762017858163822,158093,227.03647807555316,-5.020718083634986,26
20015,-6.716675969169342,0.33654187229469157,158097,-6.878718007946434,-1.0926682779646681,10
20016,606.9013888207801,13.01040675609776,158106,586.0312761189704,-1.722944617346204,30
20017,-13.760299405919891,1.6866826309678606,158114,-6.878718007946434,-1.0926682779646681,10
20018,-98.06223998720267,2.2661543249335234,158121,-96.6939343764425,2.7165835152131033,15
20019,16.456623223822792,-15.23389305764603,158123,28.39696760572947,-22.91072472808294,12
20020,57.448720959079274,0.8685894473854548,158135,47.997068783449585,1.2679199422360634,13
20021,-114.5282555678581,-5.092797540688099,158139,-109.71624596876933,-1.0040630408538558,16
20022,-119.59530347359684,-3.713532752381095,158143,-118.09857507912784,0.7103841694799473,11
20023,-108.94714229768041,1.614701703984964,158154,-109.71624596876933,-1.0040630408538558,16
20024,103.35062652033541,4.314077470945921,158159,104.96211155305676,-0.5414592591613776,31
20025,-122.22776622745343,4.979532220387438,158160,-123.80894152337959,5.566802721935252,23
20026,-155.31359213709837,6.293669613927684,158161,-152.23629829764135,4.213482038439798,37
20027,-64.98408295089085,3.6750058984507663,158162,-66.8889597803445,2.169628081691683,14
20028,-125.27376810181372,5.936875283468054,158165,-123.80894152337959,5.566802721935252,23
20029,-97.99002648451497,-12.503542665793088,158169,-95.36861679384212,-10.95784818293233,28
20030,77.84603994733553,-18.63200550553619,158173,70.166569844569,-14.692630117552799,9
20031,-5.277494680787612,10.597482378699567,158182,-6.878718007946434,-1.0926682779646681,10
20032,191.30858397640387,-6.99540043204261,158190,172.66355239880147,-2.7112682595768685,38
20033,-55.64015199703171,-2.676979561037179,158197,-49.93530245157272,-0.19848027172185767,2
20034,-137.3561989640506,7.535420933729283,158209,-137.57400940459857,4.493303950559668,20
20035,-101.20386032912715,5.845236875835591,158210,-104.7190727296112,3.8815952186994593,7
20036,-146.28352432981634,5.7833629714982555,158214,-146.59606179012786,4.113086925586259,4
20037,-110.08338568609099,2.0293628814103823,158229,-109.71624596876933,-1.0040630408538558,16
20038,-42.688805410293774,-0.8709613217611073,158244,-49.93530245157272,-0.19848027172185767,2
20039,-120.33907301810939,7.433338542182849,158251,-123.80894152337959,5.566802721935252,23
20040,-152.02722254622185,0.06003928949921666,158252,-148.09620948762597,-1.1157003398540595,36
20041,28.872109672994384,7.9113004833039655,158256,18.937510567705566,1.034768221250525,27
20042,425.5148572289165,-30.87360932368232,158257,417.6915390220547,-4.11857226961515,29
20043,236.5785285970596,-66.96123370033304,158262,227.03647807555316,-5.020718083634986,26
20044,-114.30958011350415,6.918525773329894,158272,-114.33047638704419,5.73481138949136,19
20045,-134.04581889072588,2.3525783274031564,158274,-134.89656831690453,-0.030690791204986433,34
20046,105.16680572861533,-8.39991110431981,158278,104.96211155305676,-0.5414592591613776,31
20047,-20.148662645281053,-22.445879027127845,158281,-29.714479793685786,-1.264748112657314,8
20048,-118.86525281554901,-0.8655743230527765,158285,-118.09857507912784,0.7103841694799473,11
20049,-49.04800486402061,-10.417100682130007,158311,-49.93530245157272,-0.19848027172185767,2
20050,182.4802224727593,4.843191373076576,158319,172.66355239880147,-2.7112682595768685,38
20051,-69.08661288232153,4.823880223490678,158328,-66.8889597803445,2.169628081691683,14
20052,701.1656361833593,26.617595173469564,158335,586.0312761189704,-1.722944617346204,30
20053,-127.03942821447994,1.275562440894071,158346,-129.1025175244067,1.5488809909733745,1
20054,534.4982534448076,1.803048520808005,158350,586.0312761189704,-1.722944617346204,30
20055,-60.13121001417054,4.923958840034417,158358,-66.8889597803445,2.169628081691683,14
20056,-131.95626889297412,-1.1370631290951867,158360,-134.89656831690453,-0.030690791204986433,34
20057,257.16555601042313,-2.7528057695636377,158376,227.03647807555316,-5.020718083634986,26
20058,35.12733643457862,5.499143318291828,158384,47.997068783449585,1.2679199422360634,13
20059,-91.66580632689808,-2.205395246067723,158386,-96.6939343764425,2.7165835152131033,15
20060,-150.9826590668788,-0.8691917778587137,158396,-148.09620948762597,-1.1157003398540595,36
20061,-27.69896374795849,-15.1191925450063,158397,-29.714479793685786,-1.264748112657314,8
20062,-1.6496812358233104,-0.027296917130502304,158404,-6.878718007946434,-1.0926682779646681,10
20063,-132.93505743851648,-0.58607659424454,158429,-134.89656831690453,-0.030690791204986433,34
20064,-66.93147990573632,-12.760945051035604,158431,-77.6204452281073,-4.536559244831727,5
20065,-106.88842497387961,-0.15559398440747732,158450,-109.71624596876933,-1.0040630408538558,16
20066,21.626230818846643,-2.5971047879384455,158452,18.937510567705566,1.034768221250525,27
20067,-99.15017825540494,5.71648446602591,158453,-96.6939343764425,2.7165835152131033,15
20068,-120.38597863191151,-8.83254286471317,158470,-115.69510858146283,-11.595084171039186,39
20069,-120.91306698777251,-0.8732937841877422,158477,-123.94204162798616,-1.5144507595891967,3
20070,229.95820022853522,-43.87016813028987,158483,227.03647807555316,-5.020718083634986,26
20071,10.78929496217759,8.884297442028805,158495,18.937510567705566,1.034768221250525,27
20072,-19.93264084151951,2.7840538174364435,158500,-29.714479793685786,-1.264748112657314,8
20073,-133.90242119278162,-1.3132490354781194,158511,-134.89656831690453,-0.030690791204986433,34
20074,-125.88838892486952,-0.9851699399317518,158521,-123.94204162798616,-1.5144507595891967,3
20075,-84.75840764709291,-2.1077345064135744,158555,-85.91178621041317,3.2728237667350073,24
20076,90.30590132467702,4.04637765702742,158565,78.01149217232324,3.6022338347977136,6
20077,-64.79882450011645,1.1625210907042405,158600,-66.8889597803445,2.169628081691683,14
20078,-71.72226529541413,-0.6294864220757573,158606,-66.8889597803445,2.169628081691683,14
20079,-68.67557297315392,-1.0788940489445542,158608,-66.8889597803445,2.169628081691683,14
20080,-79.26442235856267,-7.712750444371392,158633,-77.6204452281073,-4.536559244831727,5
20081,315.45945229983806,9.585188016994744,158648,302.44973475302317,-5.405747081354008,25
20082,-112.78724045446126,-1.9466802652258166,158649,-109.71624596876933,-1.0040630408538558,16
20083,-133.36413275936675,7.773937837313239,158659,-132.1080396739421,5.887059356646324,17
20084,12.196401161961981,-11.652861104218738,158684,18.937510567705566,1.034768221250525,27
20085,-138.15594024751908,3.135755627173713,158685,-137.57400940459857,4.493303950559668,20
20086,-120.9785109599847,0.05135836541092497,158695,-118.09857507912784,0.7103841694799473,11
20087,371.24893888613184,-0.0931506456343257,158713,417.6915390220547,-4.11857226961515,29
20088,-140.03920238412945,1.5728242872630476,158720,-141.0346653257256,-1.1036168920026446,0
20089,-121.94735112416706,-0.14265920844066945,158723,-123.94204162798616,-1.5144507595891967,3
20090,-129.44837478376215,-7.097189874403377,158732,-130.75996572568545,-6.6137591708523855,18
20091,-155.2451256649483,4.814221043350061,158736,-152.23629829764135,4.213482038439798,37
20092,250.0433219587685,-1.728599366058548,158771,227.03647807555316,-5.020718083634986,26
20093,-34.92310581793825,3.8825197456503506,158783,-29.714479793685786,-1.264748112657314,8
20094,41.2132788288422,4.72131614750913,158790,47.997068783449585,1.2679199422360634,13
20095,97.22511212732194,4.390210650037091,158795,104.96211155305676,-0.5414592591613776,31
20096,-105.1185008075581,3.9064519414297982,158800,-104.7190727296112,3.8815952186994593,7
20097,60.63227698881181,-2.0723448226381658,158803,47.997068783449585,1.2679199422360634,13
20098,43.11052307234925,5.995003892875322,158808,47.997068783449585,1.2679199422360634,13
20099,-101.08744832788139,3.7934058720147754,158821,-104.7190727296112,3.8815952186994593,7
20100,112.06983118212233,8.55242401423036,158840,104.96211155305676,-0.5414592591613776,31
20101,-97.42020923175552,-20.87744108684929,158841,-95.36861679384212,-10.95784818293233,28
20102,107.1758100131418,6.662992178396458,158842,104.96211155305676,-0.5414592591613776,31
20103,-24.76778878405655,0.6141074084398309,158843,-29.714479793685786,-1.264748112657314,8
20104,-48.25683912807762,-7.370236436672684,158852,-49.93530245157272,-0.19848027172185767,2
20105,-128.3779674004375,8.167687259645934,158857,-132.1080396739421,5.887059356646324,17
20106,-65.8413005426791,1.023742345402535,158865,-66.8889597803445,2.169628081691683,14
20107,-116.76111992464024,-0.5530952386396699,158868,-118.09857507912784,0.7103841694799473,11
20108,94.4452944898374,1.5679455169517322,158870,104.96211155305676,-0.5414592591613776,31
20109,125.19952952324927,-7.767498358578791,158873,135.4076551174278,-1.697351881935795,33
20110,188.78941182893982,14.958927007281837,158874,172.66355239880147,-2.7112682595768685,38
20111,-140.89487571968618,-2.1214650754737483,158879,-141.0346653257256,-1.1036168920026446,0
20112,-111.90238779025525,0.07674967075786295,158892,-109.71624596876933,-1.0040630408538558,16
20113,-116.2386572196537,6.349176173088019,158901,-114.33047638704419,5.73481138949136,19
20114,-140.14017062354665,4.283312084098067,158902,-142.14616351708418,5.245197398204194,22
20115,29.039750751462623,-23.172548774468613,158904,28.39696760572947,-22.91072472808294,12
20116,-84.00192068955539,3.2302007296459005,158907,-85.91178621041317,3.2728237667350073,24
20117,-153.09499793344568,2.0523914549671227,158908,-152.23629829764135,4.213482038439798,37
20118,-150.88180447916713,-3.0893703002324386,158909,-148.09620948762597,-1.1157003398540595,36
20119,-133.12741149569268,3.104879058937774,158917,-132.1080396739421,5.887059356646324,17
20120,-126.91278527083803,-0.46798875418638225,158928,-129.1025175244067,1.5488809909733745,1
20121,111.84079633635066,12.032991295460839,158958,104.96211155305676,-0.5414592591613776,31
20122,-116.04017203846246,1.456961426870382,158961,-118.09857507912784,0.7103841694799473,11
20123,-143.3428943367519,7.140297732476575,158964,-142.14616351708418,5.245197398204194,22
20124,-69.20526660483982,6.918615418677661,158965,-66.8889597803445,2.169628081691683,14
20125,-120.16429579690258,4.132586614886984,158979,-123.80894152337959,5.566802721935252,23
20126,-95.84073033356292,-0.49879072725387197,158986,-96.6939343764425,2.7165835152131033,15
20127,-109.06688472177855,1.6937860952355948,158990,-109.71624596876933,-1.0040630408538558,16
20128,-148.2477494424077,4.983969080107135,158991,-146.59606179012786,4.113086925586259,4
20129,-44.821647022023356,0.9730521818940407,158994,-49.93530245157272,-0.19848027172185767,2
20130,1.2154968835806956,1.9702373090256227,158996,-6.878718007946434,-1.0926682779646681,10
20131,111.53452562973999,0.9398371229685102,158997,104.96211155305676,-0.5414592591613776,31
20132,-90.46644762023425,10.749698074751388,159003,-85.91178621041317,3.2728237667350073,24
20133,-102.05919884719725,2.1218426475081205,159004,-104.7190727296112,3.8815952186994593,7
20134,-149.27430793265847,5.534707192909618,159019,-146.59606179012786,4.113086925586259,4
20135,-102.91907081668116,1.1100573806474103,159022,-104.7190727296112,3.8815952186994593,7
20136,-126.0789030314831,2.1661724827665494,159028,-129.1025175244067,1.5488809909733745,1
20137,40.61838034961004,-2.111838846225684,159029,47.997068783449585,1.2679199422360634,13
20138,-152.1535019136321,3.3602736400615414,159036,-152.23629829764135,4.213482038439798,37
20139,25.174395514954437,-11.463595026858595,159050,28.39696760572947,-22.91072472808294,12
20140,-140.87095587696618,-2.135842571394468,159052,-141.0346653257256,-1.1036168920026446,0
20141,-121.2180849020343,5.287433329451483,159056,-123.80894152337959,5.566802721935252,23
20142,-14.40907138157925,-2.9475943718168924,159075,-6.878718007946434,-1.0926682779646681,10
20143,653.6209305380587,4.195525388132869,159113,586.0312761189704,-1.722944617346204,30
20144,-107.93966500895107,0.4393987672260593,159124,-109.71624596876933,-1.0040630408538558,16
20145,112.25847867856396,5.4445533376713175,159125,104.96211155305676,-0.5414592591613776,31
20146,-117.15672786530497,4.5292256576880865,159133,-114.33047638704419,5.73481138949136,19
20147,-61.452393144216956,-5.85525798364482,159135,-66.8889597803445,2.169628081691683,14
20148,-78.3375043993661,-21.337234653545387,159147,-77.6204452281073,-4.536559244831727,5
20149,-79.3231017675812,8.311687244830177,159168,-85.91178621041317,3.2728237667350073,24
20150,-139.2560595508618,5.307005370127774,159170,-137.57400940459857,4.493303950559668,20
20151,74.36551872249952,-12.270571450676622,159178,70.166569844569,-14.692630117552799,9
20152,-138.81238387314693,-2.348216838656291,159185,-141.0346653257256,-1.1036168920026446,0
20153,77.05662876812164,7.230242375297245,159192,78.01149217232324,3.6022338347977136,6
20154,-13.834324784691358,1.7683585436613214,159199,-6.878718007946434,-1.0926682779646681,10
20155,-143.00851199667318,2.3796271664149615,159207,-142.14616351708418,5.245197398204194,22
20156,537.398802476598,3.525681737433773,159211,586.0312761189704,-1.722944617346204,30
20157,182.7945860976965,0.02184725106988326,159217,172.66355239880147,-2.7112682595768685,38
20158,592.3764359775885,-8.76951269234466,159223,586.0312761189704,-1.722944617346204,30
20159,-127.91677509351989,1.1306120343599273,159233,-129.1025175244067,1.5488809909733745,1
20160,-30.08338336521172,6.447972370186476,159235,-29.714479793685786,-1.264748112657314,8
20161,-101.17906700705237,4.76969043506393,159249,-104.7190727296112,3.8815952186994593,7
20162,-118.89357223143418,-0.2236435231137937,159257,-118.09857507912784,0.7103841694799473,11
20163,-51.284405371711294,-6.803735704782062,159262,-49.93530245157272,-0.19848027172185767,2
20164,-66.1460130005972,5.1749687764268835,159263,-66.8889597803445,2.169628081691683,14
20165,-90.00828765252882,1.731320041735081,159264,-85.91178621041317,3.2728237667350073,24
20166,486.6187362104029,13.082669895688367,159295,417.6915390220547,-4.11857226961515,29
20167,-128.13882853681218,-11.29178405061935,159299,-130.75996572568545,-6.6137591708523855,18
20168,-104.90174077387249,1.727447203116993,159303,-104.7190727296112,3.8815952186994593,7
20169,-67.08255292501985,5.274355044205503,159315,-66.8889597803445,2.169628081691683,14
20170,-144.33831985972063,7.015626561407295,159327,-142.14616351708418,5.245197398204194,22
20171,-107.22751855217398,5.750837775458893,159337,-104.7190727296112,3.8815952186994593,7
20172,276.6807637278882,5.115052317483393,159343,302.44973475302317,-5.405747081354008,25
20173,-125.1240977433453,3.6835395667666835,159346,-123.80894152337959,5.566802721935252,23
20174,642.6146994988951,-39.012811625616465,159352,586.0312761189704,-1.722944617346204,30
20175,-129.20319586349808,4.325039375166894,159381,-129.1025175244067,1.5488809909733745,1
20176,-135.35949621417444,7.614975337724559,159385,-132.1080396739421,5.887059356646324,17
20177,95.39182035127287,-26.18512451916804,159387,110.19899446847099,-35.665903512662624,21
20178,347.98360140579143,-11.450283342270547,159411,302.44973475302317,-5.405747081354008,25
20179,-111.28333237712037,7.392376532601324,159437,-114.33047638704419,5.73481138949136,19
20180,-79.01967962277483,3.7047086889184473,159447,-85.91178621041317,3.2728237667350073,24
20181,-140.0117303976118,0.45857078523401595,159453,-141.0346653257256,-1.1036168920026446,0
20182,189.66485518406097,-26.993157437827378,159463,172.66355239880147,-2.7112682595768685,38
20183,25.51828441814342,-1.2002655981086137,159478,18.937510567705566,1.034768221250525,27
20184,-112.90991946071014,-0.28767504611263955,159480,-109.71624596876933,-1.0040630408538558,16
20185,-105.20311597636105,5.747136226429246,159489,-104.7190727296112,3.8815952186994593,7
20186,-104.78346101068533,-0.36417549778240993,159504,-104.7190727296112,3.8815952186994593,7
20187,671.5612944260495,-37.351420755987505,159550,586.0312761189704,-1.722944617346204,30
20188,-93.25508103873986,6.598690845849001,159554,-96.6939343764425,2.7165835152131033,15
20189,-14.905313559179632,3.824630101432434,159560,-6.878718007946434,-1.0926682779646681,10
20190,290.1600496768025,13.169984435410383,159563,302.44973475302317,-5.405747081354008,25
20191,164.49004982998028,3.296334599096432,159564,172.66355239880147,-2.7112682595768685,38
20192,-96.45179368387974,10.328260328125191,159577,-96.6939343764425,2.7165835152131033,15
20193,-105.70223172832894,-2.1572632253339985,159584,-109.71624596876933,-1.0040630408538558,16
20194,-146.80643763613884,-2.6137152953934524,159594,-148.09620948762597,-1.1157003398540595,36
20195,-120.98839073591296,1.7919368994249045,159603,-118.09857507912784,0.7103841694799473,11
20196,-92.31068229288294,-8.964725584115158,159607,-95.36861679384212,-10.95784818293233,28
20197,-36.14386193592534,7.149964538668186,159618,-29.714479793685786,-1.264748112657314,8
20198,-118.89905212360304,-0.10103481181231959,159622,-118.09857507912784,0.7103841694799473,11
20199,-128.0149788959735,0.2263397774054475,159626,-129.1025175244067,1.5488809909733745,1
20200,-135.22642121476952,5.215313622423926,159634,-137.57400940459857,4.493303950559668,20
20201,792.2429534932509,14.293433045022109,159640,861.6475783799328,6.515082937232454,35
20202,311.8262151645557,4.064724098822885,159655,302.44973475302317,-5.405747081354008,25
20203,-149.97630261269967,-0.48612302658958917,159669,-148.09620948762597,-1.1157003398540595,36
20204,-113.40977924296253,9.119997628675716,159671,-114.33047638704419,5.73481138949136,19
20205,-8.078888994329523,-8.018683482749752,159678,-6.878718007946434,-1.0926682779646681,10
20206,-97.1198194599399,5.088807481639434,159679,-96.6939343764425,2.7165835152131033,15
20207,-95.35809631000868,8.795637439784576,159683,-96.6939343764425,2.7165835152131033,15
20208,228.1342662907936,-17.806996207838434,159689,227.03647807555316,-5.020718083634986,26
20209,-115.3258010618747,7.7622278318817655,159701,-114.33047638704419,5.73481138949136,19
20210,-66.50549246666127,11.992758603682086,159705,-66.8889597803445,2.169628081691683,14
20211,-146.13269332901095,3.516627487900332,159719,-146.59606179012786,4.113086925586259,4
20212,917.2319202194722,-9.734736013112125,159724,861.6475783799328,6.515082937232454,35
20213,88.05928254424315,-35.80596429184773,159750,110.19899446847099,-35.665903512662624,21
20214,3.2348874403030936,-26.865730350604622,159756,28.39696760572947,-22.91072472808294,12
20215,-40.360910591976015,-5.456087493511757,159776,-49.93530245157272,-0.19848027172185767,2
20216,1142.0504184467407,0.5888175942520547,159780,1342.5649032771717,32.04824045393157,32
20217,13.022486988872293,-8.865931271531505,159786,18.937510567705566,1.034768221250525,27
20218,-150.32597428298735,6.653264882399731,159801,-152.23629829764135,4.213482038439798,37
20219,-93.46319994623143,-4.642681467230819,159803,-95.36861679384212,-10.95784818293233,28
20220,-106.84200871702475,-0.6619202651807884,159808,-109.71624596876933,-1.0040630408538558,16
20221,-100.08386923277918,3.750781000670682,159814,-96.6939343764425,2.7165835152131033,15
20222,-129.4400395689718,-7.285045304926925,159815,-130.75996572568545,-6.6137591708523855,18
20223,-147.11290471300353,2.5399611941360716,159816,-146.59606179012786,4.113086925586259,4
20224,-140.27796374754695,5.767634302676092,159826,-142.14616351708418,5.245197398204194,22
20225,-147.90877763692686,-0.3889948486235967,159837,-148.09620948762597,-1.1157003398540595,36
20226,70.11787993232859,-8.459408066173417,159853,70.166569844569,-14.692630117552799,9
20227,-116.79496469176127,-2.3608175848923594,159854,-118.09857507912784,0.7103841694799473,11
20228,81.90035066362961,-19.753684591561452,159857,70.166569844569,-14.692630117552799,9
20229,-86.12938876695004,-25.009299739777443,159882,-95.36861679384212,-10.95784818293233,28
20230,-107.04891060621756,1.8231879766292336,159893,-104.7190727296112,3.8815952186994593,7
20231,-106.0961163441753,3.386408295220658,159912,-104.7190727296112,3.8815952186994593,7
20232,-38.33655963480179,10.29748913507656,159917,-29.714479793685786,-1.264748112657314,8
20233,239.9199803436159,0.27939228245769765,159925,227.03647807555316,-5.020718083634986,26
20234,223.52373742263768,-9.11458287694959,159932,227.03647807555316,-5.020718083634986,26
20235,-6.906366663521887,-11.267001457461038,159941,-6.878718007946434,-1.0926682779646681,10
20236,-42.160041126969475,-7.833112833546977,159945,-49.93530245157272,-0.19848027172185767,2
20237,-111.05672535383596,2.4340696956086942,159964,-109.71624596876933,-1.0040630408538558,16
20238,-141.03891083976282,1.0176753449836855,159966,-141.0346653257256,-1.1036168920026446,0
20239,-67.63516606553551,-1.9698899387380466,159982,-66.8889597803445,2.169628081691683,14
20240,-39.086244245625366,4.309819086819296,160013,-29.714479793685786,-1.264748112657314,8
20241,-116.09049635048888,3.0927663427544787,160015,-118.09857507912784,0.7103841694799473,11
20242,11.472269520606284,-15.656922809536658,160033,18.937510567705566,1.034768221250525,27
20243,535.377493626035,18.163079433806708,160037,586.0312761189704,-1.722944617346204,30
20244,-139.18268103711364,4.229350949441708,160041,-137.57400940459857,4.493303950559668,20
20245,126.39506768286772,3.7216936869716872,160045,135.4076551174278,-1.697351881935795,33
20246,-103.19969883142782,5.703797619582164,160065,-104.7190727296112,3.8815952186994593,7
20247,-110.74842162711403,-16.481079732271652,160072,-115.69510858146283,-11.595084171039186,39
20248,-92.23844443195583,6.7420762487766215,160095,-96.6939343764425,2.7165835152131033,15
20249,423.942489191846,-8.253873303283662,160096,417.6915390220547,-4.11857226961515,29
20250,6.303178581465524,0.6298649407303937,160110,18.937510567705566,1.034768221250525,27
20251,-69.8479329279054,-0.4317043830620254,160111,-66.8889597803445,2.169628081691683,14
20252,117.6588189679816,-14.87999839447101,160113,104.96211155305676,-0.5414592591613776,31
20253,23.82100577737637,-34.75548683162252,160119,28.39696760572947,-22.91072472808294,12
20254,34.17174137734829,3.9642002310501923,160142,47.997068783449585,1.2679199422360634,13
20255,339.0646057791028,16.07700212813088,160153,302.44973475302317,-5.405747081354008,25
20256,-106.00920594335767,1.99807524509918,160154,-104.7190727296112,3.8815952186994593,7
20257,-71.7955015601378,-0.5604279451612766,160161,-66.8889597803445,2.169628081691683,14
20258,-145.9301722922977,-1.9743388540341253,160180,-148.09620948762597,-1.1157003398540595,36
20259,454.40724100293824,0.39794756464633513,160181,417.6915390220547,-4.11857226961515,29
20260,89.35889882313073,-11.863375500104073,160185,78.01149217232324,3.6022338347977136,6
20261,-89.8147412411717,0.5586764891630268,160188,-85.91178621041317,3.2728237667350073,24
20262,-86.01981583300892,2.5829373659337436,160202,-85.91178621041317,3.2728237667350073,24
20263,-144.04445755515817,0.5894223394225793,160219,-141.0346653257256,-1.1036168920026446,0
20264,38.94132930487246,8.60198936596443,160224,47.997068783449585,1.2679199422360634,13
20265,-25.936028762098065,4.307239634735463,160237,-29.714479793685786,-1.264748112657314,8
20266,-100.07685294552327,-25.882667768918438,160241,-95.36861679384212,-10.95784818293233,28
20267,499.8740258386989,9.765720508301614,160245,417.6915390220547,-4.11857226961515,29
20268,433.46158317868856,-1.142352075014868,160248,417.6915390220547,-4.11857226961515,29
20269,-68.55311827464465,-3.7698824494652716,160256,-66.8889597803445,2.169628081691683,14
20270,106.1857313585533,5.905409959501632,160258,104.96211155305676,-0.5414592591613776,31
20271,-121.89700890585048,-1.2479066855303511,160260,-123.94204162798616,-1.5144507595891967,3
20272,187.85639864418152,-0.7204313993024839,160274,172.66355239880147,-2.7112682595768685,38
20273,-72.96192688119126,2.5445667141186297,160275,-66.8889597803445,2.169628081691683,14
20274,-136.14656256581466,2.9579686239899976,160285,-137.57400940459857,4.493303950559668,20
20275,-40.22333151825838,-7.447382507884827,160286,-49.93530245157272,-0.19848027172185767,2
20276,-80.12441598538035,4.960908347550873,160293,-85.91178621041317,3.2728237667350073,24
20277,-111.80798926359823,-1.9810255597707311,160320,-109.71624596876933,-1.0040630408538558,16
20278,-148.16817056272185,3.763481822939727,160329,-146.59606179012786,4.113086925586259,4
20279,-111.83993798047233,-0.7977404059997318,160334,-109.71624596876933,-1.0040630408538558,16
20280,-90.95600528763558,0.5857343876282751,160336,-85.91178621041317,3.2728237667350073,24
20281,-53.014996992117375,4.564874540098031,160337,-49.93530245157272,-0.19848027172185767,2
20282,-108.96667555263546,2.036577064252904,160339,-109.71624596876933,-1.0040630408538558,16
20283,211.5369287107433,4.598788173890621,160342,227.03647807555316,-5.020718083634986,26
20284,-112.93225479381883,0.19126477037028394,160357,-109.71624596876933,-1.0040630408538558,16
20285,439.7100424239479,-4.428723719518699,160359,417.6915390220547,-4.11857226961515,29
20286,706.106188995001,-0.9308058742404025,160362,586.0312761189704,-1.722944617346204,30
20287,-112.09079556264008,2.6709780136456978,160377,-114.33047638704419,5.73481138949136,19
20288,-60.08309045398634,4.902279619413899,160380,-66.8889597803445,2.169628081691683,14
20289,-117.26770716881057,6.442494102013153,160385,-114.33047638704419,5.73481138949136,19
20290,-96.03208231420042,3.6826436509024276,160388,-96.6939343764425,2.7165835152131033,15
20291,-121.21327580384231,5.169066898643493,160393,-123.80894152337959,5.566802721935252,23
20292,-141.17369416946966,4.4919321758207,160399,-142.14616351708418,5.245197398204194,22
20293,-94.35036280861755,8.153215148995981,160402,-96.6939343764425,2.7165835152131033,15
20294,40.962945497567205,7.655398966295361,160403,47.997068783449585,1.2679199422360634,13
20295,-64.13805897646407,5.516535956383826,160410,-66.8889597803445,2.169628081691683,14
20296,594.7585774342881,29.124164779539267,160412,586.0312761189704,-1.722944617346204,30
20297,-127.18806019948077,4.534465214880334,160413,-123.80894152337959,5.566802721935252,23
20298,-126.63399252508955,-5.030836378656875,160418,-130.75996572568545,-6.6137591708523855,18
20299,-131.20492406444436,4.835892815696562,160424,-132.1080396739421,5.887059356646324,17
20300,902.0101309045439,-21.401269068223836,160426,861.6475783799328,6.515082937232454,35
20301,-15.56691343791177,-0.5188004830546914,160446,-6.878718007946434,-1.0926682779646681,10
20302,-109.24109135451536,-9.242444305000728,160452,-115.69510858146283,-11.595084171039186,39
20303,365.1113474484298,1.7841897635154935,160460,417.6915390220547,-4.11857226961515,29
20304,-121.73773599525536,-3.190345155909244,160471,-123.94204162798616,-1.5144507595891967,3
20305,-143.3405586379645,7.079032225105618,160490,-142.14616351708418,5.245197398204194,22
20306,30.32084242239642,2.191337273649299,160492,18.937510567705566,1.034768221250525,27
20307,263.73052435141125,3.3063306622605397,160499,227.03647807555316,-5.020718083634986,26
20308,59.99387953784038,-7.432968687088138,160500,70.166569844569,-14.692630117552799,9
20309,-115.27676172287576,6.673689021272557,160504,-114.33047638704419,5.73481138949136,19
20310,-101.89279722344946,1.0412162627241104,160505,-104.7190727296112,3.8815952186994593,7
20311,-124.13594089997093,3.438338086528882,160508,-123.80894152337959,5.566802721935252,23
20312,-139.8503335730013,-1.032545408656735,160512,-141.0346653257256,-1.1036168920026446,0
20313,-150.70997570860482,-4.811581223873611,160514,-148.09620948762597,-1.1157003398540595,36
20314,-118.36551388134782,8.060047097986631,160516,-114.33047638704419,5.73481138949136,19
20315,-95.22963104624395,5.453545470878734,160533,-96.6939343764425,2.7165835152131033,15
20316,-132.33275251981232,7.1124394802688125,160545,-132.1080396739421,5.887059356646324,17
20317,5.960829075001222,7.0931872814759185,160563,18.937510567705566,1.034768221250525,27
20318,-22.75535720982952,0.4091026052359295,160573,-29.714479793685786,-1.264748112657314,8
20319,371.94042813433475,18.838885739839558,160579,417.6915390220547,-4.11857226961515,29
20320,452.7028358397532,10.691660408818395,160583,417.6915390220547,-4.11857226961515,29
20321,-71.17618904796475,6.756889364469043,160587,-66.8889597803445,2.169628081691683,14
20322,202.3236417449054,-7.146497149821738,160589,227.03647807555316,-5.020718083634986,26
20323,-0.6785509069060012,-13.58616087779045,160590,-6.878718007946434,-1.0926682779646681,10
20324,-132.20635192720403,4.861110567976794,160594,-132.1080396739421,5.887059356646324,17
20325,-74.92219047152732,-13.59015713438185,160596,-77.6204452281073,-4.536559244831727,5
20326,77.85034663668426,-4.501187356520372,160598,78.01149217232324,3.6022338347977136,6
20327,38.760643222703,-4.210924707957714,160599,47.997068783449585,1.2679199422360634,13
20328,542.903949489085,-3.8632709957439118,160609,586.0312761189704,-1.722944617346204,30
20329,61.51902182730402,0.42502727852755356,160615,47.997068783449585,1.2679199422360634,13
20330,-29.83503493294649,-26.908979391225266,160625,-29.714479793685786,-1.264748112657314,8
20331,-138.3230338283351,6.778375983528433,160626,-137.57400940459857,4.493303950559668,20
20332,-112.75884840730592,-1.5406926080652255,160627,-109.71624596876933,-1.0040630408538558,16
20333,-104.04338680319415,3.3015292535336127,160628,-104.7190727296112,3.8815952186994593,7
20334,80.6406233256156,-1.9208252801478813,160630,78.01149217232324,3.6022338347977136,6
20335,-100.21582639171531,5.0912268021204765,160649,-96.6939343764425,2.7165835152131033,15
20336,-148.1189585432444,2.659737458233774,160659,-146.59606179012786,4.113086925586259,4
20337,-131.57229142336203,-5.96282396129547,160674,-130.75996572568545,-6.6137591708523855,18
20338,-107.07200514011724,3.8775233677074836,160677,-104.7190727296112,3.8815952186994593,7
20339,-60.4136378042825,-4.644683104640345,160679,-66.8889597803445,2.169628081691683,14
20340,-24.04734485164703,5.2442637374052,160680,-29.714479793685786,-1.264748112657314,8
20341,76.16965043925542,-8.957482828926167,160681,70.166569844569,-14.692630117552799,9
20342,-24.487983944776555,-3.43484692612119,160690,-29.714479793685786,-1.264748112657314,8
20343,65.46661765977258,1.1196403479918584,160706,78.01149217232324,3.6022338347977136,6
20344,-81.1143388396201,3.689263656292124,160715,-85.91178621041317,3.2728237667350073,24
20345,410.5917555752913,10.345855436179333,160723,417.6915390220547,-4.11857226961515,29
20346,-148.75307306697744,-3.8245586531700013,160725,-148.09620948762597,-1.1157003398540595,36
20347,-44.75253983213611,-0.5563184763401626,160726,-49.93530245157272,-0.19848027172185767,2
20348,-8.891010624864368,-25.855827458158213,160727,-6.878718007946434,-1.0926682779646681,10
20349,189.04246569908588,11.463243574464062,160730,172.66355239880147,-2.7112682595768685,38
20350,242.55658600890052,5.727570763483712,160735,227.03647807555316,-5.020718083634986,26
20351,37.93074215423216,-6.9493482012707535,160742,47.997068783449585,1.2679199422360634,13
20352,-18.372313037889224,-4.836414617593866,160749,-29.714479793685786,-1.264748112657314,8
20353,285.7939624549889,-10.904401167982378,160754,302.44973475302317,-5.405747081354008,25
20354,94.77942234405731,-3.178197032943368,160756,104.96211155305676,-0.5414592591613776,31
20355,-69.29073727731732,-6.97597646824729,160776,-77.6204452281073,-4.536559244831727,5
20356,-116.40757440641133,9.01487941155925,160785,-114.33047638704419,5.73481138949136,19
20357,264.54033535279933,-7.760991693263748,160790,227.03647807555316,-5.020718083634986,26
20358,-57.207774680077925,6.647212705539922,160795,-49.93530245157272,-0.19848027172185767,2
20359,-69.15856420943574,6.934355795211385,160801,-66.8889597803445,2.169628081691683,14
20360,58.18967490688418,4.5163761571772145,160803,47.997068783449585,1.2679199422360634,13
20361,2.780143908761504,9.468867251373416,160810,-6.878718007946434,-1.0926682779646681,10
20362,356.4740925724444,-3.73453309856032,160818,302.44973475302317,-5.405747081354008,25
20363,-62.21053843870033,7.155053865646817,160827,-66.8889597803445,2.169628081691683,14
20364,-125.5110162687828,-6.681016016236933,160843,-130.75996572568545,-6.6137591708523855,18
20365,-117.11093227588127,3.0302529295581664,160847,-118.09857507912784,0.7103841694799473,11
20366,-118.06177301584925,1.9229044769375458,160863,-118.09857507912784,0.7103841694799473,11
20367,14.985213478597505,5.698640130147588,160879,18.937510567705566,1.034768221250525,27
20368,-109.49625674872307,-4.687146793108839,160886,-109.71624596876933,-1.0040630408538558,16
20369,155.31429943724015,6.50171612206679,160919,172.66355239880147,-2.7112682595768685,38
20370,-81.60685578220767,-2.820789011331239,160920,-77.6204452281073,-4.536559244831727,5
20371,217.78893988333277,-12.968515282461855,160927,227.03647807555316,-5.020718083634986,26
20372,-99.92891872462884,-13.364691625151618,160930,-95.36861679384212,-10.95784818293233,28
20373,-9.71155869968988,0.17530959142827743,160941,-6.878718007946434,-1.0926682779646681,10
20374,-114.34902050303617,7.761227981307509,160942,-114.33047638704419,5.73481138949136,19
20375,-80.06471374527915,-11.080346230507486,160949,-77.6204452281073,-4.536559244831727,5
20376,-87.30699719309757,8.332946921380147,160968,-85.91178621041317,3.2728237667350073,24
20377,859.8356999261536,-20.329293880930503,161002,861.6475783799328,6.515082937232454,35
20378,-138.2892422379358,6.5704104025784655,161007,-137.57400940459857,4.493303950559668,20
20379,-108.00155233119416,0.7815183072785875,161009,-109.71624596876933,-1.0040630408538558,16
20380,-84.93843466861729,1.3134202668955275,161019,-85.91178621041317,3.2728237667350073,24
20381,-93.86304900463975,0.5363384794718438,161020,-96.6939343764425,2.7165835152131033,15
20382,-35.76533913461862,-0.10566452618762108,161024,-29.714479793685786,-1.264748112657314,8
20383,-3.9206997075246908,-10.385230239877156,161030,-6.878718007946434,-1.0926682779646681,10
20384,-44.50257994347704,-17.664802113003446,161033,-49.93530245157272,-0.19848027172185767,2
20385,-107.23115311796792,6.345718712587119,161036,-104.7190727296112,3.8815952186994593,7
20386,-118.92279857976347,0.9140932339571827,161037,-118.09857507912784,0.7103841694799473,11
20387,-147.1648058988271,4.195378592010113,161047,-146.59606179012786,4.113086925586259,4
20388,-123.32187454957483,7.519366473257116,161056,-123.80894152337959,5.566802721935252,23
20389,-40.85620535425396,1.7928137446670345,161069,-49.93530245157272,-0.19848027172185767,2
20390,-102.00760104242217,2.5556731021711205,161071,-104.7190727296112,3.8815952186994593,7
20391,-145.8402054179396,-1.344442006267487,161075,-148.09620948762597,-1.1157003398540595,36
20392,-25.974960855183934,5.1715581968363455,161077,-29.714479793685786,-1.264748112657314,8
20393,-95.74100793305647,-0.6363232563579864,161078,-96.6939343764425,2.7165835152131033,15
20394,284.74920903179236,-24.67148723727442,161084,302.44973475302317,-5.405747081354008,25
20395,34.28087199149985,2.6189841190103063,161098,47.997068783449585,1.2679199422360634,13
20396,-107.17160138229312,5.011673016531219,161101,-104.7190727296112,3.8815952186994593,7
20397,309.29950646866564,-2.761118803026475,161106,302.44973475302317,-5.405747081354008,25
20398,-123.09176022780439,2.9814597442297313,161117,-123.80894152337959,5.566802721935252,23
20399,-112.13958172552546,3.7272928059503907,161121,-114.33047638704419,5.73481138949136,19
20400,-147.24245823654118,5.379319371741352,161129,-146.59606179012786,4.113086925586259,4
20401,300.4799227796324,-5.841362752468807,161131,302.44973475302317,-5.405747081354008,25
20402,-123.62442384946566,-3.6391588655262335,161137,-123.94204162798616,-1.5144507595891967,3
20403,-75.63013867029031,-2.7180061924009453,161140,-77.6204452281073,-4.536559244831727,5
20404,-1.7100837671086166,1.3037675896749301,161155,-6.878718007946434,-1.0926682779646681,10
20405,-65.77812810204841,-0.3223732998683859,161159,-66.8889597803445,2.169628081691683,14
20406,-132.30267120908928,6.969263574782011,161168,-132.1080396739421,5.887059356646324,17
20407,-131.37007580796845,7.944162205438597,161169,-132.1080396739421,5.887059356646324,17
20408,258.1554353521938,11.70420754088496,161173,227.03647807555316,-5.020718083634986,26
20409,-52.99403094124407,3.0574456288228746,161174,-49.93530245157272,-0.19848027172185767,2
20410,-100.022803154705,1.8792425134410162,161175,-96.6939343764425,2.7165835152131033,15
20411,-43.917986005624456,3.0926651134350007,161185,-49.93530245157272,-0.19848027172185767,2
20412,972.8590006645579,-16.89544574680849,161200,861.6475783799328,6.515082937232454,35
20413,-142.91968618309028,-0.5872123168230905,161206,-141.0346653257256,-1.1036168920026446,0
20414,-40.49517975844539,12.725455874941705,161236,-49.93530245157272,-0.19848027172185767,2
20415,-129.06859099419052,1.8787285794469148,161241,-129.1025175244067,1.5488809909733745,1
20416,-116.04214214708047,2.5429623896915166,161243,-118.09857507912784,0.7103841694799473,11
20417,-137.8730394690294,-1.5186674550078776,161245,-141.0346653257256,-1.1036168920026446,0
20418,-26.358099565092573,-5.285451501412041,161246,-29.714479793685786,-1.264748112657314,8
20419,-145.29784544825685,6.12361408793383,161257,-146.59606179012786,4.113086925586259,4
20420,-126.10296489130336,2.680427585996167,161272,-129.1025175244067,1.5488809909733745,1
20421,-69.6796816365714,-16.264954194572827,161275,-77.6204452281073,-4.536559244831727,5
20422,-63.08356309107626,5.372605392865334,161276,-66.8889597803445,2.169628081691683,14
20423,-104.1279768517153,3.104511696591124,161285,-104.7190727296112,3.8815952186994593,7
20424,-76.31128773187112,8.105373154392261,161294,-85.91178621041317,3.2728237667350073,24
20425,419.5792144896088,11.287628413225486,161296,417.6915390220547,-4.11857226961515,29
20426,-82.23994169558145,7.457520484209153,161305,-85.91178621041317,3.2728237667350073,24
20427,27.151390660952238,-10.423739625697754,161306,28.39696760572947,-22.91072472808294,12
20428,-38.59349140460896,-1.3523283138225977,161308,-29.714479793685786,-1.264748112657314,8
20429,-136.0649434980929,1.1788691258448785,161330,-134.89656831690453,-0.030690791204986433,34
20430,-56.74685032451752,-14.579891676203417,161331,-49.93530245157272,-0.19848027172185767,2
20431,34.52914056650393,-15.488524241798096,161332,28.39696760572947,-22.91072472808294,12
20432,652.6111048307159,-38.75050141006516,161343,586.0312761189704,-1.722944617346204,30
20433,-10.38741089254862,-3.3475077836253218,161382,-6.878718007946434,-1.0926682779646681,10
20434,-88.34594502252938,8.127548978122167,161383,-85.91178621041317,3.2728237667350073,24
20435,-75.80637765716361,0.11547534489035063,161384,-77.6204452281073,-4.536559244831727,5
20436,-119.05748733525627,3.319869808876783,161385,-118.09857507912784,0.7103841694799473,11
20437,-110.99788460341554,2.189557782283649,161386,-109.71624596876933,-1.0040630408538558,16
20438,-69.22491575331557,6.823094860093491,161398,-66.8889597803445,2.169628081691683,14
20439,145.28089267017137,-8.184057400288022,161405,135.4076551174278,-1.697351881935795,33
20440,-140.47999454805773,-7.63163133945518,161414,-141.0346653257256,-1.1036168920026446,0
20441,-125.91234212450563,-0.9932970129570499,161415,-123.94204162798616,-1.5144507595891967,3
20442,102.9955715959553,8.995451252264722,161416,104.96211155305676,-0.5414592591613776,31
20443,-76.08476109168396,3.6232208641066994,161421,-77.6204452281073,-4.536559244831727,5
20444,225.36119262517568,8.177944302614243,161432,227.03647807555316,-5.020718083634986,26
20445,-89.76521977929586,-15.760179240240573,161441,-95.36861679384212,-10.95784818293233,28
20446,-132.91093730104524,0.4083812060803129,161442,-134.89656831690453,-0.030690791204986433,34
20447,-26.848032430446366,2.3662232979753384,161443,-29.714479793685786,-1.264748112657314,8
20448,-85.12757048772608,-25.53991048762029,161458,-95.36861679384212,-10.95784818293233,28
20449,-37.65697967387164,-1.4930154255932777,161460,-29.714479793685786,-1.264748112657314,8
20450,-126.7359736194575,-2.284765338561282,161462,-123.94204162798616,-1.5144507595891967,3
20451,-114.06616497228195,2.589461135744538,161464,-114.33047638704419,5.73481138949136,19
20452,378.08916551059025,-12.239220802812298,161467,417.6915390220547,-4.11857226961515,29
20453,-10.156050578980935,7.827613604122687,161469,-6.878718007946434,-1.0926682779646681,10
20454,186.97592239831587,12.884007031692272,161473,172.66355239880147,-2.7112682595768685,38
20455,-108.329885752256,7.44453317344976,161475,-104.7190727296112,3.8815952186994593,7
20456,49.857784688714894,-5.138563403617168,161476,47.997068783449585,1.2679199422360634,13
20457,23.34915548646641,-28.01305534899451,161482,28.39696760572947,-22.91072472808294,12
20458,-17.81161157952764,1.7152866896747236,161489,-6.878718007946434,-1.0926682779646681,10
20459,-102.15337065480156,3.6901191128062707,161505,-104.7190727296112,3.8815952186994593,7
20460,189.3632287014404,-8.220088336052461,161509,172.66355239880147,-2.7112682595768685,38
20461,-126.07666578285274,2.112019276864038,161512,-129.1025175244067,1.5488809909733745,1
20462,24.457538721919544,-0.3877378354346493,161518,18.937510567705566,1.034768221250525,27
20463,-36.826505000430494,0.7047791646173613,161523,-29.714479793685786,-1.264748112657314,8
20464,-127.21160622112063,4.551305587949107,161530,-129.1025175244067,1.5488809909733745,1
20465,-100.4422704202262,10.0461021997842,161531,-104.7190727296112,3.8815952186994593,7
20466,228.64385812631608,4.0940507899180405,161533,227.03647807555316,-5.020718083634986,26
20467,540.9171935711054,-18.41117342737472,161545,586.0312761189704,-1.722944617346204,30
20468,-83.67576283083535,-3.3965365681945103,161547,-77.6204452281073,-4.536559244831727,5
20469,-32.83436877292002,2.9815403213479432,161548,-29.714479793685786,-1.264748112657314,8
20470,46.340050850789105,2.549791795822881,161552,47.997068783449585,1.2679199422360634,13
20471,792.9956030353775,-10.75330567219581,161556,861.6475783799328,6.515082937232454,35
20472,-131.4608186675012,-6.856096937405194,161562,-130.75996572568545,-6.6137591708523855,18
20473,117.78671355627334,-17.173012549052416,161576,110.19899446847099,-35.665903512662624,21
20474,-108.17157744372594,4.993196881222426,161578,-104.7190727296112,3.8815952186994593,7
20475,-89.56764507066036,-3.799499163484834,161588,-85.91178621041317,3.2728237667350073,24
20476,-70.88544909887274,1.425961738216507,161592,-66.8889597803445,2.169628081691683,14
20477,-143.8511928759074,-0.5669859384293157,161595,-141.0346653257256,-1.1036168920026446,0
20478,-101.44176346438157,10.03414237240213,161597,-104.7190727296112,3.8815952186994593,7
20479,-18.51812736428861,-1.653192313316518,161602,-29.714479793685786,-1.264748112657314,8
20480,-128.8337029795571,-2.736134102145449,161618,-129.1025175244067,1.5488809909733745,1
20481,-101.15704657459274,5.3227877111690995,161624,-104.7190727296112,3.8815952186994593,7
20482,-112.08130617044235,2.437346883059323,161637,-114.33047638704419,5.73481138949136,19
20483,80.82496611235345,-3.387748215011522,161645,78.01149217232324,3.6022338347977136,6
20484,-18.409543326660515,-4.532186931967099,161649,-29.714479793685786,-1.264748112657314,8
20485,-49.05941214347257,5.076771513811006,161652,-49.93530245157272,-0.19848027172185767,2
20486,-119.03298103075126,1.2629223068870872,161657,-118.09857507912784,0.7103841694799473,11
20487,-138.98716430229004,-0.07325413636909077,161659,-141.0346653257256,-1.1036168920026446,0
20488,-118.28720288152218,6.86095587801501,161667,-114.33047638704419,5.73481138949136,19
20489,-108.02895839789426,2.3886746001910892,161669,-104.7190727296112,3.8815952186994593,7
20490,-113.04033492727581,2.559676748505047,161676,-114.33047638704419,5.73481138949136,19
20491,-120.41205643447232,-7.731086066239865,161688,-115.69510858146283,-11.595084171039186,39
20492,-67.06928581827918,4.994587843442854,161727,-66.8889597803445,2.169628081691683,14
20493,-101.84058907418049,0.4064994450610054,161732,-104.7190727296112,3.8815952186994593,7
20494,199.66463340584633,-12.092710529130668,161739,227.03647807555316,-5.020718083634986,26
20495,-17.89675225634539,3.578739034902701,161742,-6.878718007946434,-1.0926682779646681,10
20496,-116.18021461815545,4.532108192337766,161756,-114.33047638704419,5.73481138949136,19
20497,-144.09474650872426,2.205821460364621,161757,-146.59606179012786,4.113086925586259,4
20498,-118.21238529651926,5.217234367997595,161758,-114.33047638704419,5.73481138949136,19
20499,218.47705175936989,-8.679715287169735,161762,227.03647807555316,-5.020718083634986,26
20500,63.0352960638469,-7.266352382084319,161771,70.166569844569,-14.692630117552799,9
20501,-40.130062297298934,6.789973441464716,161775,-49.93530245157272,-0.19848027172185767,2
20502,-126.3802019616179,8.235183792456876,161783,-123.80894152337959,5.566802721935252,23
20503,-92.86412598235077,-14.662937230135057,161788,-95.36861679384212,-10.95784818293233,28
20504,-60.55825980017859,-2.4980388344194178,161808,-66.8889597803445,2.169628081691683,14
20505,-110.06389029208798,3.1361485379541216,161840,-109.71624596876933,-1.0040630408538558,16
20506,-77.03085588238376,3.4698788974844654,161857,-77.6204452281073,-4.536559244831727,5
20507,-129.07826736828196,3.120464918984937,161864,-129.1025175244067,1.5488809909733745,1
20508,-14.644949829792417,-0.3462577356982611,161866,-6.878718007946434,-1.0926682779646681,10
20509,849.9800013655746,-8.422891509905888,161897,861.6475783799328,6.515082937232454,35
20510,18.474502941343378,-0.34399859951680595,161906,18.937510567705566,1.034768221250525,27
20511,61.31377439746107,-11.348872318723515,161911,70.166569844569,-14.692630117552799,9
20512,271.6192908840387,-8.866469111190883,161912,302.44973475302317,-5.405747081354008,25
20513,-31.00340086933319,5.175446200874081,161919,-29.714479793685786,-1.264748112657314,8
20514,-103.693237343342,-2.8323918476844296,161924,-109.71624596876933,-1.0040630408538558,16
20515,-127.1897612363017,4.070306612834358,161927,-129.1025175244067,1.5488809909733745,1
20516,262.6819952215979,4.346111668532733,161935,227.03647807555316,-5.020718083634986,26
20517,-12.374765379953224,-5.198190079824788,161937,-6.878718007946434,-1.0926682779646681,10
20518,-122.92309903798521,-1.2043063984043827,161948,-123.94204162798616,-1.5144507595891967,3
20519,-127.31318331578397,7.263691005094256,161952,-123.80894152337959,5.566802721935252,23
20520,-124.2300159472146,6.0135256248613125,161961,-123.80894152337959,5.566802721935252,23
20521,44.35371270649216,1.1737384651809801,161967,47.997068783449585,1.2679199422360634,13
20522,123.60809614893316,0.5229360381715257,161971,135.4076551174278,-1.697351881935795,33
20523,-56.652901906897526,-1.3903852186416599,161982,-49.93530245157272,-0.19848027172185767,2
20524,227.49174202315265,6.398795446068676,161986,227.03647807555316,-5.020718083634986,26
20525,-112.19187301788621,4.878346874035434,162001,-114.33047638704419,5.73481138949136,19
20526,-107.08509099621287,2.107894676308373,162010,-104.7190727296112,3.8815952186994593,7
20527,-87.3311707871313,-7.929724745727597,162013,-95.36861679384212,-10.95784818293233,28
20528,86.17545525904112,-9.440241021059686,162029,78.01149217232324,3.6022338347977136,6
20529,-101.59039795641178,-3.5123969577494827,162031,-96.6939343764425,2.7165835152131033,15
20530,370.28626953750256,-0.9443809776228501,162039,417.6915390220547,-4.11857226961515,29
20531,-152.12444087827677,3.234424504515245,162057,-152.23629829764135,4.213482038439798,37
20532,-101.99416988067863,2.7723126873183013,162060,-104.7190727296112,3.8815952186994593,7
20533,-151.32539122595892,6.624635841292623,162061,-152.23629829764135,4.213482038439798,37
20534,-7.9680973062030125,5.8241602855260055,162063,-6.878718007946434,-1.0926682779646681,10
20535,-132.11708221428432,2.9130318366066,162067,-132.1080396739421,5.887059356646324,17
20536,-101.13309783946916,4.7913966782833946,162068,-104.7190727296112,3.8815952186994593,7
20537,-91.16168185541304,-24.385522013683456,162072,-95.36861679384212,-10.95784818293233,28
20538,282.22611723847666,-17.37207316375539,162084,302.44973475302317,-5.405747081354008,25
20539,133.9523010266187,-4.263764517848845,162086,135.4076551174278,-1.697351881935795,33
20540,3.9705278430488256,6.860496215194603,162087,-6.878718007946434,-1.0926682779646681,10
20541,-38.60925631994866,-1.012716496383172,162090,-29.714479793685786,-1.264748112657314,8
20542,-140.82795453465127,-2.560427151761065,162092,-141.0346653257256,-1.1036168920026446,0
20543,-109.98512579829584,2.421325522596987,162095,-109.71624596876933,-1.0040630408538558,16
20544,4.153082584275183,-11.353177990202292,162101,-6.878718007946434,-1.0926682779646681,10
20545,12.53377419140279,-2.7717367122742065,162116,18.937510567705566,1.034768221250525,27
20546,-100.31114522542822,8.207492339211157,162124,-104.7190727296112,3.8815952186994593,7
20547,379.2176764737368,15.450647140082856,162146,417.6915390220547,-4.11857226961515,29
20548,-13.140083344637427,7.964282538930786,162155,-6.878718007946434,-1.0926682779646681,10
20549,227.00401946811522,-15.990611497505713,162156,227.03647807555316,-5.020718083634986,26
20550,-19.99825859710191,-9.97961453270112,162178,-29.714479793685786,-1.264748112657314,8
20551,-35.79710729229727,1.6113365745727855,162184,-29.714479793685786,-1.264748112657314,8
20552,22.25344028306021,1.9912991754776639,162190,18.937510567705566,1.034768221250525,27
20553,13.789530058945964,-5.7921584294829165,162194,18.937510567705566,1.034768221250525,27
20554,-115.4363202667234,-6.100277460298141,162197,-115.69510858146283,-11.595084171039186,39
20555,31.544713496162274,-1.6608033619745834,162200,18.937510567705566,1.034768221250525,27
20556,200.2449209286405,-5.961448579469502,162205,227.03647807555316,-5.020718083634986,26
20557,-122.8095695499035,-1.6344773333404305,162208,-123.94204162798616,-1.5144507595891967,3
20558,-37.80867435545316,1.8218775171015438,162215,-29.714479793685786,-1.264748112657314,8
20559,18.286820621005578,-13.018424413231703,162230,18.937510567705566,1.034768221250525,27
20560,-31.1804580464551,-8.749343764734437,162242,-29.714479793685786,-1.264748112657314,8
20561,-84.68060250024195,-1.7612954389074125,162245,-85.91178621041317,3.2728237667350073,24
20562,3.8152855487725206,-6.02940266679993,162248,-6.878718007946434,-1.0926682779646681,10
20563,3.3218750153704852,1.202595613361893,162254,-6.878718007946434,-1.0926682779646681,10
20564,66.39715922440335,-13.10047174878245,162266,70.166569844569,-14.692630117552799,9
20565,-129.3295494722858,7.066010327152671,162271,-132.1080396739421,5.887059356646324,17
20566,-8.804911487517568,2.7521430136891327,162281,-6.878718007946434,-1.0926682779646681,10
20567,-142.88048010295356,-2.481382702487845,162288,-141.0346653257256,-1.1036168920026446,0
20568,104.75192583454442,12.833173550248295,162289,104.96211155305676,-0.5414592591613776,31
20569,153.72528774141261,-0.49230765558871503,162291,135.4076551174278,-1.697351881935795,33
20570,-144.12643908097672,2.89541573954824,162293,-146.59606179012786,4.113086925586259,4
20571,-72.27514326850738,7.387018927096977,162296,-66.8889597803445,2.169628081691683,14
20572,-118.07986541408442,2.3028803477483453,162306,-118.09857507912784,0.7103841694799473,11
20573,-142.1101264746933,3.090534802904792,162307,-142.14616351708418,5.245197398204194,22
20574,-113.0183103619912,-13.682307297353244,162313,-115.69510858146283,-11.595084171039186,39
20575,-39.05643923308057,5.197572733517842,162354,-29.714479793685786,-1.264748112657314,8
20576,19.778798735025873,9.789708992092166,162355,18.937510567705566,1.034768221250525,27
20577,-88.40347042208454,9.921409703428946,162373,-85.91178621041317,3.2728237667350073,24
20578,-142.34409553251982,7.180260518283611,162387,-142.14616351708418,5.245197398204194,22
20579,-128.24264787979328,5.212879140100251,162395,-129.1025175244067,1.5488809909733745,1
20580,19.468675936439954,-0.7229181074243541,162403,18.937510567705566,1.034768221250525,27
20581,-119.12188200005492,3.2256035744036007,162422,-118.09857507912784,0.7103841694799473,11
20582,58.50752975400676,0.11498907054167735,162426,47.997068783449585,1.2679199422360634,13
20583,199.84138581378107,-0.21281833494104252,162428,172.66355239880147,-2.7112682595768685,38
20584,-111.69422522805331,-2.9535820389165317,162436,-109.71624596876933,-1.0040630408538558,16
20585,2.1257158645259535,4.44567959457227,162437,-6.878718007946434,-1.0926682779646681,10
20586,19.29693129285515,0.9896953243452002,162438,18.937510567705566,1.034768221250525,27
20587,-136.11929238196433,3.4005670004915802,162439,-137.57400940459857,4.493303950559668,20
20588,-132.11491816772025,3.367352388396282,162441,-132.1080396739421,5.887059356646324,17
20589,451.13641416190364,4.220996674268225,162445,417.6915390220547,-4.11857226961515,29
20590,190.65746215624765,2.6442196729040663,162447,172.66355239880147,-2.7112682595768685,38
20591,-146.8915877535789,-2.279690365757782,162456,-148.09620948762597,-1.1157003398540595,36
20592,-101.99770586581522,2.3318044501129576,162468,-104.7190727296112,3.8815952186994593,7
20593,-137.27089029053602,5.670546557508664,162481,-137.57400940459857,4.493303950559668,20
20594,-136.84773272695892,-2.559689244316638,162491,-134.89656831690453,-0.030690791204986433,34
20595,-109.0484975505022,1.7729428261325388,162494,-109.71624596876933,-1.0040630408538558,16
20596,-134.1350270506664,3.251272617984966,162500,-132.1080396739421,5.887059356646324,17
20597,-101.87319110215789,0.6237934569123736,162507,-104.7190727296112,3.8815952186994593,7
20598,-94.86348058650502,0.024929225777481148,162512,-96.6939343764425,2.7165835152131033,15
20599,-141.0105910420912,0.40765470337670934,162513,-141.0346653257256,-1.1036168920026446,0
20600,-129.30818564313773,7.121888493913566,162515,-132.1080396739421,5.887059356646324,17
20601,-128.04406549283144,1.8676544391340701,162520,-129.1025175244067,1.5488809909733745,1
20602,-55.13404004454568,5.073503550820123,162521,-49.93530245157272,-0.19848027172185767,2
20603,-136.2736245975431,5.743422574240913,162544,-137.57400940459857,4.493303950559668,20
20604,21.787090918797706,-19.81348156374226,162554,28.39696760572947,-22.91072472808294,12
20605,65.4064707079469,1.413800701117065,162564,78.01149217232324,3.6022338347977136,6
20606,-118.8248883235384,-1.7400372267043174,162568,-118.09857507912784,0.7103841694799473,11
20607,-108.10973155712054,4.682546031332428,162580,-104.7190727296112,3.8815952186994593,7
20608,-139.7415762096085,-4.445741492866567,162583,-141.0346653257256,-1.1036168920026446,0
20609,99.25912988169578,-9.514099181189483,162585,104.96211155305676,-0.5414592591613776,31
20610,-147.3331463395009,6.869681710011581,162588,-146.59606179012786,4.113086925586259,4
20611,-1.851379553987545,4.40035517046282,162589,-6.878718007946434,-1.0926682779646681,10
20612,-79.18791577587817,-8.87182265937638,162590,-77.6204452281073,-4.536559244831727,5
20613,934.2447588505137,19.20700794562682,162611,861.6475783799328,6.515082937232454,35
20614,-116.76005712192955,-1.0815675343982534,162624,-118.09857507912784,0.7103841694799473,11
20615,206.8063416715473,0.6760178518210872,162642,227.03647807555316,-5.020718083634986,26
20616,74.79052296766311,-4.278995447057233,162651,78.01149217232324,3.6022338347977136,6
20617,44.049326869034786,6.838087557823976,162664,47.997068783449585,1.2679199422360634,13
20618,78.75146050205944,-17.570654716706564,162673,70.166569844569,-14.692630117552799,9
20619,-94.22045410314496,6.314231464245419,162683,-96.6939343764425,2.7165835152131033,15
20620,-66.39646930694592,-6.647133351179256,162694,-66.8889597803445,2.169628081691683,14
20621,243.70933694340908,3.4269963080902004,162706,227.03647807555316,-5.020718083634986,26
20622,-81.15746501469177,5.669323787360719,162707,-85.91178621041317,3.2728237667350073,24
20623,-145.0204786248775,1.5712306120763704,162717,-146.59606179012786,4.113086925586259,4
20624,-127.89518814122302,-0.8856380236696018,162720,-129.1025175244067,1.5488809909733745,1
20625,156.78545204541936,-0.7344928557558543,162729,172.66355239880147,-2.7112682595768685,38
20626,-121.31596493192586,6.9215799636397835,162730,-123.80894152337959,5.566802721935252,23
20627,-90.5608182639689,-3.981831871881207,162751,-95.36861679384212,-10.95784818293233,28
20628,-45.92098622930379,2.113308783988568,162761,-49.93530245157272,-0.19848027172185767,2
20629,-109.22236790563731,6.620914643300052,162771,-114.33047638704419,5.73481138949136,19
20630,-46.044989987931764,4.297812901504722,162773,-49.93530245157272,-0.19848027172185767,2
20631,458.4796029813756,14.113708246545137,162779,417.6915390220547,-4.11857226961515,29
20632,-126.22132330610232,4.761088218824336,162791,-123.80894152337959,5.566802721935252,23
20633,-99.96639782312717,2.189996492427563,162797,-96.6939343764425,2.7165835152131033,15
20634,-103.79626760922629,-1.6251869845272966,162807,-104.7190727296112,3.8815952186994593,7
20635,-50.80801611377243,0.06652440132585276,162811,-49.93530245157272,-0.19848027172185767,2
20636,-60.99914717112833,4.069464229713341,162815,-66.8889597803445,2.169628081691683,14
20637,-56.46011629239594,-4.583159032770117,162825,-49.93530245157272,-0.19848027172185767,2
20638,-129.24112888692116,5.131273926446919,162826,-132.1080396739421,5.887059356646324,17
20639,-62.83139045928273,0.8839184012513233,162833,-66.8889597803445,2.169628081691683,14
20640,-109.85715758348114,0.12954962790905095,162834,-109.71624596876933,-1.0040630408538558,16
20641,-124.84093822299013,-0.45402381968989025,162837,-123.94204162798616,-1.5144507595891967,3
20642,-88.10402289887593,4.365505163043785,162839,-85.91178621041317,3.2728237667350073,24
20643,218.8690165278988,0.020650669648088878,162841,227.03647807555316,-5.020718083634986,26
20644,-143.3429859942673,7.151928548213955,162846,-142.14616351708418,5.245197398204194,22
20645,36.89077383119053,-6.6013118932225785,162848,47.997068783449585,1.2679199422360634,13
20646,66.47434868272384,0.970568469200165,162862,78.01149217232324,3.6022338347977136,6
20647,251.1570081263059,-2.6593127561671692,162864,227.03647807555316,-5.020718083634986,26
20648,-103.22795072457426,6.310851864009044,162877,-104.7190727296112,3.8815952186994593,7
20649,-116.34023550024381,8.060107046679418,162884,-114.33047638704419,5.73481138949136,19
20650,174.42804405813158,5.337670033245926,162889,172.66355239880147,-2.7112682595768685,38
20651,-136.93683063212515,0.9192111531153838,162900,-134.89656831690453,-0.030690791204986433,34
20652,-108.07835331676921,2.4363193813577095,162904,-104.7190727296112,3.8815952186994593,7
20653,21.487399258861817,-0.5737526767620983,162909,18.937510567705566,1.034768221250525,27
20654,-105.9639244091889,0.9974481089630451,162918,-104.7190727296112,3.8815952186994593,7
20655,-118.7816614858788,-1.152264393500686,162926,-118.09857507912784,0.7103841694799473,11
20656,312.3037900415074,11.407148127968298,162928,302.44973475302317,-5.405747081354008,25
20657,-101.90603975152334,-0.199080190026614,162932,-104.7190727296112,3.8815952186994593,7
20658,108.59718712169588,-14.19249818695456,162933,104.96211155305676,-0.5414592591613776,31
20659,-117.82347782323139,-2.266604108950348,162935,-118.09857507912784,0.7103841694799473,11
20660,-123.96595426197102,0.23822989008840653,162939,-123.94204162798616,-1.5144507595891967,3
20661,-143.16116597460416,3.164057438520209,162949,-142.14616351708418,5.245197398204194,22
20662,-123.05422296652965,2.7001819621312992,162959,-123.80894152337959,5.566802721935252,23
20663,59.64843579088036,-17.17492982869862,162984,70.166569844569,-14.692630117552799,9
20664,711.8303804643896,3.1457372107357284,162988,586.0312761189704,-1.722944617346204,30
20665,166.77009661459797,14.491873447407361,162989,172.66355239880147,-2.7112682595768685,38
20666,-144.21143749490957,4.272210929710293,162995,-142.14616351708418,5.245197398204194,22
20667,-143.24583248578995,5.021142870702347,163002,-142.14616351708418,5.245197398204194,22
20668,872.3183183424799,16.050714111180607,163003,861.6475783799328,6.515082937232454,35
20669,-49.18920472524129,-8.34476198967527,163004,-49.93530245157272,-0.19848027172185767,2
20670,-128.26006751000148,6.098026085287282,163006,-132.1080396739421,5.887059356646324,17
20671,-22.135060369477248,7.179441546846611,163015,-29.714479793685786,-1.264748112657314,8
20672,-52.87057265323761,2.4083534089404393,163017,-49.93530245157272,-0.19848027172185767,2
20673,-100.16866736211989,4.044726208668187,163018,-96.6939343764425,2.7165835152131033,15
20674,-17.966996064785203,3.0597205649549086,163035,-6.878718007946434,-1.0926682779646681,10
20675,91.9820412834448,8.601254768185726,163036,78.01149217232324,3.6022338347977136,6
20676,-63.73281381761913,-1.79166811818881,163039,-66.8889597803445,2.169628081691683,14
20677,85.2898294491771,4.304574171878627,163049,78.01149217232324,3.6022338347977136,6
20678,-122.87895653535337,-1.1320692848102227,163060,-123.94204162798616,-1.5144507595891967,3
20679,122.32156976751548,-9.469243553435689,163061,135.4076551174278,-1.697351881935795,33
20680,76.37578791367821,2.272631394046926,163062,78.01149217232324,3.6022338347977136,6
20681,-125.9452985447358,0.26453138453634223,163063,-123.94204162798616,-1.5144507595891967,3
20682,-121.78474132254406,-1.6653502739801622,163088,-123.94204162798616,-1.5144507595891967,3
20683,-88.32511552129597,8.202268400997541,163090,-85.91178621041317,3.2728237667350073,24
20684,301.7664001553553,-24.252873857035716,163110,302.44973475302317,-5.405747081354008,25
20685,-130.0976770191659,2.5233200245020404,163132,-129.1025175244067,1.5488809909733745,1
20686,-111.86051472149752,-1.8805863072754487,163140,-109.71624596876933,-1.0040630408538558,16
20687,-122.39251247220004,8.577616268466745,163144,-123.80894152337959,5.566802721935252,23
20688,-67.20655010734563,6.964102122785273,163154,-66.8889597803445,2.169628081691683,14
20689,-10.398440776179,-3.1059725127987288,163168,-6.878718007946434,-1.0926682779646681,10
20690,342.02680390781825,2.2364578383137803,163179,302.44973475302317,-5.405747081354008,25
20691,-122.02102793653593,2.4990039371114596,163180,-123.80894152337959,5.566802721935252,23
20692,332.6580506804632,22.309765735085527,163187,302.44973475302317,-5.405747081354008,25
20693,-151.90557259592566,-2.595942162074258,163196,-148.09620948762597,-1.1157003398540595,36
20694,480.3177774877324,-26.145255972404218,163200,417.6915390220547,-4.11857226961515,29
20695,77.98207991442345,-20.56923261408984,163207,70.166569844569,-14.692630117552799,9
20696,280.3112649232368,-18.736176339492513,163214,302.44973475302317,-5.405747081354008,25
20697,-136.327761776507,-9.333259557179996,163215,-130.75996572568545,-6.6137591708523855,18
20698,-93.17055372324636,-24.73642419290883,163218,-95.36861679384212,-10.95784818293233,28
20699,-150.2448961592598,4.875122281052664,163223,-152.23629829764135,4.213482038439798,37
20700,-126.89324461696931,-1.405479733238922,163233,-123.94204162798616,-1.5144507595891967,3
20701,-149.30220666157135,6.1446039362783935,163245,-146.59606179012786,4.113086925586259,4
20702,-76.43865130958095,-6.411501215408005,163255,-77.6204452281073,-4.536559244831727,5
20703,-123.97937816488722,-0.49701478146414946,163268,-123.94204162798616,-1.5144507595891967,3
20704,-112.41188503854369,9.168116035544848,163270,-114.33047638704419,5.73481138949136,19
20705,-94.0475686011516,4.062992927904196,163281,-96.6939343764425,2.7165835152131033,15
20706,101.27725725815284,-24.098830703797994,163292,110.19899446847099,-35.665903512662624,21
20707,70.83284329586542,-4.744817141908135,163306,70.166569844569,-14.692630117552799,9
20708,5.077749915988604,-9.689830298554709,163317,-6.878718007946434,-1.0926682779646681,10
20709,-147.94558495523685,-0.5992603436146109,163321,-148.09620948762597,-1.1157003398540595,36
20710,95.99576982771983,8.881017038124195,163342,104.96211155305676,-0.5414592591613776,31
20711,-143.69481492839154,-3.4732181031677705,163359,-141.0346653257256,-1.1036168920026446,0
20712,-84.08458581768566,-11.232532584050483,163364,-77.6204452281073,-4.536559244831727,5
20713,-125.14508359189301,4.667615849533318,163377,-123.80894152337959,5.566802721935252,23
20714,-137.35326197621845,7.446579921362547,163379,-137.57400940459857,4.493303950559668,20
20715,321.1704914364464,13.957507117215641,163386,302.44973475302317,-5.405747081354008,25
20716,-133.63022461627665,-19.96770295862181,163388,-130.75996572568545,-6.6137591708523855,18
20717,203.92814454403643,13.718943796305238,163395,227.03647807555316,-5.020718083634986,26
20718,-4.927245539977814,4.981330044760304,163397,-6.878718007946434,-1.0926682779646681,10
20719,-131.55217940004516,-4.351123505201604,163418,-130.75996572568545,-6.6137591708523855,18
20720,-59.863437385994395,0.6131973836988032,163423,-66.8889597803445,2.169628081691683,14
20721,139.0629739637883,9.66701901749739,163424,135.4076551174278,-1.697351881935795,33
20722,-117.18228002815457,4.065311713675762,163429,-114.33047638704419,5.73481138949136,19
20723,-77.88648023216966,1.3268748674906854,163446,-77.6204452281073,-4.536559244831727,5
20724,-150.09723744266148,1.640450714079976,163447,-152.23629829764135,4.213482038439798,37
20725,-43.98659110126246,4.598238376065302,163451,-49.93530245157272,-0.19848027172185767,2
20726,-137.3599347248499,7.634671190811885,163456,-137.57400940459857,4.493303950559668,20
20727,-129.24033198008217,6.15632868230135,163457,-132.1080396739421,5.887059356646324,17
20728,-129.97804377225089,1.4143813260039435,163461,-129.1025175244067,1.5488809909733745,1
20729,90.39957440694683,2.502225093688151,163470,78.01149217232324,3.6022338347977136,6
20730,-80.47944211328836,-19.299211872547218,163472,-77.6204452281073,-4.536559244831727,5
20731,143.7010816786105,-0.13412997560027776,163473,135.4076551174278,-1.697351881935795,33
20732,-69.20543174899979,6.9236680138420015,163476,-66.8889597803445,2.169628081691683,14
20733,-80.85385886469776,0.5590469125424115,163480,-85.91178621041317,3.2728237667350073,24
20734,-143.34611257338744,7.243044203311964,163488,-142.14616351708418,5.245197398204194,22
20735,252.0468164631357,-1.7705222445550701,163515,227.03647807555316,-5.020718083634986,26
20736,-63.81215284230624,0.9574158130331973,163518,-66.8889597803445,2.169628081691683,14
20737,-80.73040836250614,-1.1265791392029398,163519,-77.6204452281073,-4.536559244831727,5
20738,-67.39924377529967,-5.5815968620221454,163525,-66.8889597803445,2.169628081691683,14
20739,284.66890974824224,5.509012783237469,163528,302.44973475302317,-5.405747081354008,25
20740,-140.1464312974621,3.4090853129252356,163532,-142.14616351708418,5.245197398204194,22
20741,-107.053624280379,2.4505108526881214,163538,-104.7190727296112,3.8815952186994593,7
20742,-152.1711045429867,3.234098702377254,163541,-152.23629829764135,4.213482038439798,37
20743,-128.9540890199815,-1.124253097138752,163542,-129.1025175244067,1.5488809909733745,1
20744,-40.92188095914879,2.7198797373558863,163553,-49.93530245157272,-0.19848027172185767,2
20745,-124.32057736073894,7.482001393796178,163559,-123.80894152337959,5.566802721935252,23
20746,-120.78365702787153,-1.6569553823132033,163574,-123.94204162798616,-1.5144507595891967,3
20747,46.66020665826018,-2.398223764525744,163596,47.997068783449585,1.2679199422360634,13
20748,-119.33064276508912,7.793696149727113,163601,-123.80894152337959,5.566802721935252,23
20749,-61.504004601560226,-4.72824057096742,163603,-66.8889597803445,2.169628081691683,14
20750,407.87415234720635,6.681810576210071,163626,417.6915390220547,-4.11857226961515,29
20751,224.80446171270538,15.762102267484822,163634,227.03647807555316,-5.020718083634986,26
20752,-61.89472616292154,2.2987721642965764,163646,-66.8889597803445,2.169628081691683,14
20753,-151.80756358047515,-4.239136109058822,163648,-148.09620948762597,-1.1157003398540595,36
20754,-106.07757286045847,4.0019489811318545,163650,-104.7190727296112,3.8815952186994593,7
20755,-135.07850591368856,2.5211284928947233,163665,-134.89656831690453,-0.030690791204986433,34
20756,-51.85320911664619,0.4960661430961042,163667,-49.93530245157272,-0.19848027172185767,2
20757,-127.35415989874448,7.6718683804386,163693,-123.80894152337959,5.566802721935252,23
20758,24.441734436312736,-0.03651352718436948,163695,18.937510567705566,1.034768221250525,27
20759,-138.01455876223278,0.554904759574777,163710,-134.89656831690453,-0.030690791204986433,34
20760,-140.34878331686267,7.322860267298369,163713,-142.14616351708418,5.245197398204194,22
20761,14.28923624963185,-12.626079856729733,163721,18.937510567705566,1.034768221250525,27
20762,-98.84033018626191,-0.022935612832464123,163733,-96.6939343764425,2.7165835152131033,15
20763,63.60534793321096,-0.9210611890189797,163749,78.01149217232324,3.6022338347977136,6
20764,-126.3803482209319,8.225410854935856,163754,-123.80894152337959,5.566802721935252,23
20765,214.84961411743134,-28.564933088612513,163758,227.03647807555316,-5.020718083634986,26
20766,-53.33255677244369,8.435817842333796,163773,-49.93530245157272,-0.19848027172185767,2
20767,-126.23384690354322,5.04584515616879,163775,-123.80894152337959,5.566802721935252,23
20768,-6.37019229544053,-4.163245358623634,163779,-6.878718007946434,-1.0926682779646681,10
20769,794.2424752168322,0.12901193007243522,163784,861.6475783799328,6.515082937232454,35
20770,-68.76851548829862,-1.1064665531616358,163796,-66.8889597803445,2.169628081691683,14
20771,-12.287965500410037,-5.039102651229279,163797,-6.878718007946434,-1.0926682779646681,10
20772,-131.93159661406443,-1.6729535947057623,163806,-134.89656831690453,-0.030690791204986433,34
20773,92.9440721972776,-19.4885748406617,163807,104.96211155305676,-0.5414592591613776,31
20774,119.46272479279038,2.6323730576535085,163810,104.96211155305676,-0.5414592591613776,31
20775,-124.94093748252193,-0.3187259642946107,163811,-123.94204162798616,-1.5144507595891967,3
20776,349.2260971071272,-0.4766656337818492,163814,302.44973475302317,-5.405747081354008,25
20777,-102.54692736083445,-6.026947111886178,163828,-95.36861679384212,-10.95784818293233,28
20778,-21.329936559803414,-5.290683756312068,163829,-29.714479793685786,-1.264748112657314,8
20779,-144.1993854323108,3.9692416049800556,163830,-146.59606179012786,4.113086925586259,4
20780,-121.12720332774873,3.308307636183865,163831,-123.80894152337959,5.566802721935252,23
20781,77.28207566605943,3.819857412538997,163842,78.01149217232324,3.6022338347977136,6
20782,-122.05179056076362,1.12542903126587,163847,-123.94204162798616,-1.5144507595891967,3
20783,440.71825584514545,-18.803475370346693,163863,417.6915390220547,-4.11857226961515,29
20784,132.0393904456425,-5.1778902588330995,163867,135.4076551174278,-1.697351881935795,33
20785,-117.29184140876308,6.474024141530153,163886,-114.33047638704419,5.73481138949136,19
20786,1296.0234651799417,6.327873382066019,163895,1342.5649032771717,32.04824045393157,32
20787,-87.01781092558326,3.019279500946774,163901,-85.91178621041317,3.2728237667350073,24
20788,48.511145141159616,-1.158158810142367,163903,47.997068783449585,1.2679199422360634,13
20789,-124.38519959492568,8.388076834711969,163916,-123.80894152337959,5.566802721935252,23
20790,-95.07007050066039,2.973334235618395,163929,-96.6939343764425,2.7165835152131033,15
20791,-61.07644648819842,4.221357847592217,163931,-66.8889597803445,2.169628081691683,14
20792,194.32724673627268,23.131467418809542,163940,172.66355239880147,-2.7112682595768685,38
20793,-93.22305181388113,-23.58442622966599,163954,-95.36861679384212,-10.95784818293233,28
20794,-149.12932905270955,3.9060394864202275,163956,-146.59606179012786,4.113086925586259,4
20795,-32.03050111408218,5.236742355300511,163973,-29.714479793685786,-1.264748112657314,8
20796,248.19774816994666,10.594320127809198,163996,227.03647807555316,-5.020718083634986,26
20797,-131.94274697270234,-1.4545374247648821,163998,-134.89656831690453,-0.030690791204986433,34
20798,119.43720273559269,-12.047195876355017,164001,104.96211155305676,-0.5414592591613776,31
20799,-141.05976715823383,1.4874889141203183,164005,-141.0346653257256,-1.1036168920026446,0
20800,-140.32335546265392,6.783298170792262,164017,-142.14616351708418,5.245197398204194,22
20801,-113.10219442437965,3.923916852596155,164025,-114.33047638704419,5.73481138949136,19
20802,16.25506721373113,2.3747720816363254,164031,18.937510567705566,1.034768221250525,27
20803,-21.22523353600029,-21.29217899506153,164034,-29.714479793685786,-1.264748112657314,8
20804,19.23214049720182,3.453764034509922,164042,18.937510567705566,1.034768221250525,27
20805,-122.79066864747318,-2.5542043316453853,164043,-123.94204162798616,-1.5144507595891967,3
20806,-125.1980058808919,-10.457401704097112,164048,-130.75996572568545,-6.6137591708523855,18
20807,-84.66829793000598,-3.0599172373763226,164052,-85.91178621041317,3.2728237667350073,24
20808,-69.85205287410352,1.2002541306806,164053,-66.8889597803445,2.169628081691683,14
20809,2902.3732802926716,113.83403799105004,164055,1342.5649032771717,32.04824045393157,32
20810,-139.2109110086548,4.848401979972909,164072,-137.57400940459857,4.493303950559668,20
20811,351.3796371420455,-16.986497627581986,164083,302.44973475302317,-5.405747081354008,25
20812,-132.17978787128268,3.755291503158307,164086,-132.1080396739421,5.887059356646324,17
20813,31.98756399534436,6.9442852194110305,164089,18.937510567705566,1.034768221250525,27
20814,-22.837707298691843,2.1997578797361172,164096,-29.714479793685786,-1.264748112657314,8
20815,-89.1054007327234,2.8565847987189446,164098,-85.91178621041317,3.2728237667350073,24
20816,430.5295789282751,-2.1761195403585005,164103,417.6915390220547,-4.11857226961515,29
20817,-149.66483640845212,-5.247029289489768,164111,-148.09620948762597,-1.1157003398540595,36
20818,756.3656742806832,25.736665966969262,164121,861.6475783799328,6.515082937232454,35
20819,-40.35711068515811,10.210910417724548,164129,-49.93530245157272,-0.19848027172185767,2
20820,59.01420670552118,-7.8998981683584,164136,70.166569844569,-14.692630117552799,9
20821,-15.58854017482996,-0.5768058408616136,164141,-6.878718007946434,-1.0926682779646681,10
20822,-85.18603970242303,6.223751168579609,164146,-85.91178621041317,3.2728237667350073,24
20823,-23.49146232602797,-2.3148438008135654,164163,-29.714479793685786,-1.264748112657314,8
20824,60.96527762320682,-6.787473916718016,164166,70.166569844569,-14.692630117552799,9
20825,-8.162518659637477,-6.6939874396821715,164174,-6.878718007946434,-1.0926682779646681,10
20826,-116.0448611461935,1.0875995925648896,164178,-118.09857507912784,0.7103841694799473,11
20827,23.471717386978245,-15.447838767268832,164183,28.39696760572947,-22.91072472808294,12
20828,278.41009115513145,9.015339614787026,164203,302.44973475302317,-5.405747081354008,25
20829,-35.617977197905134,-0.7663777386578772,164225,-29.714479793685786,-1.264748112657314,8
20830,-115.01996307304128,0.5333034048657455,164226,-118.09857507912784,0.7103841694799473,11
20831,-113.21131616126051,6.300637005972784,164234,-114.33047638704419,5.73481138949136,19
20832,226.67425336659932,2.8839894933244254,164255,227.03647807555316,-5.020718083634986,26
20833,-94.13766137318235,5.021957155197055,164264,-96.6939343764425,2.7165835152131033,15
20834,-147.9078502697778,-2.4631045083344865,164268,-148.09620948762597,-1.1157003398540595,36
20835,255.3518458458185,-20.04993430798481,164274,227.03647807555316,-5.020718083634986,26
20836,-95.02076194199262,1.9223544579777248,164276,-96.6939343764425,2.7165835152131033,15
20837,-80.13289276234822,4.6044785403641075,164296,-85.91178621041317,3.2728237667350073,24
20838,66.98290586858256,8.674251067869614,164307,78.01149217232324,3.6022338347977136,6
20839,-89.24576980344396,6.942476601445963,164318,-85.91178621041317,3.2728237667350073,24
20840,-70.9226593607984,0.6813249268312856,164338,-66.8889597803445,2.169628081691683,14
20841,214.26628472079537,9.047045725356114,164350,227.03647807555316,-5.020718083634986,26
20842,-14.259477723692237,8.00853130401141,164363,-6.878718007946434,-1.0926682779646681,10
20843,349.2617328045157,-15.475832595634893,164419,302.44973475302317,-5.405747081354008,25
20844,126.23305322590086,6.752303018234116,164422,135.4076551174278,-1.697351881935795,33
20845,-118.94972111890388,-0.5560479552085409,164431,-118.09857507912784,0.7103841694799473,11
20846,-80.04805475099155,2.7873460295244743,164438,-85.91178621041317,3.2728237667350073,24
20847,-37.28028558046107,9.607296054394231,164445,-29.714479793685786,-1.264748112657314,8
20848,557.8122434106067,-44.76905954753366,164469,586.0312761189704,-1.722944617346204,30
20849,-94.79523018568504,-0.4427104853455434,164475,-96.6939343764425,2.7165835152131033,15
20850,-68.23082859333847,6.972474706995835,164483,-66.8889597803445,2.169628081691683,14
20851,52.758206892674544,-3.9405191462498306,164494,47.997068783449585,1.2679199422360634,13
20852,-53.576001208820976,-3.0156856935343495,164514,-49.93530245157272,-0.19848027172185767,2
20853,-102.08456072900012,3.7313625788575644,164518,-104.7190727296112,3.8815952186994593,7
20854,328.8066901383803,4.768624782372008,164521,302.44973475302317,-5.405747081354008,25
20855,-55.14749886878709,5.893193057613356,164524,-49.93530245157272,-0.19848027172185767,2
20856,-47.22936585564718,-8.45677078396068,164530,-49.93530245157272,-0.19848027172185767,2
20857,-122.17991950186399,3.935601625286014,164552,-123.80894152337959,5.566802721935252,23
20858,-130.95590488470245,-1.1256333607657825,164554,-129.1025175244067,1.5488809909733745,1
20859,267.8148834945268,17.78031287605498,164558,302.44973475302317,-5.405747081354008,25
20860,-113.7111249865365,-2.6185804228891345,164562,-109.71624596876933,-1.0040630408538558,16
20861,-50.95455632761123,3.7735463316726663,164564,-49.93530245157272,-0.19848027172185767,2
20862,-107.07520131822317,1.908212678007689,164579,-104.7190727296112,3.8815952186994593,7
20863,-63.42221004372079,-5.524847696877642,164584,-66.8889597803445,2.169628081691683,14
20864,-125.3801223733963,-6.982415221791303,164593,-130.75996572568545,-6.6137591708523855,18
20865,-148.11741531211766,2.1142320963692636,164594,-146.59606179012786,4.113086925586259,4
20866,77.79056655298476,-17.914127570309315,164603,70.166569844569,-14.692630117552799,9
20867,401.21032965229574,-12.96602574644875,164605,417.6915390220547,-4.11857226961515,29
20868,719.2559371378566,11.750054179012354,164612,586.0312761189704,-1.722944617346204,30
20869,-133.20563717176728,4.827254944080184,164618,-132.1080396739421,5.887059356646324,17
20870,447.90025083190136,22.029028921972166,164627,417.6915390220547,-4.11857226961515,29
20871,94.99635225999084,-5.872973089857103,164637,104.96211155305676,-0.5414592591613776,31
20872,-105.64296940005129,-3.974193338987406,164638,-109.71624596876933,-1.0040630408538558,16
20873,20.024882997549508,5.933192368087352,164655,18.937510567705566,1.034768221250525,27
20874,-141.96649217982085,-1.0965071634726338,164664,-141.0346653257256,-1.1036168920026446,0
20875,136.17387724347864,-7.024231192531608,164669,135.4076551174278,-1.697351881935795,33
20876,39.017504092355125,-7.797623162869728,164671,47.997068783449585,1.2679199422360634,13
20877,-144.30080816434145,6.203818144501837,164684,-142.14616351708418,5.245197398204194,22
20878,-65.77829226979921,0.17891677087503502,164710,-66.8889597803445,2.169628081691683,14
20879,-137.31645257294883,-9.092702597933322,164711,-130.75996572568545,-6.6137591708523855,18
20880,-54.40966886207274,11.146160358051505,164740,-49.93530245157272,-0.19848027172185767,2
20881,-87.19251988294603,5.811299750714221,164760,-85.91178621041317,3.2728237667350073,24
20882,-25.393615915010816,-4.481201230225846,164769,-29.714479793685786,-1.264748112657314,8
20883,-115.65270173548154,-32.86148383061871,164779,-115.69510858146283,-11.595084171039186,39
20884,83.86629268866558,-33.18980264565871,164782,70.166569844569,-14.692630117552799,9
20885,-132.86639150301497,-0.034257931334974685,164788,-134.89656831690453,-0.030690791204986433,34
20886,-105.24789507878097,6.2217388632699215,164793,-104.7190727296112,3.8815952186994593,7
20887,-46.1924494899263,7.527350230052075,164810,-49.93530245157272,-0.19848027172185767,2
20888,147.88555330483862,-31.49887006131826,164811,135.4076551174278,-1.697351881935795,33
20889,75.03876568068718,-7.142585691498157,164815,70.166569844569,-14.692630117552799,9
20890,84.95234748130882,9.639377735951715,164819,78.01149217232324,3.6022338347977136,6
20891,40.711502259354454,-33.08690165616501,164833,28.39696760572947,-22.91072472808294,12
20892,-123.34038856159253,7.436084657342715,164848,-123.80894152337959,5.566802721935252,23
20893,91.56384682238875,-0.571234693341166,164854,104.96211155305676,-0.5414592591613776,31
20894,-106.7988857574799,-1.6127617227877913,164874,-109.71624596876933,-1.0040630408538558,16
20895,76.78533536095814,-3.6205796731963256,164885,78.01149217232324,3.6022338347977136,6
20896,222.31407646726402,-20.80419074255851,164896,227.03647807555316,-5.020718083634986,26
20897,59.33464008857274,2.90031641451164,164900,47.997068783449585,1.2679199422360634,13
20898,574.7739516816508,-43.63194597213076,164906,586.0312761189704,-1.722944617346204,30
20899,751.3641902312331,-31.686248315807656,164927,861.6475783799328,6.515082937232454,35
20900,-110.31787676446164,7.163595342690098,164933,-114.33047638704419,5.73481138949136,19
20901,43.365536335069606,-12.782098821845805,164944,47.997068783449585,1.2679199422360634,13
20902,33.64492021670795,-2.8003570820019306,164954,47.997068783449585,1.2679199422360634,13
20903,-141.04462193674564,2.1810112204945766,164963,-142.14616351708418,5.245197398204194,22
20904,-96.9089578216092,0.4702565363637855,164980,-96.6939343764425,2.7165835152131033,15
20905,61.762086241647964,-18.071188385138882,164993,70.166569844569,-14.692630117552799,9
20906,-116.00251018487461,1.1687728222007485,164997,-118.09857507912784,0.7103841694799473,11
20907,-103.12281348254444,4.020848955855491,165012,-104.7190727296112,3.8815952186994593,7
20908,-64.38447624513745,-6.88355842388211,165014,-66.8889597803445,2.169628081691683,14
20909,-90.29513107504714,7.502212670196985,165021,-85.91178621041317,3.2728237667350073,24
20910,115.52477847965419,2.237172609036051,165031,104.96211155305676,-0.5414592591613776,31
20911,-148.2112550033234,4.681428495465148,165032,-146.59606179012786,4.113086925586259,4
20912,-116.19749534955596,5.433997825234957,165037,-114.33047638704419,5.73481138949136,19
20913,-121.16862717959755,4.728186938084265,165046,-123.80894152337959,5.566802721935252,23
20914,-105.85320983606628,0.13453046967706248,165047,-104.7190727296112,3.8815952186994593,7
20915,-138.35457457646967,7.493306127865407,165054,-137.57400940459857,4.493303950559668,20
20916,250.35257291401396,9.29942440790251,165080,227.03647807555316,-5.020718083634986,26
20917,-135.91667048830382,-1.557710248737655,165095,-134.89656831690453,-0.030690791204986433,34
20918,-107.27454541983076,6.757058082172701,165099,-104.7190727296112,3.8815952186994593,7
20919,-12.499914290071606,-17.184395429443427,165106,-6.878718007946434,-1.0926682779646681,10
20920,606.1845591638058,8.858240565960994,165109,586.0312761189704,-1.722944617346204,30
20921,-49.2126314188094,7.420258938521341,165117,-49.93530245157272,-0.19848027172185767,2
20922,2.6893090922201535,-4.804839070275529,165120,-6.878718007946434,-1.0926682779646681,10
20923,-5.773334826734607,2.6235282930138633,165132,-6.878718007946434,-1.0926682779646681,10
20924,-86.10525504952162,-10.801562818194594,165170,-95.36861679384212,-10.95784818293233,28
20925,-111.98089739810199,1.7913059726112452,165172,-109.71624596876933,-1.0040630408538558,16
20926,-84.86078053924739,-0.3739821281411295,165178,-85.91178621041317,3.2728237667350073,24
20927,31.3846196289712,17.073901778792173,165188,18.937510567705566,1.034768221250525,27
20928,-87.04846684077016,-12.05537357906694,165192,-95.36861679384212,-10.95784818293233,28
20929,-111.32110257214687,7.721143102646768,165205,-114.33047638704419,5.73481138949136,19
20930,-49.1546463080896,6.65297748994902,165224,-49.93530245157272,-0.19848027172185767,2
20931,-125.38357565578323,8.327771155972263,165231,-123.80894152337959,5.566802721935252,23
20932,1098.2920648089155,-4.423321289198158,165235,861.6475783799328,6.515082937232454,35
20933,-124.24572972192212,5.329814721689663,165238,-123.80894152337959,5.566802721935252,23
20934,1283.3659292485406,43.821317001023296,165253,1342.5649032771717,32.04824045393157,32
20935,-124.12463152845169,3.2043872264625577,165260,-123.80894152337959,5.566802721935252,23
20936,-150.02782073416148,0.13359916721088833,165277,-148.09620948762597,-1.1157003398540595,36
20937,-136.32534468345625,6.870556440212871,165297,-137.57400940459857,4.493303950559668,20
20938,326.32212983466326,-17.18884055109881,165300,302.44973475302317,-5.405747081354008,25
20939,-112.94745107941496,-0.5142409868119058,165304,-109.71624596876933,-1.0040630408538558,16
20940,-42.66545235843749,-0.3655353452544744,165322,-49.93530245157272,-0.19848027172185767,2
20941,-84.32977414102173,-21.615593710571634,165333,-95.36861679384212,-10.95784818293233,28
20942,-17.497840214124583,-2.077720138375692,165343,-6.878718007946434,-1.0926682779646681,10
20943,101.16503779649011,-7.927050252436905,165344,104.96211155305676,-0.5414592591613776,31
20944,-119.08665136986168,2.439019938339951,165351,-118.09857507912784,0.7103841694799473,11
20945,66.63229582131422,-0.9346842865069769,165363,78.01149217232324,3.6022338347977136,6
20946,-51.399990212594446,-4.78689128528478,165372,-49.93530245157272,-0.19848027172185767,2
20947,-124.51800637466175,-5.9945517883999,165373,-123.94204162798616,-1.5144507595891967,3
20948,-145.0419672316271,1.048017606187257,165376,-146.59606179012786,4.113086925586259,4
20949,82.7426769637242,-16.797898135364033,165377,70.166569844569,-14.692630117552799,9
20950,-15.618466808172014,-15.664431329342596,165380,-6.878718007946434,-1.0926682779646681,10
20951,122.6884369027252,-15.446209347310432,165389,135.4076551174278,-1.697351881935795,33
20952,110.38478246950302,-11.044728482891829,165400,104.96211155305676,-0.5414592591613776,31
20953,-130.06449565228465,1.762440251585501,165403,-129.1025175244067,1.5488809909733745,1
20954,-68.94700643984346,1.7789641804978253,165409,-66.8889597803445,2.169628081691683,14
20955,-125.04852324897975,1.5141536091876693,165417,-123.94204162798616,-1.5144507595891967,3
20956,-111.15979679860915,3.6717742808762663,165418,-114.33047638704419,5.73481138949136,19
20957,361.48323442980353,10.860901036890525,165419,417.6915390220547,-4.11857226961515,29
20958,-75.15247578067392,5.148411363259138,165428,-66.8889597803445,2.169628081691683,14
20959,-102.04007233208262,1.720784110993332,165429,-104.7190727296112,3.8815952186994593,7
20960,-145.26237633177112,5.84223409003713,165430,-146.59606179012786,4.113086925586259,4
20961,-10.7012271560279,0.4424929677363814,165433,-6.878718007946434,-1.0926682779646681,10
20962,-64.64916342933458,-1.0939284163660776,165435,-66.8889597803445,2.169628081691683,14
20963,-88.06061711913725,4.450842380093142,165436,-85.91178621041317,3.2728237667350073,24
20964,-37.708229592304406,0.14415587351463552,165448,-29.714479793685786,-1.264748112657314,8
20965,159.2255042176001,7.471331935914331,165474,172.66355239880147,-2.7112682595768685,38
20966,-109.3164909790156,7.140045833512614,165476,-114.33047638704419,5.73481138949136,19
20967,248.38698850355001,-6.213189695981873,165484,227.03647807555316,-5.020718083634986,26
20968,-57.043397825578054,4.093212323212391,165493,-49.93530245157272,-0.19848027172185767,2
20969,-46.594797621099964,-1.4591278507931766,165494,-49.93530245157272,-0.19848027172185767,2
20970,18.2079318517247,3.4265166488904484,165508,18.937510567705566,1.034768221250525,27
20971,-124.38667989410065,8.430196236022914,165522,-123.80894152337959,5.566802721935252,23
20972,-27.914582934207473,2.7812080929937943,165523,-29.714479793685786,-1.264748112657314,8
20973,-123.05617277926642,2.237658009709802,165531,-123.80894152337959,5.566802721935252,23
20974,176.02163591039817,11.722986539547172,165533,172.66355239880147,-2.7112682595768685,38
20975,-40.070832385625515,5.481532851886187,165538,-49.93530245157272,-0.19848027172185767,2
20976,-116.14859163066183,-10.356154144833592,165540,-115.69510858146283,-11.595084171039186,39
20977,-112.24338728268218,5.497749486388977,165553,-114.33047638704419,5.73481138949136,19
20978,-136.17498906891836,4.096264489197018,165568,-137.57400940459857,4.493303950559668,20
20979,-54.641849621719125,-2.619749812295431,165578,-49.93530245157272,-0.19848027172185767,2
20980,-62.838650457609475,1.0514565569656549,165581,-66.8889597803445,2.169628081691683,14
20981,-75.9782549459727,2.856403537124508,165585,-77.6204452281073,-4.536559244831727,5
20982,-43.24327453608903,8.170522620722615,165587,-49.93530245157272,-0.19848027172185767,2
20983,500.6289684861281,28.345323383196128,165603,417.6915390220547,-4.11857226961515,29
20984,51.49602276756751,-14.47960930164298,165611,47.997068783449585,1.2679199422360634,13
20985,-134.27245117921404,6.263517064311601,165612,-132.1080396739421,5.887059356646324,17
20986,-149.16229279734026,3.081163384641124,165614,-146.59606179012786,4.113086925586259,4
20987,-39.55913582150258,-3.168058475478883,165624,-29.714479793685786,-1.264748112657314,8
20988,65.98005316603994,8.722194584889946,165630,78.01149217232324,3.6022338347977136,6
20989,-17.974149642110877,3.74489085301726,165639,-6.878718007946434,-1.0926682779646681,10
20990,116.06291600814815,-20.691237445632026,165643,110.19899446847099,-35.665903512662624,21
20991,-93.76011896686121,-1.715227827399719,165645,-96.6939343764425,2.7165835152131033,15
20992,-126.25717044778635,6.079623548677592,165650,-123.80894152337959,5.566802721935252,23
20993,125.35435821371128,-24.86980504839678,165655,110.19899446847099,-35.665903512662624,21
20994,-102.95402710538754,0.32185373096261555,165658,-104.7190727296112,3.8815952186994593,7
20995,-121.03230379397118,0.6981088940389586,165663,-118.09857507912784,0.7103841694799473,11
20996,1323.9564437642664,22.48319649131003,165669,1342.5649032771717,32.04824045393157,32
20997,-129.90811355125075,-1.6536899770431899,165671,-129.1025175244067,1.5488809909733745,1
20998,-143.34125006414547,7.099013126243971,165673,-142.14616351708418,5.245197398204194,22
20999,452.4026749321615,14.68666191313148,165687,417.6915390220547,-4.11857226961515,29
21000,-95.90359719047032,1.3940119610944408,165691,-96.6939343764425,2.7165835152131033,15
21001,-113.98442976665419,1.8206220132647521,165701,-114.33047638704419,5.73481138949136,19
21002,-28.020105796818314,5.092215879658812,165710,-29.714479793685786,-1.264748112657314,8
21003,-40.82076834622578,1.5289968601961557,165711,-49.93530245157272,-0.19848027172185767,2
21004,-124.8300974013205,-2.7629531066645425,165713,-123.94204162798616,-1.5144507595891967,3
21005,0.5646394503141601,-2.6201160192701365,165714,-6.878718007946434,-1.0926682779646681,10
21006,-90.83987202195856,1.0900999411917442,165720,-85.91178621041317,3.2728237667350073,24
21007,-131.97953477693972,0.9079705855474149,165728,-129.1025175244067,1.5488809909733745,1
21008,-143.23988943222966,4.877332964428155,165731,-142.14616351708418,5.245197398204194,22
21009,-94.78335008486249,-0.7051814006217901,165738,-96.6939343764425,2.7165835152131033,15
21010,90.21095291392234,-38.07177880113416,165746,110.19899446847099,-35.665903512662624,21
21011,-118.4382555595743,-7.653017132777013,165747,-115.69510858146283,-11.595084171039186,39
21012,130.26778944907895,6.577427260323728,165789,135.4076551174278,-1.697351881935795,33
21013,-146.89249682501102,-1.2476987177531007,165811,-148.09620948762597,-1.1157003398540595,36
21014,-84.41248639915901,10.168276147940404,165818,-85.91178621041317,3.2728237667350073,24
21015,-135.1964740369038,5.091863997003517,165825,-137.57400940459857,4.493303950559668,20
21016,-111.2460035052725,6.064636745345842,165826,-114.33047638704419,5.73481138949136,19
21017,-84.35344370227207,-21.59904710192226,165841,-95.36861679384212,-10.95784818293233,28
21018,-86.51537888423138,-4.392544829339168,165852,-85.91178621041317,3.2728237667350073,24
21019,56.7399564193306,11.777295270210788,165864,47.997068783449585,1.2679199422360634,13
21020,1.553063994799549,-3.382214368254129,165875,-6.878718007946434,-1.0926682779646681,10
21021,-122.03724420847453,1.3306376100321604,165880,-123.94204162798616,-1.5144507595891967,3
21022,-40.94041947268815,3.124419384653355,165881,-49.93530245157272,-0.19848027172185767,2
21023,281.27646791468464,10.971405506984345,165882,302.44973475302317,-5.405747081354008,25
21024,186.5477139980111,3.450484983311982,165908,172.66355239880147,-2.7112682595768685,38
21025,237.8143055103169,16.78732149660652,165912,227.03647807555316,-5.020718083634986,26
21026,-15.444732796888879,12.554315445566518,165920,-6.878718007946434,-1.0926682779646681,10
21027,-94.92641270012953,0.8741997896165891,165924,-96.6939343764425,2.7165835152131033,15
21028,109.57357243074526,1.0658195017535088,165939,104.96211155305676,-0.5414592591613776,31
21029,-58.118162330309886,5.717297942855469,165943,-66.8889597803445,2.169628081691683,14
21030,-121.44158788671076,-7.097366983347701,165952,-123.94204162798616,-1.5144507595891967,3
21031,-99.09463444980895,4.0068371213138665,165967,-96.6939343764425,2.7165835152131033,15
21032,19.42593155635235,-0.29193720763949316,165987,18.937510567705566,1.034768221250525,27
21033,-81.57735132187736,-4.4893654925889415,165990,-77.6204452281073,-4.536559244831727,5
21034,-123.3874471966423,8.443890173404071,166006,-123.80894152337959,5.566802721935252,23
21035,-102.21682757154068,6.6199754324139795,166011,-104.7190727296112,3.8815952186994593,7
21036,67.01816234997851,-22.084747065266416,166019,70.166569844569,-14.692630117552799,9
21037,0.29219147757597147,1.2832545116139726,166032,-6.878718007946434,-1.0926682779646681,10
21038,-113.84480354371873,-1.747386458226229,166045,-109.71624596876933,-1.0040630408538558,16
21039,-154.09249122623172,1.9908604842003848,166046,-152.23629829764135,4.213482038439798,37
21040,-146.2082715398942,4.649592341706184,166053,-146.59606179012786,4.113086925586259,4
21041,102.64355368812025,-0.05581771137189435,166065,104.96211155305676,-0.5414592591613776,31
21042,42.26698694870882,2.5438918353715576,166078,47.997068783449585,1.2679199422360634,13
21043,715.349571958594,38.56782221947441,166081,586.0312761189704,-1.722944617346204,30
21044,-102.2113921269229,6.5037290569422606,166085,-104.7190727296112,3.8815952186994593,7
21045,401.3678552313658,13.54930659319234,166100,417.6915390220547,-4.11857226961515,29
21046,-107.30897432151085,7.004612135318239,166117,-104.7190727296112,3.8815952186994593,7
21047,-34.15121269556111,7.352797845910743,166119,-29.714479793685786,-1.264748112657314,8
21048,-80.9403978589848,1.9494825994310625,166124,-85.91178621041317,3.2728237667350073,24
21049,-110.82866639937282,0.009998798510069466,166137,-109.71624596876933,-1.0040630408538558,16
21050,-67.78764792642887,-0.15700625746176744,166138,-66.8889597803445,2.169628081691683,14
21051,171.65197534863108,-27.523575949845164,166150,172.66355239880147,-2.7112682595768685,38
21052,94.58117453891803,0.6482758681958468,166162,104.96211155305676,-0.5414592591613776,31
21053,-99.7814904611928,-2.374972782971517,166164,-96.6939343764425,2.7165835152131033,15
21054,-43.84890243843906,2.0900896115465324,166175,-49.93530245157272,-0.19848027172185767,2
21055,-132.1565113186482,3.7633388654482864,166187,-132.1080396739421,5.887059356646324,17
21056,-46.338582343420796,9.691608286550112,166192,-49.93530245157272,-0.19848027172185767,2
21057,-100.82075415992898,-1.0232314096403128,166195,-96.6939343764425,2.7165835152131033,15
21058,-66.13493416841199,6.454343197184006,166217,-66.8889597803445,2.169628081691683,14
21059,-5.791749987223312,-12.219198983351669,166247,-6.878718007946434,-1.0926682779646681,10
21060,-114.09126854418324,4.180547422416302,166271,-114.33047638704419,5.73481138949136,19
21061,-16.114477534733595,6.323272441952313,166274,-6.878718007946434,-1.0926682779646681,10
21062,98.15127195978907,-8.702251200215983,166281,104.96211155305676,-0.5414592591613776,31
21063,-150.32603476485158,6.662176822657661,166290,-152.23629829764135,4.213482038439798,37
21064,-144.86590701369528,-2.309218609648467,166300,-148.09620948762597,-1.1157003398540595,36
21065,-86.45184095233853,-6.283876770667033,166311,-77.6204452281073,-4.536559244831727,5
21066,-14.625230471061881,-0.25205938383672283,166314,-6.878718007946434,-1.0926682779646681,10
21067,-16.328073161299546,11.008675505150535,166315,-6.878718007946434,-1.0926682779646681,10
21068,-104.42084257384991,9.49573620006282,166319,-104.7190727296112,3.8815952186994593,7
21069,190.18879272566838,9.31082862288948,166320,172.66355239880147,-2.7112682595768685,38
21070,-80.06069132199585,4.058301982629487,166321,-85.91178621041317,3.2728237667350073,24
21071,141.82163276998676,-2.2858853625784112,166326,135.4076551174278,-1.697351881935795,33
21072,-66.1574671344576,4.365305494541387,166331,-66.8889597803445,2.169628081691683,14
21073,-79.2450573838108,6.589126618553806,166343,-85.91178621041317,3.2728237667350073,24
21074,-133.2111086909828,4.950428330387736,166349,-132.1080396739421,5.887059356646324,17
21075,-101.15078339905524,4.1670841386130855,166353,-104.7190727296112,3.8815952186994593,7
21076,-127.01476739321613,2.271322052659041,166357,-129.1025175244067,1.5488809909733745,1
21077,-27.703382327744677,0.20421569171771434,166361,-29.714479793685786,-1.264748112657314,8
21078,-146.2160877198484,4.3264226658934595,166375,-146.59606179012786,4.113086925586259,4
21079,289.71571652444214,19.811931472886585,166377,302.44973475302317,-5.405747081354008,25
21080,200.29444987322356,-21.261344693948512,166383,227.03647807555316,-5.020718083634986,26
21081,-99.06534353028887,2.3292538167363452,166404,-96.6939343764425,2.7165835152131033,15
21082,-60.330060914113076,9.284237688461223,166405,-66.8889597803445,2.169628081691683,14
21083,-5.216331133451708,-6.49642707398989,166410,-6.878718007946434,-1.0926682779646681,10
21084,-140.04826977512565,1.263244496273235,166411,-141.0346653257256,-1.1036168920026446,0
21085,-134.11575572750488,2.3336134701470495,166417,-134.89656831690453,-0.030690791204986433,34
21086,-136.98468815096624,-0.10265936227094134,166424,-134.89656831690453,-0.030690791204986433,34
21087,-135.02747753279849,0.36709548021119937,166428,-134.89656831690453,-0.030690791204986433,34
21088,-49.02584235876228,3.3333268322033915,166429,-49.93530245157272,-0.19848027172185767,2
21089,-136.88283517685107,-2.3066838232734943,166445,-134.89656831690453,-0.030690791204986433,34
21090,-40.65689266938846,-0.5160883619219506,166448,-49.93530245157272,-0.19848027172185767,2
21091,-59.687762879366886,-1.1717534317639544,166452,-66.8889597803445,2.169628081691683,14
21092,-27.33995160346319,-5.187670449904501,166457,-29.714479793685786,-1.264748112657314,8
21093,-126.02893257097861,2.0820890236265446,166458,-129.1025175244067,1.5488809909733745,1
21094,-50.89369934929165,2.4557295421898675,166483,-49.93530245157272,-0.19848027172185767,2
21095,-102.06711489223277,2.2989954935005397,166491,-104.7190727296112,3.8815952186994593,7
21096,-154.04045592783459,0.3426602949957203,166503,-152.23629829764135,4.213482038439798,37
21097,-41.07792205967184,5.625835775445222,166507,-49.93530245157272,-0.19848027172185767,2
21098,-51.295391152419384,8.669272647078058,166509,-49.93530245157272,-0.19848027172185767,2
21099,5.672236561384788,-4.893910770648241,166524,-6.878718007946434,-1.0926682779646681,10
21100,-142.97390403790052,0.10353332778855878,166526,-141.0346653257256,-1.1036168920026446,0
21101,-131.85097506434414,-1.9039340665068658,166549,-134.89656831690453,-0.030690791204986433,34
21102,-130.20265110704025,4.79887925320693,166551,-132.1080396739421,5.887059356646324,17
21103,-38.061749634258994,5.834685454600091,166555,-29.714479793685786,-1.264748112657314,8
21104,-100.867201564399,0.023487338714448924,166557,-96.6939343764425,2.7165835152131033,15
21105,-146.114276649502,2.6099171043737655,166562,-146.59606179012786,4.113086925586259,4
21106,-79.99072900878971,3.055794725802688,166564,-85.91178621041317,3.2728237667350073,24
21107,34.962849515029035,8.05081167128043,166570,47.997068783449585,1.2679199422360634,13
21108,211.3875225298754,7.358878583514914,166572,227.03647807555316,-5.020718083634986,26
21109,-112.41257419059735,9.190836322378827,166581,-114.33047638704419,5.73481138949136,19
21110,-102.37061226855408,-7.312525455745338,166584,-95.36861679384212,-10.95784818293233,28
21111,-131.86271148649865,-2.167042730224622,166611,-134.89656831690453,-0.030690791204986433,34
21112,226.92896409216013,-0.12955902857489635,166636,227.03647807555316,-5.020718083634986,26
21113,-122.87182248832104,-0.26429461070139815,166638,-123.94204162798616,-1.5144507595891967,3
21114,-41.98549582478626,4.610211883159469,166641,-49.93530245157272,-0.19848027172185767,2
21115,344.2375791213776,13.399200319205322,166646,302.44973475302317,-5.405747081354008,25
21116,-35.085880335647644,5.3824853703197215,166647,-29.714479793685786,-1.264748112657314,8
21117,24.92391998977891,7.20544243258851,166648,18.937510567705566,1.034768221250525,27
21118,-135.02595039863556,0.8684017439827794,166659,-134.89656831690453,-0.030690791204986433,34
21119,-104.21235189610644,5.9694897715033886,166661,-104.7190727296112,3.8815952186994593,7
21120,95.39033651146225,2.7963120807320836,166662,104.96211155305676,-0.5414592591613776,31
21121,-17.8034360815717,2.5586280699136705,166677,-6.878718007946434,-1.0926682779646681,10
21122,-98.05939026690419,4.272196319311709,166684,-96.6939343764425,2.7165835152131033,15
21123,166.97775591335852,12.012687254310695,166692,172.66355239880147,-2.7112682595768685,38
21124,163.39220260824172,5.434826611721482,166701,172.66355239880147,-2.7112682595768685,38
21125,-132.90892980198745,-1.1725111841543447,166721,-134.89656831690453,-0.030690791204986433,34
21126,-148.1213623771958,3.2341953131331582,166723,-146.59606179012786,4.113086925586259,4
21127,-143.79951551130125,-1.6980637321688488,166724,-141.0346653257256,-1.1036168920026446,0
21128,256.0374027642726,-0.9937542559001002,166726,227.03647807555316,-5.020718083634986,26
21129,-100.03368546234752,3.6625300022020433,166730,-96.6939343764425,2.7165835152131033,15
21130,-74.49285856375103,-4.680073406856955,166733,-77.6204452281073,-4.536559244831727,5
21131,-125.95455132606807,-0.584007831189483,166746,-123.94204162798616,-1.5144507595891967,3
21132,-141.9708403638142,-0.9989638333547716,166755,-141.0346653257256,-1.1036168920026446,0
21133,-124.0447230170196,2.472572175694949,166765,-123.80894152337959,5.566802721935252,23
21134,-122.35365462190133,-8.028261555470321,166775,-123.94204162798616,-1.5144507595891967,3
21135,-110.08908906069095,3.164712114560075,166781,-109.71624596876933,-1.0040630408538558,16
21136,-142.91636704953655,-0.6630613658163724,166788,-141.0346653257256,-1.1036168920026446,0
21137,-40.91970315741759,-11.542203281613364,166794,-49.93530245157272,-0.19848027172185767,2
21138,-140.83517427108129,-0.8753446821676486,166805,-141.0346653257256,-1.1036168920026446,0
21139,-122.22404798046026,4.863981241036232,166810,-123.80894152337959,5.566802721935252,23
21140,-141.2141652575201,4.8640925675749065,166816,-142.14616351708418,5.245197398204194,22
21141,171.80182032121215,-0.8356718718363085,166825,172.66355239880147,-2.7112682595768685,38
21142,-76.06330357065578,2.6597064377684236,166829,-77.6204452281073,-4.536559244831727,5
21143,-137.0735642342989,1.850014054537158,166830,-137.57400940459857,4.493303950559668,20
21144,224.1543269184164,10.117505281282774,166843,227.03647807555316,-5.020718083634986,26
21145,553.5937359446183,1.0569220934075796,166859,586.0312761189704,-1.722944617346204,30
21146,234.83874281855643,-13.260784589191982,166862,227.03647807555316,-5.020718083634986,26
21147,-35.09431236658188,6.079224647451899,166865,-29.714479793685786,-1.264748112657314,8
21148,1169.050900029869,1.5456866997627041,166866,1342.5649032771717,32.04824045393157,32
21149,329.9031279408739,17.93369153583602,166879,302.44973475302317,-5.405747081354008,25
21150,-43.92041188835173,2.1171119421010536,166897,-49.93530245157272,-0.19848027172185767,2
21151,-144.24963364752932,5.614636870861372,166911,-142.14616351708418,5.245197398204194,22
21152,-126.04655890732725,1.9626672364875266,166918,-129.1025175244067,1.5488809909733745,1
21153,-19.123798934202107,6.4855789654087275,166922,-29.714479793685786,-1.264748112657314,8
21154,181.4895056155186,-10.113030561120562,166923,172.66355239880147,-2.7112682595768685,38
21155,-144.33593708742808,6.9615579563959695,166936,-142.14616351708418,5.245197398204194,22
21156,1024.3023414855268,7.29755414480108,166943,861.6475783799328,6.515082937232454,35
21157,-140.08284928382344,2.0224440467817093,166947,-141.0346653257256,-1.1036168920026446,0
21158,-75.36820266839071,9.890375231009953,166949,-66.8889597803445,2.169628081691683,14
21159,1334.1395769634848,78.07817390513246,166951,1342.5649032771717,32.04824045393157,32
21160,-89.96884803940925,1.893837214644569,166956,-85.91178621041317,3.2728237667350073,24
21161,787.7128792182955,7.524075603398537,166987,861.6475783799328,6.515082937232454,35
21162,23.883759758920586,7.544371217459977,166990,18.937510567705566,1.034768221250525,27
21163,-116.0923169358713,2.618222920993329,167004,-118.09857507912784,0.7103841694799473,11
21164,-88.9425988219164,1.8279889661028768,167010,-85.91178621041317,3.2728237667350073,24
21165,-27.39609044113142,-3.956393597893376,167020,-29.714479793685786,-1.264748112657314,8
21166,-89.46791012948307,10.796130851215004,167023,-85.91178621041317,3.2728237667350073,24
21167,18.067488060674048,4.966385320168238,167075,18.937510567705566,1.034768221250525,27
21168,-91.99590915014642,1.925832759337418,167082,-96.6939343764425,2.7165835152131033,15
21169,-145.98606111887645,-0.2007530986387638,167090,-148.09620948762597,-1.1157003398540595,36
21170,-119.1156768942985,3.0920909934211664,167116,-118.09857507912784,0.7103841694799473,11
21171,-25.005518746449297,4.8194178539766295,167117,-29.714479793685786,-1.264748112657314,8
21172,-129.0864012200965,3.286121461332542,167124,-129.1025175244067,1.5488809909733745,1
21173,-52.2200045135253,-7.201154904946268,167148,-49.93530245157272,-0.19848027172185767,2
21174,23.8688639556671,8.39325961069299,167153,18.937510567705566,1.034768221250525,27
21175,-14.051678035083263,6.530788997887854,167163,-6.878718007946434,-1.0926682779646681,10
21176,11.744515447440136,8.856365849297578,167176,18.937510567705566,1.034768221250525,27
21177,-104.03063109953008,1.473884868668281,167183,-104.7190727296112,3.8815952186994593,7
21178,-81.06597367008311,4.1727478796124435,167186,-85.91178621041317,3.2728237667350073,24
21179,-49.26035348290762,7.940340269241458,167187,-49.93530245157272,-0.19848027172185767,2
21180,-137.9569946041086,-0.7146900305443863,167188,-141.0346653257256,-1.1036168920026446,0
21181,-61.02003593327766,2.980227760695416,167192,-66.8889597803445,2.169628081691683,14
21182,-53.80441983786811,1.4860642612995643,167200,-49.93530245157272,-0.19848027172185767,2
21183,-136.12696424040496,2.5485792171081267,167205,-137.57400940459857,4.493303950559668,20
21184,-75.001113179947,-11.363936942586795,167212,-77.6204452281073,-4.536559244831727,5
21185,-125.16988782881818,3.65616326539915,167213,-123.80894152337959,5.566802721935252,23
21186,-70.96965756185018,1.7212103471788631,167234,-66.8889597803445,2.169628081691683,14
21187,-79.01161427742257,3.026964161183782,167237,-85.91178621041317,3.2728237667350073,24
21188,-47.9447329223968,3.6142894234154475,167242,-49.93530245157272,-0.19848027172185767,2
21189,-118.1241939606369,2.7664798359781027,167246,-118.09857507912784,0.7103841694799473,11
21190,-152.32050865408397,6.500963276925527,167248,-152.23629829764135,4.213482038439798,37
21191,-141.00763911341824,-0.1653792913974308,167256,-141.0346653257256,-1.1036168920026446,0
21192,78.660982327634,-2.3984678824243266,167257,78.01149217232324,3.6022338347977136,6
21193,-83.38143207418959,8.980241803964722,167261,-85.91178621041317,3.2728237667350073,24
21194,-113.62478503205094,-3.4798323843658046,167268,-109.71624596876933,-1.0040630408538558,16
21195,-11.070492900908288,6.478294394119399,167279,-6.878718007946434,-1.0926682779646681,10
21196,-88.15682188016591,5.5179034943735585,167285,-85.91178621041317,3.2728237667350073,24
21197,-120.9744549585381,0.9940935205805381,167286,-118.09857507912784,0.7103841694799473,11
21198,-132.8867506150183,-0.11927045850778593,167293,-134.89656831690453,-0.030690791204986433,34
21199,-74.9169602699366,3.0688439666851317,167314,-77.6204452281073,-4.536559244831727,5
21200,-103.92691771379741,1.2487857684311134,167334,-104.7190727296112,3.8815952186994593,7
21201,25.075944677992823,5.940818172316208,167335,18.937510567705566,1.034768221250525,27
21202,-98.80698547275777,-0.7619200574879607,167344,-96.6939343764425,2.7165835152131033,15
21203,-91.78935808392895,-1.0504177159415995,167359,-96.6939343764425,2.7165835152131033,15
21204,-79.12847921833459,5.079845477089696,167363,-85.91178621041317,3.2728237667350073,24
21205,1.8140438864203858,-49.69045757401345,167367,28.39696760572947,-22.91072472808294,12
21206,-137.27443258389275,5.751099075595747,167373,-137.57400940459857,4.493303950559668,20
21207,-150.32829869823118,6.732431558443447,167379,-152.23629829764135,4.213482038439798,37
21208,-127.27713096203048,6.493291571091631,167393,-123.80894152337959,5.566802721935252,23
21209,-143.16883101433044,3.3161178506903526,167403,-142.14616351708418,5.245197398204194,22
21210,-119.05523070164512,3.313132295757135,167421,-118.09857507912784,0.7103841694799473,11
21211,-137.86927511392196,-0.07406031284008464,167422,-134.89656831690453,-0.030690791204986433,34
21212,-51.99370111791649,-11.125146883366247,167424,-49.93530245157272,-0.19848027172185767,2
21213,-45.17065949251205,6.034171395421329,167437,-49.93530245157272,-0.19848027172185767,2
21214,-75.2799868780345,7.936801072906736,167450,-66.8889597803445,2.169628081691683,14
21215,-52.769139222863615,-14.518309871241222,167453,-49.93530245157272,-0.19848027172185767,2
21216,94.2934656866339,-10.349834135799384,167462,104.96211155305676,-0.5414592591613776,31
21217,-100.17431289423386,5.193786381325024,167463,-96.6939343764425,2.7165835152131033,15
21218,115.70197713673116,-15.34854784695835,167470,104.96211155305676,-0.5414592591613776,31
21219,476.6267803896547,27.46451954088598,167476,417.6915390220547,-4.11857226961515,29
21220,-79.17404271095273,6.059316281635034,167479,-85.91178621041317,3.2728237667350073,24
21221,78.64327197395185,-15.710432002622161,167488,70.166569844569,-14.692630117552799,9
21222,36.137693335715895,3.740976946193951,167489,47.997068783449585,1.2679199422360634,13
21223,43.34811080285324,2.3201930791342495,167498,47.997068783449585,1.2679199422360634,13
21224,-16.69949042955216,-0.21068497413781068,167503,-6.878718007946434,-1.0926682779646681,10
21225,-82.66036268297731,-3.196055780682553,167510,-77.6204452281073,-4.536559244831727,5
21226,21.216025770882908,-11.921285395895975,167520,28.39696760572947,-22.91072472808294,12
21227,-73.13427921019192,5.294825228976072,167527,-66.8889597803445,2.169628081691683,14
21228,-140.33637776969056,7.065649360609611,167529,-142.14616351708418,5.245197398204194,22
21229,-126.23135681246718,5.003922656248771,167541,-123.80894152337959,5.566802721935252,23
21230,-68.49495505537433,-5.039717111848964,167542,-66.8889597803445,2.169628081691683,14
21231,-92.46006532700147,-5.709076109264645,167561,-95.36861679384212,-10.95784818293233,28
21232,-142.3437038272829,7.174987335316874,167562,-142.14616351708418,5.245197398204194,22
21233,-139.05325725308765,1.3651289577925925,167572,-141.0346653257256,-1.1036168920026446,0
21234,-38.6588458371124,0.08947489355616732,167584,-29.714479793685786,-1.264748112657314,8
21235,-140.71499147024386,-4.025952542501138,167590,-141.0346653257256,-1.1036168920026446,0
21236,94.35889052562965,-10.748751892222478,167595,104.96211155305676,-0.5414592591613776,31
21237,163.16075156040498,-6.289903302525205,167598,172.66355239880147,-2.7112682595768685,38
21238,-42.24784248477649,-6.427666296929349,167600,-49.93530245157272,-0.19848027172185767,2
21239,-83.65260395141185,-3.394585108918907,167603,-77.6204452281073,-4.536559244831727,5
21240,-138.09225394300864,3.280524906001475,167617,-137.57400940459857,4.493303950559668,20
21241,53.12451664275809,5.853771926580891,167618,47.997068783449585,1.2679199422360634,13
21242,-119.00077411301959,1.091110987023342,167631,-118.09857507912784,0.7103841694799473,11
21243,-61.13139287752562,5.4221134070269095,167632,-66.8889597803445,2.169628081691683,14
21244,20.60956399066161,12.994268041030631,167648,18.937510567705566,1.034768221250525,27
21245,-54.585578526906836,-2.3034303428430505,167663,-49.93530245157272,-0.19848027172185767,2
21246,21.942534213961878,-7.477612252660038,167678,18.937510567705566,1.034768221250525,27
21247,939.7051870102532,41.74570396055027,167681,861.6475783799328,6.515082937232454,35
21248,-107.92833534887224,-0.3053949997198563,167687,-109.71624596876933,-1.0040630408538558,16
21249,367.7629555480154,-22.052266781816858,167689,417.6915390220547,-4.11857226961515,29
21250,252.7560807763741,3.054905881183192,167692,227.03647807555316,-5.020718083634986,26
21251,-18.947028571309858,4.145494614555614,167696,-29.714479793685786,-1.264748112657314,8
21252,-119.19848304881663,5.413630233100754,167704,-123.80894152337959,5.566802721935252,23
21253,96.03939251663294,7.930250103144299,167710,104.96211155305676,-0.5414592591613776,31
21254,134.09207841404614,8.942016937361865,167721,135.4076551174278,-1.697351881935795,33
21255,-117.07380833003288,2.1954601887095873,167729,-118.09857507912784,0.7103841694799473,11
21256,-114.96469189157159,-0.1445788867914602,167733,-118.09857507912784,0.7103841694799473,11
21257,-98.2052083987745,5.90335081966874,167742,-96.6939343764425,2.7165835152131033,15
21258,17.366312278842813,0.47193547870399233,167754,18.937510567705566,1.034768221250525,27
21259,-116.95414187564671,0.07736797207864568,167758,-118.09857507912784,0.7103841694799473,11
21260,-148.22307809750475,4.4397045773702315,167759,-146.59606179012786,4.113086925586259,4
21261,296.3651876309936,-4.410912307083754,167763,302.44973475302317,-5.405747081354008,25
21262,-37.99932066009294,-10.784938259595654,167765,-29.714479793685786,-1.264748112657314,8
21263,-103.15701043117981,5.280553005186432,167776,-104.7190727296112,3.8815952186994593,7
21264,-119.86294358355568,0.6006448502316558,167786,-118.09857507912784,0.7103841694799473,11
21265,-101.83567116905822,-0.1966902982096626,167791,-104.7190727296112,3.8815952186994593,7
21266,16.792326284485675,-5.284725242130472,167799,18.937510567705566,1.034768221250525,27
21267,-124.03115234396289,1.1307568692519392,167817,-123.94204162798616,-1.5144507595891967,3
21268,85.69939466235839,13.670319617913472,167840,78.01149217232324,3.6022338347977136,6
21269,78.54896902350306,0.05630848670138931,167847,78.01149217232324,3.6022338347977136,6
21270,-12.534125478446878,-2.7247286313455863,167848,-6.878718007946434,-1.0926682779646681,10
21271,-89.90253514530438,-0.09339862342332485,167850,-85.91178621041317,3.2728237667350073,24
21272,-131.8669147845284,-2.0738778106177307,167853,-134.89656831690453,-0.030690791204986433,34
21273,-38.290975478581394,9.828099507921586,167855,-29.714479793685786,-1.264748112657314,8
21274,-137.01696711628972,0.11776514278599647,167856,-134.89656831690453,-0.030690791204986433,34
21275,-68.1946016300507,5.664721921344677,167866,-66.8889597803445,2.169628081691683,14
21276,5.5352107893239015,-2.91767366687545,167868,-6.878718007946434,-1.0926682779646681,10
21277,-135.35770717941233,7.5919546412993775,167881,-132.1080396739421,5.887059356646324,17
21278,636.6405504973803,-39.681518363023656,167882,586.0312761189704,-1.722944617346204,30
21279,-102.34680851513558,8.461589650515485,167884,-104.7190727296112,3.8815952186994593,7
21280,23.279806088682175,2.9694204120880636,167889,18.937510567705566,1.034768221250525,27
21281,-16.774271969153784,1.4315866766183423,167890,-6.878718007946434,-1.0926682779646681,10
21282,202.34113557639282,-7.5343472913044955,167894,227.03647807555316,-5.020718083634986,26
21283,508.9258094501033,-19.649287627273353,167899,586.0312761189704,-1.722944617346204,30
21284,-97.62586901934283,-2.6741279227546575,167901,-96.6939343764425,2.7165835152131033,15
21285,-24.332352585602763,-4.791077017081675,167922,-29.714479793685786,-1.264748112657314,8
21286,-135.1626248828616,4.365471562639347,167923,-137.57400940459857,4.493303950559668,20
21287,-96.89311748482199,-0.3788392075641914,167931,-96.6939343764425,2.7165835152131033,15
21288,-100.11594657261762,3.9039481471046646,167937,-96.6939343764425,2.7165835152131033,15
21289,-7.5252325588378985,-16.547320348798483,167943,-6.878718007946434,-1.0926682779646681,10
21290,-128.7615515758457,-2.7823686817965574,167944,-130.75996572568545,-6.6137591708523855,18
21291,-75.01416120793093,4.163954581188766,167948,-66.8889597803445,2.169628081691683,14
21292,-135.29547180497184,6.7646496498749,167961,-137.57400940459857,4.493303950559668,20
21293,115.74442498218401,-2.0604262374409563,167964,104.96211155305676,-0.5414592591613776,31
21294,192.05717297282905,11.707260672828662,167968,172.66355239880147,-2.7112682595768685,38
21295,-104.01442626021714,0.605707801213191,167972,-104.7190727296112,3.8815952186994593,7
21296,-103.9288103497526,1.3034274244225876,167975,-104.7190727296112,3.8815952186994593,7
21297,-43.40891926936232,-3.942058095967132,167991,-49.93530245157272,-0.19848027172185767,2
21298,-119.83391810554087,-2.0759241264651496,167993,-118.09857507912784,0.7103841694799473,11
21299,-54.43312617072718,-4.61919218635825,167997,-49.93530245157272,-0.19848027172185767,2
21300,-113.05897338015366,1.9516277518933283,168007,-114.33047638704419,5.73481138949136,19
21301,-127.72961408183211,-2.956404731545215,168017,-123.94204162798616,-1.5144507595891967,3
21302,-131.99012304861856,1.135594277895566,168021,-129.1025175244067,1.5488809909733745,1
21303,-110.32138026474418,7.7518038491786525,168023,-114.33047638704419,5.73481138949136,19
21304,-129.1403542186653,3.9872019899190136,168026,-129.1025175244067,1.5488809909733745,1
21305,-120.14957010794662,3.321767042084512,168028,-118.09857507912784,0.7103841694799473,11
21306,-141.23960892015901,4.904825949317893,168029,-142.14616351708418,5.245197398204194,22
21307,164.64406450029324,-41.68788112227244,168030,172.66355239880147,-2.7112682595768685,38
21308,115.8585922420985,-17.755582691147072,168037,110.19899446847099,-35.665903512662624,21
21309,-142.3434375463762,7.170659388687905,168051,-142.14616351708418,5.245197398204194,22
21310,-139.8799148310237,0.1336539185302613,168056,-141.0346653257256,-1.1036168920026446,0
21311,-127.0766358808665,2.09066514287431,168069,-129.1025175244067,1.5488809909733745,1
21312,-119.34903337189066,-9.099786936442262,168071,-115.69510858146283,-11.595084171039186,39
21313,-85.88713182419379,0.678883045430594,168072,-85.91178621041317,3.2728237667350073,24
21314,-136.049443262507,2.87340697954314,168083,-137.57400940459857,4.493303950559668,20
21315,258.60124352679196,5.023783090154282,168096,227.03647807555316,-5.020718083634986,26
21316,101.6449622518714,-1.1464122768946012,168097,104.96211155305676,-0.5414592591613776,31
21317,-31.041979824803665,5.511259024076357,168100,-29.714479793685786,-1.264748112657314,8
21318,-129.16512965177176,4.515960337144444,168107,-129.1025175244067,1.5488809909733745,1
21319,-111.12723517452643,3.4799204109008817,168122,-114.33047638704419,5.73481138949136,19
21320,-154.31740101999188,6.390764235143918,168123,-152.23629829764135,4.213482038439798,37
21321,-127.67619269105502,-3.6000249578979555,168124,-123.94204162798616,-1.5144507595891967,3
21322,347.60007904943194,-20.343817794301884,168138,302.44973475302317,-5.405747081354008,25
21323,-138.1563009700208,4.154958848645594,168142,-137.57400940459857,4.493303950559668,20
21324,-130.17283089967486,4.157730212493413,168149,-132.1080396739421,5.887059356646324,17
21325,-99.23656774093844,6.586566510186666,168156,-96.6939343764425,2.7165835152131033,15
21326,-16.886147008581627,3.3666780039882345,168157,-6.878718007946434,-1.0926682779646681,10
21327,167.73837295980704,-71.62251534403445,168162,110.19899446847099,-35.665903512662624,21
21328,563.9401283732861,10.932821754023728,168169,586.0312761189704,-1.722944617346204,30
21329,-143.10373579978761,1.9257133449626591,168172,-142.14616351708418,5.245197398204194,22
21330,-68.85738452661904,1.3552050977833543,168179,-66.8889597803445,2.169628081691683,14
21331,-73.93328121375127,0.8567710306076782,168195,-77.6204452281073,-4.536559244831727,5
21332,-133.94132133766024,0.5426812021116191,168207,-134.89656831690453,-0.030690791204986433,34
21333,-121.22468100265883,4.926663481399718,168209,-123.80894152337959,5.566802721935252,23
21334,-94.91662505733542,0.6644545654109543,168221,-96.6939343764425,2.7165835152131033,15
21335,-117.40243859257427,8.883836041174444,168222,-114.33047638704419,5.73481138949136,19
21336,24.78540093142077,-4.998743256724533,168227,18.937510567705566,1.034768221250525,27
21337,-85.33389967551801,-8.348842684233746,168230,-77.6204452281073,-4.536559244831727,5
21338,-126.7864805326675,-1.706523310969991,168255,-123.94204162798616,-1.5144507595891967,3
21339,-72.28008961043231,7.488794583830299,168266,-66.8889597803445,2.169628081691683,14
21340,-144.93227483347886,-0.8518542879200356,168279,-148.09620948762597,-1.1157003398540595,36
21341,43.975472538919306,7.427065376639869,168288,47.997068783449585,1.2679199422360634,13
21342,-132.8230601239207,-2.0189678267371836,168291,-134.89656831690453,-0.030690791204986433,34
21343,-83.04190832648086,3.604400121667089,168293,-85.91178621041317,3.2728237667350073,24
21344,-135.1632537205898,3.361177441815397,168307,-137.57400940459857,4.493303950559668,20
21345,99.86581439579837,-3.9607712287723893,168309,104.96211155305676,-0.5414592591613776,31
21346,-11.421739619878895,12.62375360967164,168311,-6.878718007946434,-1.0926682779646681,10
21347,-129.19909968553912,4.751396396332468,168322,-132.1080396739421,5.887059356646324,17
21348,-125.20624368161288,4.994717909019086,168338,-123.80894152337959,5.566802721935252,23
21349,-138.3539636427665,7.470313483915368,168362,-137.57400940459857,4.493303950559668,20
21350,298.5683822616092,-21.50653783239334,168387,302.44973475302317,-5.405747081354008,25
21351,-127.98247070346586,1.038065174554742,168398,-129.1025175244067,1.5488809909733745,1
21352,-118.08529279363675,2.95271126465603,168400,-118.09857507912784,0.7103841694799473,11
21353,31.492776645675313,-0.02989053823840172,168401,18.937510567705566,1.034768221250525,27
21354,-3.177483403295856,-7.319052865954173,168410,-6.878718007946434,-1.0926682779646681,10
21355,-25.101932136216192,6.424834565492264,168420,-29.714479793685786,-1.264748112657314,8
21356,-66.70018228320274,-0.5219439019375128,168427,-66.8889597803445,2.169628081691683,14
21357,-28.18052468119874,-7.6655043343766405,168429,-29.714479793685786,-1.264748112657314,8
21358,-77.4053685926732,10.149683309271639,168437,-85.91178621041317,3.2728237667350073,24
21359,75.387187006061,2.0054783516839674,168442,78.01149217232324,3.6022338347977136,6
21360,-53.615882988109654,-1.6325079578764878,168450,-49.93530245157272,-0.19848027172185767,2
21361,93.08623059715829,-21.58614050230413,168457,110.19899446847099,-35.665903512662624,21
21362,-102.91606805755332,0.5251062289481705,168458,-104.7190727296112,3.8815952186994593,7
21363,-84.99908404144662,2.634531824867988,168461,-85.91178621041317,3.2728237667350073,24
21364,-70.20635797563637,6.9231420419753835,168485,-66.8889597803445,2.169628081691683,14
21365,-26.070052998161444,6.215002256251674,168492,-29.714479793685786,-1.264748112657314,8
21366,27.310389920000492,1.3423437062064085,168494,18.937510567705566,1.034768221250525,27
21367,-81.10144059740269,4.428340070756337,168495,-85.91178621041317,3.2728237667350073,24
21368,-85.65298530373201,-2.3874786270176145,168522,-85.91178621041317,3.2728237667350073,24
21369,609.1350058506822,-4.737920640012792,168528,586.0312761189704,-1.722944617346204,30
21370,-118.24902807468457,6.038386489692467,168543,-114.33047638704419,5.73481138949136,19
21371,-143.87134695929308,-2.694883661929585,168544,-141.0346653257256,-1.1036168920026446,0
21372,-80.99550281024297,3.6515733273704214,168551,-85.91178621041317,3.2728237667350073,24
21373,-16.850824754665037,-11.624966170817798,168559,-6.878718007946434,-1.0926682779646681,10
21374,158.0297635462227,-18.729934581950722,168560,172.66355239880147,-2.7112682595768685,38
21375,-129.01090416149162,0.6301794674539363,168566,-129.1025175244067,1.5488809909733745,1
21376,-33.05207454654097,5.718713411984171,168570,-29.714479793685786,-1.264748112657314,8
21377,-127.03643065360198,1.7185028596553078,168573,-129.1025175244067,1.5488809909733745,1
21378,-153.28623191659815,5.726248734557777,168579,-152.23629829764135,4.213482038439798,37
21379,215.31436925554763,8.526703624087567,168580,227.03647807555316,-5.020718083634986,26
21380,-121.11929244429292,2.623661855611678,168586,-118.09857507912784,0.7103841694799473,11
21381,178.40032840967368,4.9807379903793105,168595,172.66355239880147,-2.7112682595768685,38
21382,-45.28807592176136,-7.13520792335388,168599,-49.93530245157272,-0.19848027172185767,2
21383,-128.1465758345053,4.123005030814453,168602,-129.1025175244067,1.5488809909733745,1
21384,-1.0417882796562523,6.533750773788566,168604,-6.878718007946434,-1.0926682779646681,10
21385,116.1667474688407,-7.702930583918495,168607,104.96211155305676,-0.5414592591613776,31
21386,-93.60630842445254,-3.548815271558829,168616,-96.6939343764425,2.7165835152131033,15
21387,1058.460843892923,5.937383445602636,168641,861.6475783799328,6.515082937232454,35
21388,-136.22342551994458,5.161017333127332,168645,-137.57400940459857,4.493303950559668,20
21389,-102.02865194589047,1.9823502970144202,168646,-104.7190727296112,3.8815952186994593,7
21390,-59.712763441313605,-0.6401654009959961,168648,-66.8889597803445,2.169628081691683,14
21391,270.7714049569941,-11.171392657435605,168665,302.44973475302317,-5.405747081354008,25
21392,-112.03663028323615,2.512330872830726,168670,-114.33047638704419,5.73481138949136,19
21393,-74.01902788883018,3.270735594379525,168676,-66.8889597803445,2.169628081691683,14
21394,5.111941289979549,3.261039079616803,168706,-6.878718007946434,-1.0926682779646681,10
21395,-66.8800767710234,2.3919487521070915,168710,-66.8889597803445,2.169628081691683,14
21396,-121.29550967396425,6.981061764251491,168715,-123.80894152337959,5.566802721935252,23
21397,-19.99099193046212,4.585809474103219,168728,-29.714479793685786,-1.264748112657314,8
21398,-123.90504801573996,-0.0855868657940634,168730,-123.94204162798616,-1.5144507595891967,3
21399,-61.944173807571595,3.3573158140014208,168746,-66.8889597803445,2.169628081691683,14
21400,-44.60799163150971,-1.6518335154197734,168761,-49.93530245157272,-0.19848027172185767,2
21401,147.91709298141626,12.507076400606987,168773,135.4076551174278,-1.697351881935795,33
21402,-36.63106991728117,-16.255563019494844,168777,-29.714479793685786,-1.264748112657314,8
21403,-93.94017541167008,1.6987270633260148,168782,-96.6939343764425,2.7165835152131033,15
21404,-69.15012729690896,5.182871959722911,168783,-66.8889597803445,2.169628081691683,14
21405,171.99037500353137,-17.638273396450863,168799,172.66355239880147,-2.7112682595768685,38
21406,188.83650469280386,-0.2809016924409313,168803,172.66355239880147,-2.7112682595768685,38
21407,-57.69857572624858,-0.39730750450331725,168816,-49.93530245157272,-0.19848027172185767,2
21408,-108.1961733351267,5.030800168523974,168819,-104.7190727296112,3.8815952186994593,7
21409,-137.94031067174956,-1.5939508385867496,168822,-141.0346653257256,-1.1036168920026446,0
21410,182.71155428251927,1.8332731929687094,168831,172.66355239880147,-2.7112682595768685,38
21411,-115.24081456379653,5.905468077323129,168834,-114.33047638704419,5.73481138949136,19
21412,-72.9396938449198,1.0333808310235622,168837,-66.8889597803445,2.169628081691683,14
21413,-5.480949954075913,-2.7569861177314086,168889,-6.878718007946434,-1.0926682779646681,10
21414,-91.05842006653634,3.846515861036418,168896,-85.91178621041317,3.2728237667350073,24
21415,-102.93198713543124,0.8723606874237307,168902,-104.7190727296112,3.8815952186994593,7
21416,392.8116923346251,20.97357907974752,168903,417.6915390220547,-4.11857226961515,29
21417,1077.615672744779,-9.81068817488649,168904,861.6475783799328,6.515082937232454,35
21418,408.92173820585725,20.886128409807426,168907,417.6915390220547,-4.11857226961515,29
21419,24.198211872058955,2.7244249503709863,168916,18.937510567705566,1.034768221250525,27
21420,41.16842491649416,4.174695511762501,168918,47.997068783449585,1.2679199422360634,13
21421,-50.63825975503411,-1.6142378415904681,168919,-49.93530245157272,-0.19848027172185767,2
21422,-27.387240169710314,-18.878981675850625,168925,-29.714479793685786,-1.264748112657314,8
21423,-55.8992938800974,3.501477227748764,168930,-49.93530245157272,-0.19848027172185767,2
21424,-36.116136038222386,7.058394395600827,168933,-29.714479793685786,-1.264748112657314,8
21425,-116.81869732950719,-1.8405064934528625,168946,-118.09857507912784,0.7103841694799473,11
21426,206.00109421027534,-2.0540817961992195,168978,227.03647807555316,-5.020718083634986,26
21427,-116.89833813637291,-0.6109505615799636,168981,-118.09857507912784,0.7103841694799473,11
21428,-120.22942728940215,5.0595125143286905,168982,-123.80894152337959,5.566802721935252,23
21429,282.890723334299,2.176029195166374,168986,302.44973475302317,-5.405747081354008,25
21430,5.742161764744408,9.848990800426153,168987,18.937510567705566,1.034768221250525,27
21431,-82.41737346123475,10.316011434457092,168991,-85.91178621041317,3.2728237667350073,24
21432,-145.48990075202155,-7.489074301463073,168995,-148.09620948762597,-1.1157003398540595,36
21433,-128.94982040666102,-0.1903932373484736,168996,-129.1025175244067,1.5488809909733745,1
21434,84.02150359567638,-7.130713851912246,168998,78.01149217232324,3.6022338347977136,6
21435,651.6113115373523,4.37736616425432,169003,586.0312761189704,-1.722944617346204,30
21436,-67.27263852657627,7.920741595967209,169031,-66.8889597803445,2.169628081691683,14
21437,24.988163124175898,-7.896855281021127,169036,18.937510567705566,1.034768221250525,27
21438,4.791652579535759,-5.473993646148172,169050,-6.878718007946434,-1.0926682779646681,10
21439,-112.65362303810006,-2.827269220522958,169058,-109.71624596876933,-1.0040630408538558,16
21440,-131.05896142006173,1.6364800310563357,169086,-129.1025175244067,1.5488809909733745,1
21441,-74.43695286760924,10.868902945096574,169091,-66.8889597803445,2.169628081691683,14
21442,-150.19108303694668,3.7056720424646232,169094,-152.23629829764135,4.213482038439798,37
21443,-113.0925199818142,3.192776857934445,169116,-114.33047638704419,5.73481138949136,19
21444,-89.8773109656764,-0.6298908503872627,169117,-85.91178621041317,3.2728237667350073,24
21445,-107.06296262057961,1.623220457226439,169121,-104.7190727296112,3.8815952186994593,7
21446,-113.10441890668498,2.4126299244354588,169136,-114.33047638704419,5.73481138949136,19
21447,-118.22559610138433,5.505352744884992,169182,-114.33047638704419,5.73481138949136,19
21448,-111.39992938024346,-8.370355685070624,169194,-115.69510858146283,-11.595084171039186,39
21449,269.52206482652906,-7.792293147766662,169195,302.44973475302317,-5.405747081354008,25
21450,-59.039728859537846,4.987780948567581,169201,-66.8889597803445,2.169628081691683,14
21451,-118.99415729376145,0.41005346324991,169211,-118.09857507912784,0.7103841694799473,11
21452,1019.7451154112447,-13.606235536248262,169226,861.6475783799328,6.515082937232454,35
21453,-71.0034650224312,4.010410880631718,169227,-66.8889597803445,2.169628081691683,14
21454,-55.229510683006175,8.18936326202696,169228,-49.93530245157272,-0.19848027172185767,2
21455,193.33404519502133,7.220989140702925,169236,172.66355239880147,-2.7112682595768685,38
21456,-147.27724546028796,5.655958187538028,169244,-146.59606179012786,4.113086925586259,4
21457,-67.90328755012031,2.3808516367889965,169245,-66.8889597803445,2.169628081691683,14
21458,-120.56926220783286,-5.848256580704262,169253,-123.94204162798616,-1.5144507595891967,3
21459,-122.99780466435564,0.44368282836407663,169265,-123.94204162798616,-1.5144507595891967,3
21460,-48.74985812402065,-0.16010886083832596,169270,-49.93530245157272,-0.19848027172185767,2
21461,-76.1475998799256,6.03888850911034,169274,-66.8889597803445,2.169628081691683,14
21462,392.47885372190103,-2.726672011694778,169275,417.6915390220547,-4.11857226961515,29
21463,124.25901720923721,-37.525603010965526,169288,110.19899446847099,-35.665903512662624,21
21464,-83.72062885064383,-0.8626665892513172,169304,-85.91178621041317,3.2728237667350073,24
21465,-144.2212089981034,4.976834686729773,169310,-142.14616351708418,5.245197398204194,22
21466,-135.22605793875604,4.742343637795611,169323,-137.57400940459857,4.493303950559668,20
21467,124.95767751205113,-4.024309325727511,169334,135.4076551174278,-1.697351881935795,33
21468,-93.29087282104726,-8.904402800647684,169354,-95.36861679384212,-10.95784818293233,28
21469,-107.00774296046677,0.9330032520291511,169363,-109.71624596876933,-1.0040630408538558,16
21470,446.0305081300459,-8.783882851612454,169368,417.6915390220547,-4.11857226961515,29
21471,47.70739904523516,12.34447298302766,169386,47.997068783449585,1.2679199422360634,13
21472,174.9058998802148,-1.528565035859818,169404,172.66355239880147,-2.7112682595768685,38
21473,257.45064018554115,7.792695829707328,169409,227.03647807555316,-5.020718083634986,26
21474,-124.11315005162368,2.958697457642585,169419,-123.80894152337959,5.566802721935252,23
21475,-45.3741595252528,-5.242160212816402,169425,-49.93530245157272,-0.19848027172185767,2
21476,-41.51285683093879,13.105498342833696,169429,-49.93530245157272,-0.19848027172185767,2
21477,209.35159279351828,7.100686392670494,169430,227.03647807555316,-5.020718083634986,26
21478,-127.37820343402987,8.187974327166433,169456,-123.80894152337959,5.566802721935252,23
21479,-116.23575794345021,-8.976347774574988,169458,-115.69510858146283,-11.595084171039186,39
21480,-130.94934143945707,1.2874334879813736,169473,-129.1025175244067,1.5488809909733745,1
21481,-146.21665517501313,4.326962423116717,169475,-146.59606179012786,4.113086925586259,4
21482,-55.732642679713294,-1.1665139728830687,169481,-49.93530245157272,-0.19848027172185767,2
21483,-123.36833727360421,8.055353293106439,169515,-123.80894152337959,5.566802721935252,23
21484,-20.691649616886348,0.5893724815308221,169516,-29.714479793685786,-1.264748112657314,8
21485,-53.71230043109531,-0.5489666949264191,169522,-49.93530245157272,-0.19848027172185767,2
21486,7.531424344425346,-1.2689587904046615,169525,18.937510567705566,1.034768221250525,27
21487,-127.74977711879905,-1.477183687315412,169528,-129.1025175244067,1.5488809909733745,1
21488,-81.28249744531456,7.887969100579029,169537,-85.91178621041317,3.2728237667350073,24
21489,61.9932362176571,8.36033189432809,169538,47.997068783449585,1.2679199422360634,13
21490,-93.17168532850346,-38.92817662247746,169543,-95.36861679384212,-10.95784818293233,28
21491,-88.7675558037465,-0.9545950167849132,169546,-85.91178621041317,3.2728237667350073,24
21492,-113.7838811414146,-2.0421209721285924,169594,-109.71624596876933,-1.0040630408538558,16
21493,-101.99238960363128,2.7252590873947034,169602,-104.7190727296112,3.8815952186994593,7
21494,-147.25132307101924,5.067667063575932,169624,-146.59606179012786,4.113086925586259,4
21495,74.05631773489587,-22.27671940801187,169636,70.166569844569,-14.692630117552799,9
21496,-62.04623866717543,4.581108502449747,169649,-66.8889597803445,2.169628081691683,14
21497,-135.10208752649513,3.5367034833823965,169660,-137.57400940459857,4.493303950559668,20
21498,-138.5837435341632,-5.815762512818583,169671,-141.0346653257256,-1.1036168920026446,0
21499,-132.912093033526,-1.6076342128295706,169674,-134.89656831690453,-0.030690791204986433,34
21500,-123.3129929481584,6.816194027921209,169691,-123.80894152337959,5.566802721935252,23
21501,-86.37521628795886,9.303615763382293,169701,-85.91178621041317,3.2728237667350073,24
21502,-46.72360511547194,-0.6852409376525229,169704,-49.93530245157272,-0.19848027172185767,2
21503,-107.86715864780615,-1.1588152375469367,169721,-109.71624596876933,-1.0040630408538558,16
21504,414.17126420912405,16.546954288079665,169731,417.6915390220547,-4.11857226961515,29
21505,15.568702765958221,-1.945840283790424,169744,18.937510567705566,1.034768221250525,27
21506,-133.93978128350304,-1.5307859160743675,169752,-134.89656831690453,-0.030690791204986433,34
21507,-62.042061030436706,4.47518915348727,169761,-66.8889597803445,2.169628081691683,14
21508,86.01041621627847,-21.05946694013574,169762,70.166569844569,-14.692630117552799,9
21509,-119.25639920204078,6.675330314709435,169769,-123.80894152337959,5.566802721935252,23
21510,-142.52018529899615,-7.280669936790282,169777,-141.0346653257256,-1.1036168920026446,0
21511,-67.51841319656305,12.250440950795895,169782,-66.8889597803445,2.169628081691683,14
21512,364.7494319522115,-7.578090106269369,169784,417.6915390220547,-4.11857226961515,29
21513,-143.278815668572,5.759898577811768,169785,-142.14616351708418,5.245197398204194,22
21514,-36.900646361702805,3.361894532698517,169791,-29.714479793685786,-1.264748112657314,8
21515,-132.047465855812,1.8894262729532478,169795,-129.1025175244067,1.5488809909733745,1
21516,51.61734364744981,-1.8913373805831684,169796,47.997068783449585,1.2679199422360634,13
21517,-78.31710903281315,-7.052812245163972,169797,-77.6204452281073,-4.536559244831727,5
21518,249.0671055763577,12.4560409479482,169798,227.03647807555316,-5.020718083634986,26
21519,-65.86349410581884,-13.71709193223375,169799,-77.6204452281073,-4.536559244831727,5
21520,-134.85347417539208,-0.8802053001839515,169811,-134.89656831690453,-0.030690791204986433,34
21521,-126.31001633908059,6.706521660143109,169824,-123.80894152337959,5.566802721935252,23
21522,91.671411513437,-1.3925972653537566,169829,104.96211155305676,-0.5414592591613776,31
21523,95.17714868625887,5.919284511151188,169835,104.96211155305676,-0.5414592591613776,31
21524,-135.23124777524177,4.830869754264399,169838,-137.57400940459857,4.493303950559668,20
21525,-94.04434514771974,3.4865366484042988,169839,-96.6939343764425,2.7165835152131033,15
21526,-71.62546431463318,-2.2423459491795485,169845,-77.6204452281073,-4.536559244831727,5
21527,-93.11852364970223,4.618886904879134,169848,-96.6939343764425,2.7165835152131033,15
21528,-106.03477358942433,1.5447925074557638,169849,-104.7190727296112,3.8815952186994593,7
21529,62.417090362529336,1.6565889112588,169860,47.997068783449585,1.2679199422360634,13
21530,-129.05916349711683,2.1931056719099318,169870,-129.1025175244067,1.5488809909733745,1
21531,248.4967939810959,-22.325710287647716,169872,227.03647807555316,-5.020718083634986,26
21532,-55.14261138606394,5.24787205914586,169879,-49.93530245157272,-0.19848027172185767,2
21533,-98.30930033157155,7.672502973127684,169897,-96.6939343764425,2.7165835152131033,15
21534,-115.31347966407081,7.486980332937715,169906,-114.33047638704419,5.73481138949136,19
21535,-139.0703793910667,1.258546103584898,169911,-141.0346653257256,-1.1036168920026446,0
21536,149.6127045042464,1.9066683318130124,169912,135.4076551174278,-1.697351881935795,33
21537,-149.9041231912223,-1.5629945570409909,169922,-148.09620948762597,-1.1157003398540595,36
21538,-128.96069474351572,0.030949737879170162,169923,-129.1025175244067,1.5488809909733745,1
21539,-109.7131616767825,-1.9860499966059237,169932,-109.71624596876933,-1.0040630408538558,16
21540,-127.25251501060568,5.43245574864704,169933,-123.80894152337959,5.566802721935252,23
21541,-108.27096982571183,7.1825757522212985,169935,-104.7190727296112,3.8815952186994593,7
21542,-32.72889176273985,0.15413271517973598,169971,-29.714479793685786,-1.264748112657314,8
21543,-109.00225364814344,0.7784336687955034,169973,-109.71624596876933,-1.0040630408538558,16
21544,24.153946743664196,-39.46694708740412,169980,28.39696760572947,-22.91072472808294,12
21545,516.8340094719322,10.929175290914673,169989,586.0312761189704,-1.722944617346204,30
21546,-72.26478695158549,-7.585137329654061,170008,-77.6204452281073,-4.536559244831727,5
21547,-129.2299794210791,4.925602796061575,170013,-132.1080396739421,5.887059356646324,17
21548,-48.27073728799492,-6.5346525270433355,170015,-49.93530245157272,-0.19848027172185767,2
21549,-106.06609915167866,2.7450770493889807,170016,-104.7190727296112,3.8815952186994593,7
21550,-132.01949182350597,1.265666500782506,170019,-129.1025175244067,1.5488809909733745,1
21551,3.123098499166819,4.5292865124463715,170027,-6.878718007946434,-1.0926682779646681,10
21552,114.06315758605862,-5.99182476930306,170030,104.96211155305676,-0.5414592591613776,31
21553,120.76306775458615,13.884631879146479,170043,135.4076551174278,-1.697351881935795,33
21554,-28.418315977613766,11.752917418953684,170054,-29.714479793685786,-1.264748112657314,8
21555,-122.99281131181468,-0.20888485199885545,170056,-123.94204162798616,-1.5144507595891967,3
21556,-31.334475610689605,-4.872857613683529,170058,-29.714479793685786,-1.264748112657314,8
21557,-154.31690562739973,6.402251650308236,170061,-152.23629829764135,4.213482038439798,37
21558,21.992497164493155,6.16998567283345,170063,18.937510567705566,1.034768221250525,27
21559,-60.85055716344988,0.8196918109456921,170066,-66.8889597803445,2.169628081691683,14
21560,-112.05988890646076,3.5139016453114578,170069,-114.33047638704419,5.73481138949136,19
21561,-90.9553786176306,2.0783451112889137,170080,-85.91178621041317,3.2728237667350073,24
21562,-18.345686639663278,10.850127541439228,170086,-6.878718007946434,-1.0926682779646681,10
21563,-110.1773475838739,4.5862052321701166,170090,-114.33047638704419,5.73481138949136,19
21564,292.7499288300007,4.387240004037397,170099,302.44973475302317,-5.405747081354008,25
21565,-96.74253252807739,-2.674891267825459,170104,-96.6939343764425,2.7165835152131033,15
21566,-99.79991485304552,-0.947028526779386,170105,-96.6939343764425,2.7165835152131033,15
21567,-124.10990418430644,2.376783107537818,170107,-123.80894152337959,5.566802721935252,23
21568,-136.1302638288194,4.126066017827585,170118,-137.57400940459857,4.493303950559668,20
21569,-60.72585818560215,-0.38725020209429645,170121,-66.8889597803445,2.169628081691683,14
21570,-77.04923761231007,3.8766982581040326,170126,-77.6204452281073,-4.536559244831727,5
21571,-142.95933077380639,-0.7476819571819466,170129,-141.0346653257256,-1.1036168920026446,0
21572,-138.18784555336447,4.372325320187755,170132,-137.57400940459857,4.493303950559668,20
21573,-107.5967554246799,-4.496322646199198,170141,-109.71624596876933,-1.0040630408538558,16
21574,-149.11413045716088,2.5388295890450494,170151,-146.59606179012786,4.113086925586259,4
21575,-93.99086928607294,2.8167392202500547,170167,-96.6939343764425,2.7165835152131033,15
21576,43.309559837883214,2.136990616600955,170170,47.997068783449585,1.2679199422360634,13
21577,504.27686195483125,4.09351952207898,170178,586.0312761189704,-1.722944617346204,30
21578,-135.97376804958344,0.21422264511890476,170181,-134.89656831690453,-0.030690791204986433,34
21579,-91.82330502008203,-0.8156865025300895,170186,-96.6939343764425,2.7165835152131033,15
21580,-4.510425091714483,-16.820318267379886,170189,-6.878718007946434,-1.0926682779646681,10
21581,-99.52609729516291,-19.09634062073327,170194,-95.36861679384212,-10.95784818293233,28
21582,130.58465296645068,1.6920317126980293,170202,135.4076551174278,-1.697351881935795,33
21583,38.15934268993284,4.846473890378386,170205,47.997068783449585,1.2679199422360634,13
21584,-154.01855800977896,-0.1406519155958072,170216,-152.23629829764135,4.213482038439798,37
21585,601.7154121457968,-41.90613093386262,170217,586.0312761189704,-1.722944617346204,30
21586,-134.15221701698792,-12.64507745356285,170218,-130.75996572568545,-6.6137591708523855,18
21587,-75.05637564966653,4.568129471654917,170222,-66.8889597803445,2.169628081691683,14
21588,-104.06759715033297,3.309257835445761,170230,-104.7190727296112,3.8815952186994593,7
21589,-61.97623650304648,3.028250916411844,170250,-66.8889597803445,2.169628081691683,14
21590,4.580224800401879,-2.384013127142366,170251,-6.878718007946434,-1.0926682779646681,10
21591,107.98088818919483,-4.807272994581535,170259,104.96211155305676,-0.5414592591613776,31
21592,59.68845342865278,-2.80704129958159,170262,47.997068783449585,1.2679199422360634,13
21593,-115.69407073051913,-4.042962483693247,170266,-118.09857507912784,0.7103841694799473,11
21594,97.74341975934804,-1.8299167039843403,170268,104.96211155305676,-0.5414592591613776,31
21595,-15.23322306122733,7.939896648709447,170274,-6.878718007946434,-1.0926682779646681,10
21596,-66.75149198900068,-0.4176891760292697,170279,-66.8889597803445,2.169628081691683,14
21597,31.96889807784871,7.352268825613545,170287,18.937510567705566,1.034768221250525,27
21598,-42.36296793090071,-5.4429426146936875,170291,-49.93530245157272,-0.19848027172185767,2
21599,35.428971891169205,0.42130262528269513,170310,47.997068783449585,1.2679199422360634,13
21600,-123.97637964098419,-0.04782704338669262,170314,-123.94204162798616,-1.5144507595891967,3
21601,97.6534203889434,-15.615215105244276,170320,104.96211155305676,-0.5414592591613776,31
21602,-79.21169282821599,6.366104691379329,170322,-85.91178621041317,3.2728237667350073,24
21603,10.584496518010281,-46.05295401404573,170325,28.39696760572947,-22.91072472808294,12
21604,-140.3487112966475,7.318092024959664,170333,-142.14616351708418,5.245197398204194,22
21605,-8.182852997217598,8.995181894087885,170336,-6.878718007946434,-1.0926682779646681,10
21606,-68.23867830693847,7.670754755637535,170342,-66.8889597803445,2.169628081691683,14
21607,95.46232908985237,2.2387680187670744,170346,104.96211155305676,-0.5414592591613776,31
21608,-123.10463187133927,2.7858878511098863,170357,-123.80894152337959,5.566802721935252,23
21609,220.64153920762394,2.9770236735548186,170359,227.03647807555316,-5.020718083634986,26
21610,-133.96088295356975,-0.034982048813489056,170361,-134.89656831690453,-0.030690791204986433,34
21611,-86.93754305343353,0.7370041460740708,170364,-85.91178621041317,3.2728237667350073,24
21612,-67.9708218357693,-12.423396168570255,170378,-77.6204452281073,-4.536559244831727,5
21613,-95.82363184223323,-0.8741405181115545,170381,-96.6939343764425,2.7165835152131033,15
21614,-72.44401824876948,-34.16252959862805,170384,-77.6204452281073,-4.536559244831727,5
21615,-144.98637108432686,-0.6975820862966624,170385,-148.09620948762597,-1.1157003398540595,36
21616,-68.48076409999487,11.411570081612956,170386,-66.8889597803445,2.169628081691683,14
21617,127.81046252686967,-2.270881408466824,170391,135.4076551174278,-1.697351881935795,33
21618,-70.08970939926829,3.8470654807733244,170405,-66.8889597803445,2.169628081691683,14
21619,-124.28379361238956,6.174331792980501,170416,-123.80894152337959,5.566802721935252,23
21620,-73.06285385849245,4.232402787439719,170420,-66.8889597803445,2.169628081691683,14
21621,-43.50885994487376,-3.2847588958173435,170422,-49.93530245157272,-0.19848027172185767,2
21622,-130.2395369042347,6.128989954098461,170429,-132.1080396739421,5.887059356646324,17
21623,-115.0206709968671,2.094585554199923,170447,-118.09857507912784,0.7103841694799473,11
21624,-105.94638610742699,1.6465370447717673,170462,-104.7190727296112,3.8815952186994593,7
21625,-146.92630850761725,-1.5419332840233126,170468,-148.09620948762597,-1.1157003398540595,36
21626,-126.23577993883436,5.074897078698529,170478,-123.80894152337959,5.566802721935252,23
21627,-83.93305784432606,1.2329424321622502,170496,-85.91178621041317,3.2728237667350073,24
21628,-110.1216323868594,4.4002216746180185,170499,-114.33047638704419,5.73481138949136,19
21629,38.10617678346988,4.966587058789093,170500,47.997068783449585,1.2679199422360634,13
21630,288.09615802104446,-0.7058450692392033,170505,302.44973475302317,-5.405747081354008,25
21631,225.5794619672804,-9.780797945839733,170523,227.03647807555316,-5.020718083634986,26
21632,-108.70049394925302,-3.285618216595343,170537,-109.71624596876933,-1.0040630408538558,16
21633,-144.30894256785925,6.381758526665843,170546,-142.14616351708418,5.245197398204194,22
21634,-97.1150193262095,3.9532680490226957,170565,-96.6939343764425,2.7165835152131033,15
21635,267.5924320143982,-23.059681451889062,170573,302.44973475302317,-5.405747081354008,25
21636,186.27185435992425,7.939198341162765,170589,172.66355239880147,-2.7112682595768685,38
21637,-96.38577670522733,9.3878527859455,170596,-96.6939343764425,2.7165835152131033,15
21638,-92.89458100817258,1.2425892764979454,170599,-96.6939343764425,2.7165835152131033,15
21639,33.01714696825368,-8.400769617550294,170601,28.39696760572947,-22.91072472808294,12
21640,159.6203957636386,1.3951528880424229,170607,172.66355239880147,-2.7112682595768685,38
21641,20.915831498693098,8.350197307307605,170619,18.937510567705566,1.034768221250525,27
21642,-92.8326095977935,-0.6171592640965864,170646,-96.6939343764425,2.7165835152131033,15
21643,-14.66054941659309,0.0007128546923294836,170650,-6.878718007946434,-1.0926682779646681,10
21644,-140.94768597431272,-0.9672039572822123,170662,-141.0346653257256,-1.1036168920026446,0
21645,-26.0117822362362,-10.29886295566871,170663,-29.714479793685786,-1.264748112657314,8
21646,-130.7225493364281,-3.678738434328874,170666,-130.75996572568545,-6.6137591708523855,18
21647,-106.94879884315063,0.6658108420361616,170669,-109.71624596876933,-1.0040630408538558,16
21648,-152.906420396131,-1.561823557064823,170674,-148.09620948762597,-1.1157003398540595,36
21649,-49.922789156542294,2.077492317722489,170684,-49.93530245157272,-0.19848027172185767,2
21650,199.83471421418392,-0.059006209214126804,170687,172.66355239880147,-2.7112682595768685,38
21651,-122.05209082959591,2.1619285437251228,170688,-123.80894152337959,5.566802721935252,23
21652,1077.7286880139013,2.9583757965162736,170689,861.6475783799328,6.515082937232454,35
21653,-33.26467665141374,9.332051679301745,170691,-29.714479793685786,-1.264748112657314,8
21654,-114.27484779781489,7.157435347150444,170694,-114.33047638704419,5.73481138949136,19
21655,-89.07482762297718,3.7202178423864716,170714,-85.91178621041317,3.2728237667350073,24
21656,130.7382814127038,-15.38152135809769,170722,135.4076551174278,-1.697351881935795,33
21657,-36.044436363273306,4.962118105728148,170723,-29.714479793685786,-1.264748112657314,8
21658,-136.96190235647833,0.954973829648452,170726,-134.89656831690453,-0.030690791204986433,34
21659,90.03432868639594,8.453935357908204,170753,78.01149217232324,3.6022338347977136,6
21660,131.26182615299965,6.725236655074469,170757,135.4076551174278,-1.697351881935795,33
21661,141.01075490959792,10.347661242057358,170758,135.4076551174278,-1.697351881935795,33
21662,-76.1228882807706,6.01482868368282,170769,-66.8889597803445,2.169628081691683,14
21663,-82.80583255929652,-0.01904866352722962,170777,-85.91178621041317,3.2728237667350073,24
21664,-94.85055488722145,0.777477817941219,170778,-96.6939343764425,2.7165835152131033,15
21665,-124.32777176264085,7.138412041540213,170781,-123.80894152337959,5.566802721935252,23
21666,-139.3519037924244,7.405270324054958,170783,-137.57400940459857,4.493303950559668,20
21667,-98.21892958718632,6.716056833190287,170784,-96.6939343764425,2.7165835152131033,15
21668,-98.72772060974621,-1.4875570063646932,170804,-96.6939343764425,2.7165835152131033,15
21669,-119.24761453698808,6.482737122032383,170811,-123.80894152337959,5.566802721935252,23
21670,-51.963169644296244,3.9564211514098058,170818,-49.93530245157272,-0.19848027172185767,2
21671,391.92350398825624,5.329980756719251,170821,417.6915390220547,-4.11857226961515,29
21672,-87.84861635724165,0.3172494221859091,170823,-85.91178621041317,3.2728237667350073,24
21673,-110.4213433666743,9.429265164831472,170829,-114.33047638704419,5.73481138949136,19
21674,-138.8389524118071,-2.274631492003994,170833,-141.0346653257256,-1.1036168920026446,0
21675,-142.143027549213,3.813246909506765,170834,-142.14616351708418,5.245197398204194,22
21676,-31.832826193479615,1.9345671092711458,170843,-29.714479793685786,-1.264748112657314,8
21677,583.9955642555692,25.314456798724397,170854,586.0312761189704,-1.722944617346204,30
21678,-124.25390840478238,6.540551067929939,170872,-123.80894152337959,5.566802721935252,23
21679,-123.38851553239348,8.487536793701297,170877,-123.80894152337959,5.566802721935252,23
21680,-103.09635757620677,2.920982485781172,170886,-104.7190727296112,3.8815952186994593,7
21681,-135.9490922162821,-1.3724670957570062,170891,-134.89656831690453,-0.030690791204986433,34
21682,-108.28102890277096,-8.353131902414118,170912,-109.71624596876933,-1.0040630408538558,16
21683,-112.2530726739171,6.738150517841528,170927,-114.33047638704419,5.73481138949136,19
21684,-91.88697000798157,0.08104310548560632,170932,-96.6939343764425,2.7165835152131033,15
21685,-136.13098591476367,3.153524081852239,170938,-137.57400940459857,4.493303950559668,20
21686,-41.769480124103126,-0.13166475271498357,170961,-49.93530245157272,-0.19848027172185767,2
21687,-109.15701277663207,4.160692323563216,170963,-104.7190727296112,3.8815952186994593,7
21688,-143.02880204049,0.27348245002441934,170967,-141.0346653257256,-1.1036168920026446,0
21689,-94.8850250583432,-0.021042226739328897,170968,-96.6939343764425,2.7165835152131033,15
21690,149.20491386324363,-6.978649898104001,170972,135.4076551174278,-1.697351881935795,33
21691,-125.11263086522537,2.917153159779293,170976,-123.80894152337959,5.566802721935252,23
21692,-72.03348873394577,3.6228599032983997,170989,-66.8889597803445,2.169628081691683,14
21693,-94.13963597223625,3.5288806336853704,171002,-96.6939343764425,2.7165835152131033,15
21694,-84.00330968368708,-11.961922879837186,171004,-77.6204452281073,-4.536559244831727,5
21695,-115.37721004948088,8.367449066066348,171020,-114.33047638704419,5.73481138949136,19
21696,-20.600246809975854,-0.40522879554753855,171021,-29.714479793685786,-1.264748112657314,8
21697,-138.16835837105708,4.433665607221238,171032,-137.57400940459857,4.493303950559668,20
21698,-128.77138738301804,-2.57762745387193,171036,-129.1025175244067,1.5488809909733745,1
21699,-89.88113965009532,-0.02032269730272283,171055,-85.91178621041317,3.2728237667350073,24
21700,-105.00945062882789,3.0489262713107923,171069,-104.7190727296112,3.8815952186994593,7
21701,26.175296299003485,3.263419748065886,171080,18.937510567705566,1.034768221250525,27
21702,-150.13815520755816,2.5590159036249283,171094,-152.23629829764135,4.213482038439798,37
21703,-96.21164568093423,6.077601720290941,171106,-96.6939343764425,2.7165835152131033,15
21704,-48.066370318304706,-9.473001211311885,171110,-49.93530245157272,-0.19848027172185767,2
21705,-125.24473196634135,5.789498963766357,171124,-123.80894152337959,5.566802721935252,23
21706,262.42479832790224,8.428975598555853,171125,227.03647807555316,-5.020718083634986,26
21707,27.07846667914294,-9.852718480868825,171143,28.39696760572947,-22.91072472808294,12
21708,35.735882242623155,-18.455363134510502,171148,28.39696760572947,-22.91072472808294,12
21709,-82.12867808665098,4.524527091193016,171173,-85.91178621041317,3.2728237667350073,24
21710,407.179052374219,16.760942480083738,171175,417.6915390220547,-4.11857226961515,29
21711,-27.227216194322565,-6.639766440364668,171189,-29.714479793685786,-1.264748112657314,8
21712,-34.4194886862903,-4.077784557992649,171199,-29.714479793685786,-1.264748112657314,8
21713,-92.6070570683934,-18.23596928230369,171206,-95.36861679384212,-10.95784818293233,28
21714,601.7252270166057,-42.11645162248528,171208,586.0312761189704,-1.722944617346204,30
21715,59.667367858133986,-1.8322780668646474,171214,47.997068783449585,1.2679199422360634,13
21716,-133.51405653869588,-5.729173286523677,171221,-130.75996572568545,-6.6137591708523855,18
21717,-70.17314664971563,5.152648439566005,171231,-66.8889597803445,2.169628081691683,14
21718,1437.7583440015208,15.036381643585978,171236,1342.5649032771717,32.04824045393157,32
21719,54.77506866573942,-3.759988464513794,171264,47.997068783449585,1.2679199422360634,13
21720,577.1391774134137,-5.873935475411412,171284,586.0312761189704,-1.722944617346204,30
21721,-24.944651346403226,-10.220361683334716,171296,-29.714479793685786,-1.264748112657314,8
21722,-68.32956507718806,9.126245407080368,171303,-66.8889597803445,2.169628081691683,14
21723,-105.84262882127064,-0.6243760677302834,171308,-109.71624596876933,-1.0040630408538558,16
21724,-101.91123865169153,-0.07828824979925536,171310,-104.7190727296112,3.8815952186994593,7
21725,-9.67968238241337,1.0103910132416367,171315,-6.878718007946434,-1.0926682779646681,10
21726,199.37616575265403,-7.82728823445148,171316,172.66355239880147,-2.7112682595768685,38
21727,-88.65124364216761,-17.20387271584573,171319,-95.36861679384212,-10.95784818293233,28
21728,-42.835493504912705,2.3239372887023206,171323,-49.93530245157272,-0.19848027172185767,2
21729,66.35933254907555,2.4562570122883365,171328,78.01149217232324,3.6022338347977136,6
21730,-81.59061437088197,-3.682171636165291,171338,-77.6204452281073,-4.536559244831727,5
21731,51.76899924023982,11.587797942742768,171346,47.997068783449585,1.2679199422360634,13
21732,379.71717578600413,-6.6288200206055246,171353,417.6915390220547,-4.11857226961515,29
21733,23.03874317698017,6.196181034567816,171357,18.937510567705566,1.034768221250525,27
21734,-122.11191094913565,2.4240602137629623,171359,-123.80894152337959,5.566802721935252,23
21735,16.821769865767966,-5.416970316514887,171364,18.937510567705566,1.034768221250525,27
21736,-84.75640080422296,-0.610257006361166,171366,-85.91178621041317,3.2728237667350073,24
21737,5.855927444312557,8.379734512063077,171381,18.937510567705566,1.034768221250525,27
21738,-150.32581310676625,6.65097737386696,171396,-152.23629829764135,4.213482038439798,37
21739,-118.95943052588214,2.2256514355373183,171399,-118.09857507912784,0.7103841694799473,11
21740,199.92516115648107,-1.5282924171113206,171400,172.66355239880147,-2.7112682595768685,38
21741,-146.92507357562823,-1.5685709557263705,171406,-148.09620948762597,-1.1157003398540595,36
21742,-125.02942427850121,0.5810969958533698,171422,-123.94204162798616,-1.5144507595891967,3
21743,-107.9785791718293,1.2880560910027188,171423,-109.71624596876933,-1.0040630408538558,16
21744,69.68432067855939,-17.265042921951927,171429,70.166569844569,-14.692630117552799,9
21745,-92.68748874841442,-3.804135731040402,171430,-95.36861679384212,-10.95784818293233,28
21746,-128.00855157364,0.07235067568729023,171463,-129.1025175244067,1.5488809909733745,1
21747,22.10107550632665,-9.902058636204043,171465,18.937510567705566,1.034768221250525,27
21748,-133.2812397762077,6.481593716490188,171472,-132.1080396739421,5.887059356646324,17
21749,-21.066714003119383,6.231764405600123,171475,-29.714479793685786,-1.264748112657314,8
21750,-139.35116240811317,7.380339262111643,171489,-137.57400940459857,4.493303950559668,20
21751,-119.91973905514128,-14.42425998009813,171494,-115.69510858146283,-11.595084171039186,39
21752,-113.1500385594116,3.953810964856037,171499,-114.33047638704419,5.73481138949136,19
21753,421.1354499614939,-54.14775427766657,171512,417.6915390220547,-4.11857226961515,29
21754,-72.02501972019363,3.4181414397575525,171514,-66.8889597803445,2.169628081691683,14
21755,-110.00617404692731,2.3795381576742303,171517,-109.71624596876933,-1.0040630408538558,16
21756,-75.12886376616456,4.618032211796248,171525,-66.8889597803445,2.169628081691683,14
21757,-7.0091480617905315,-23.739551442105796,171530,-6.878718007946434,-1.0926682779646681,10
21758,274.9136028303175,16.252953989634168,171531,302.44973475302317,-5.405747081354008,25
21759,-85.06254544446048,3.002599744942755,171545,-85.91178621041317,3.2728237667350073,24
21760,357.3115485373048,-15.908044811181387,171551,302.44973475302317,-5.405747081354008,25
21761,-132.36790689919513,7.8660797635392985,171558,-132.1080396739421,5.887059356646324,17
21762,287.761323579259,4.056372119742216,171568,302.44973475302317,-5.405747081354008,25
21763,74.11403692299645,-8.297479092534582,171571,70.166569844569,-14.692630117552799,9
21764,-118.95598889247412,0.6196414413938953,171572,-118.09857507912784,0.7103841694799473,11
21765,-135.06927243424747,1.3011198677020117,171575,-134.89656831690453,-0.030690791204986433,34
21766,-84.90715229625587,1.1400840833602879,171580,-85.91178621041317,3.2728237667350073,24
21767,-40.53968120693943,-2.569142381450983,171584,-49.93530245157272,-0.19848027172185767,2
21768,-118.0100875364202,0.803417973198197,171587,-118.09857507912784,0.7103841694799473,11
21769,13.01102895221197,5.101428200804413,171588,18.937510567705566,1.034768221250525,27
21770,-145.95839998514754,-1.3307481487014174,171591,-148.09620948762597,-1.1157003398540595,36
21771,-132.21347536876235,4.507597097642677,171612,-132.1080396739421,5.887059356646324,17
21772,642.3039982863628,8.389219177814594,171618,586.0312761189704,-1.722944617346204,30
21773,-123.075480290904,2.155186275331933,171623,-123.80894152337959,5.566802721935252,23
21774,-63.49088073595906,-3.5145666949008056,171630,-66.8889597803445,2.169628081691683,14
21775,-118.11499425973643,3.612729663783576,171638,-118.09857507912784,0.7103841694799473,11
21776,-89.84206333369302,-0.8858426802852921,171643,-85.91178621041317,3.2728237667350073,24
21777,-103.22709962355077,5.8170920351561906,171656,-104.7190727296112,3.8815952186994593,7
21778,-83.8412070646127,0.7482291843089381,171657,-85.91178621041317,3.2728237667350073,24
21779,-125.99727065859562,-0.13921040745620342,171659,-123.94204162798616,-1.5144507595891967,3
21780,-122.29281753521816,6.388462242430557,171662,-123.80894152337959,5.566802721935252,23
21781,128.83832033249263,-17.08721513426811,171670,135.4076551174278,-1.697351881935795,33
21782,-144.93303650139381,-1.8440963699945807,171672,-148.09620948762597,-1.1157003398540595,36
21783,12.215849475780553,-26.296869929044263,171680,28.39696760572947,-22.91072472808294,12
21784,-131.05226506837505,0.9845769398330204,171694,-129.1025175244067,1.5488809909733745,1
21785,252.5365469760943,5.808821792035925,171696,227.03647807555316,-5.020718083634986,26
21786,-19.18314850624109,7.802876598707575,171699,-29.714479793685786,-1.264748112657314,8
21787,-125.24018633509822,5.196177254038756,171701,-123.80894152337959,5.566802721935252,23
21788,-79.88865212518394,1.3313456915468524,171708,-77.6204452281073,-4.536559244831727,5
21789,81.840593321489,-3.7012941174043146,171712,78.01149217232324,3.6022338347977136,6
21790,-130.84867963188285,-2.472285601004847,171714,-130.75996572568545,-6.6137591708523855,18
21791,-45.51021094595194,-4.330120342182552,171719,-49.93530245157272,-0.19848027172185767,2
21792,-125.71680873300681,-2.183194437913082,171721,-123.94204162798616,-1.5144507595891967,3
21793,-30.536523328511336,-2.47389346838487,171725,-29.714479793685786,-1.264748112657314,8
21794,-54.10189477301431,-9.834010371505942,171732,-49.93530245157272,-0.19848027172185767,2
21795,-136.01315017253603,2.092713308889784,171749,-134.89656831690453,-0.030690791204986433,34
21796,-87.86481198782884,0.15606517971704542,171751,-85.91178621041317,3.2728237667350073,24
21797,97.84970943914864,-3.6325798714682165,171760,104.96211155305676,-0.5414592591613776,31
21798,-9.813969958221787,2.930636798589996,171761,-6.878718007946434,-1.0926682779646681,10
21799,-101.86424559422485,-0.6065354239725635,171766,-104.7190727296112,3.8815952186994593,7
21800,1705.5375039843789,41.666740476074224,171771,1342.5649032771717,32.04824045393157,32
21801,-138.05186880670476,0.8689624830251947,171774,-134.89656831690453,-0.030690791204986433,34
21802,-69.33746751894202,-8.003800141615658,171782,-77.6204452281073,-4.536559244831727,5
21803,8.334718577243681,1.524642571612664,171787,18.937510567705566,1.034768221250525,27
21804,-127.15496591646439,3.2683082045189624,171794,-129.1025175244067,1.5488809909733745,1
21805,-77.64798129934621,-1.8511597158884505,171801,-77.6204452281073,-4.536559244831727,5
21806,-7.784787743943147,1.7990470850125198,171805,-6.878718007946434,-1.0926682779646681,10
21807,-2.881427457425963,3.4886020356877476,171806,-6.878718007946434,-1.0926682779646681,10
21808,-142.3386117843544,7.054512606523448,171811,-142.14616351708418,5.245197398204194,22
21809,-127.15422321357515,3.801533195732053,171820,-129.1025175244067,1.5488809909733745,1
21810,-61.001335859523316,3.6072203770962634,171825,-66.8889597803445,2.169628081691683,14
21811,-131.266302361865,5.676743948478627,171826,-132.1080396739421,5.887059356646324,17
21812,243.18397499333278,-32.333151377214975,171827,227.03647807555316,-5.020718083634986,26
21813,538.9204826167373,25.15670196372692,171828,586.0312761189704,-1.722944617346204,30
21814,-116.90412808506836,-1.0022665787210803,171838,-118.09857507912784,0.7103841694799473,11
21815,-102.43642636225005,9.867282321597116,171859,-104.7190727296112,3.8815952186994593,7
21816,-69.21125244345264,6.538770922645455,171871,-66.8889597803445,2.169628081691683,14
21817,51.55770953831275,-1.0910084831018128,171884,47.997068783449585,1.2679199422360634,13
21818,-109.04333410444058,2.1875136386178156,171886,-109.71624596876933,-1.0040630408538558,16
21819,-141.76205865994814,-4.010542741477024,171890,-141.0346653257256,-1.1036168920026446,0
21820,-128.8965468248989,-1.884071528563233,171892,-129.1025175244067,1.5488809909733745,1
21821,-116.71917373849413,-2.9915333359065537,171893,-118.09857507912784,0.7103841694799473,11
21822,-119.30658932124756,7.26444848269999,171898,-123.80894152337959,5.566802721935252,23
21823,38.63034548591415,-3.436435106281508,171907,47.997068783449585,1.2679199422360634,13
21824,-87.19029196318301,5.246086850973719,171913,-85.91178621041317,3.2728237667350073,24
21825,-98.4465363826251,10.161888812221727,171914,-96.6939343764425,2.7165835152131033,15
21826,111.25311804016631,6.048850354451353,171917,104.96211155305676,-0.5414592591613776,31
21827,-84.14208046312552,5.786631914736902,171920,-85.91178621041317,3.2728237667350073,24
21828,-94.97236744075619,1.386324358273367,171923,-96.6939343764425,2.7165835152131033,15
21829,-122.22712404208912,5.483765812985818,171936,-123.80894152337959,5.566802721935252,23
21830,-148.26468573229874,5.852191983697331,171946,-146.59606179012786,4.113086925586259,4
21831,-101.27541887177374,7.402523949631564,171963,-104.7190727296112,3.8815952186994593,7
21832,-143.27706296994455,6.211999087882133,171968,-142.14616351708418,5.245197398204194,22
21833,-17.865939110152013,3.924825097238289,171969,-6.878718007946434,-1.0926682779646681,10
21834,-132.29013316042082,6.178343943516146,171976,-132.1080396739421,5.887059356646324,17
21835,-35.394242502727614,11.629561439732283,171981,-29.714479793685786,-1.264748112657314,8
21836,26.35937726308809,1.8127555132619877,171983,18.937510567705566,1.034768221250525,27
21837,-115.17291927968267,5.440051804037228,171991,-114.33047638704419,5.73481138949136,19
21838,-15.00313530210859,5.424310739381311,172002,-6.878718007946434,-1.0926682779646681,10
21839,106.971865973418,-5.13859471496484,172003,104.96211155305676,-0.5414592591613776,31
21840,-123.2783565051019,6.570902690652367,172004,-123.80894152337959,5.566802721935252,23
21841,49.57266622312744,-0.952206729751191,172007,47.997068783449585,1.2679199422360634,13
21842,-32.939938659443314,3.772191339526132,172013,-29.714479793685786,-1.264748112657314,8
21843,-75.73464741750658,-0.43223288041444025,172025,-77.6204452281073,-4.536559244831727,5
21844,-136.1202480103294,3.4175763499853145,172026,-137.57400940459857,4.493303950559668,20
21845,91.66156954613045,-1.1592935221397005,172028,104.96211155305676,-0.5414592591613776,31
21846,11.269355528688523,2.4917057639273805,172031,18.937510567705566,1.034768221250525,27
21847,1049.1920814538694,9.62016528343558,172034,861.6475783799328,6.515082937232454,35
21848,-140.0743371308618,1.3163232927371333,172037,-141.0346653257256,-1.1036168920026446,0
21849,877.5164673633034,-0.8844275394494157,172049,861.6475783799328,6.515082937232454,35
21850,271.52872637882535,-36.32865988563768,172068,302.44973475302317,-5.405747081354008,25
21851,64.04885932093836,7.176478579241613,172089,78.01149217232324,3.6022338347977136,6
21852,99.69693033393412,-1.292764844270317,172091,104.96211155305676,-0.5414592591613776,31
21853,-91.33581289443651,7.8664280708286025,172112,-85.91178621041317,3.2728237667350073,24
21854,-119.25268636662958,6.592783455993242,172115,-123.80894152337959,5.566802721935252,23
21855,-25.71090518147105,0.4029574088567759,172120,-29.714479793685786,-1.264748112657314,8
21856,-49.071552163343966,-9.90644693389137,172122,-49.93530245157272,-0.19848027172185767,2
21857,-152.14157044278585,2.593857084902952,172128,-152.23629829764135,4.213482038439798,37
21858,-132.95123845286105,-0.7628279847864038,172135,-134.89656831690453,-0.030690791204986433,34
21859,-98.19307791821967,6.172595159607785,172137,-96.6939343764425,2.7165835152131033,15
21860,-99.0693982171338,2.9130435750976194,172141,-96.6939343764425,2.7165835152131033,15
21861,-81.99281080549257,2.066960234622443,172149,-85.91178621041317,3.2728237667350073,24
21862,113.76509181018223,-16.761885395178673,172153,104.96211155305676,-0.5414592591613776,31
21863,-113.41176217346246,9.156655400850957,172161,-114.33047638704419,5.73481138949136,19
21864,-90.20810724681057,6.627442858503293,172181,-85.91178621041317,3.2728237667350073,24
21865,-12.037419951342514,5.237379165186343,172194,-6.878718007946434,-1.0926682779646681,10
21866,-45.18658638783207,6.924926903821428,172198,-49.93530245157272,-0.19848027172185767,2
21867,-132.10955156173003,2.217395009954295,172199,-129.1025175244067,1.5488809909733745,1
21868,-11.111944869934698,6.867760240798491,172209,-6.878718007946434,-1.0926682779646681,10
21869,-70.07577278904945,4.058780267517126,172214,-66.8889597803445,2.169628081691683,14
21870,-59.2438659193957,-7.829784070843138,172219,-49.93530245157272,-0.19848027172185767,2
21871,-137.2495428912348,5.212019786936993,172230,-137.57400940459857,4.493303950559668,20
21872,-118.57556320536543,-4.633447219775236,172234,-118.09857507912784,0.7103841694799473,11
21873,82.85632050832017,-4.048824460047781,172237,78.01149217232324,3.6022338347977136,6
21874,-25.120124038715378,7.32533378108232,172240,-29.714479793685786,-1.264748112657314,8
21875,-99.9989895611221,2.8963792182856443,172242,-96.6939343764425,2.7165835152131033,15
21876,579.8830393902505,-16.48608293587223,172244,586.0312761189704,-1.722944617346204,30
21877,-50.700298136366925,-0.24995341676730612,172250,-49.93530245157272,-0.19848027172185767,2
21878,-137.2090100538038,5.354813799326646,172251,-137.57400940459857,4.493303950559668,20
21879,-108.31112427778649,-8.733353749332275,172271,-109.71624596876933,-1.0040630408538558,16
21880,658.578663673249,-37.94726700387383,172287,586.0312761189704,-1.722944617346204,30
21881,-139.1130585559139,2.185375860119997,172303,-137.57400940459857,4.493303950559668,20
21882,96.24601131303992,-9.279135850318376,172306,104.96211155305676,-0.5414592591613776,31
21883,-141.14167450523647,4.30640289932219,172308,-142.14616351708418,5.245197398204194,22
21884,-120.055060499962,1.2209682104301887,172309,-118.09857507912784,0.7103841694799473,11
21885,-114.8906479782706,0.3021259084079647,172310,-118.09857507912784,0.7103841694799473,11
21886,-127.71670816886387,-3.7439990259061124,172324,-130.75996572568545,-6.6137591708523855,18
21887,-131.02598722430554,0.9110004229009797,172330,-129.1025175244067,1.5488809909733745,1
21888,697.9918801364481,0.4133028902575874,172340,586.0312761189704,-1.722944617346204,30
21889,104.15745802749905,-8.228083675033877,172343,104.96211155305676,-0.5414592591613776,31
21890,-22.05310499166067,-9.323600726609115,172344,-29.714479793685786,-1.264748112657314,8
21891,-108.10345951797603,4.051438690715981,172354,-104.7190727296112,3.8815952186994593,7
21892,-24.991380000684728,5.036825436223342,172368,-29.714479793685786,-1.264748112657314,8
21893,-122.07307384589636,2.093832965059922,172380,-123.80894152337959,5.566802721935252,23
21894,-114.32830626165473,7.304000847309468,172386,-114.33047638704419,5.73481138949136,19
21895,-101.91145547834203,-14.802687145535657,172389,-95.36861679384212,-10.95784818293233,28
21896,-133.2368768345444,5.501416151495165,172393,-132.1080396739421,5.887059356646324,17
21897,-125.9525400987518,-0.09753548269773042,172394,-123.94204162798616,-1.5144507595891967,3
21898,-78.81907939265447,0.3306111406085091,172395,-77.6204452281073,-4.536559244831727,5
21899,156.8687237628609,-1.5243013839502544,172404,172.66355239880147,-2.7112682595768685,38
21900,-50.096212014485616,6.367388896200308,172408,-49.93530245157272,-0.19848027172185767,2
21901,-104.61828049377968,-5.005394554884678,172411,-109.71624596876933,-1.0040630408538558,16
21902,-94.29912142074784,8.035519361369454,172432,-96.6939343764425,2.7165835152131033,15
21903,-126.98171444513909,0.001778594450751454,172448,-129.1025175244067,1.5488809909733745,1
21904,711.2801467935881,11.106689530020885,172456,586.0312761189704,-1.722944617346204,30
21905,-131.96932914833252,0.6870453611209041,172466,-129.1025175244067,1.5488809909733745,1
21906,-23.046739811549042,4.22037689497591,172476,-29.714479793685786,-1.264748112657314,8
21907,-115.56233358928111,-4.377174330391299,172477,-118.09857507912784,0.7103841694799473,11
21908,-90.90014631043792,1.4106163334779467,172501,-85.91178621041317,3.2728237667350073,24
21909,-112.27597554331362,6.174129715171428,172534,-114.33047638704419,5.73481138949136,19
21910,-134.97037940927325,0.6653858958217355,172547,-134.89656831690453,-0.030690791204986433,34
21911,-80.86368979983742,-0.245280601880336,172557,-77.6204452281073,-4.536559244831727,5
21912,-27.892595837796865,2.800150039499647,172559,-29.714479793685786,-1.264748112657314,8
21913,-111.03670330507961,0.9789940675153429,172563,-109.71624596876933,-1.0040630408538558,16
21914,-129.05262560580908,2.556712643308594,172567,-129.1025175244067,1.5488809909733745,1
21915,-69.2116457262085,-22.914020219539204,172572,-77.6204452281073,-4.536559244831727,5
21916,-130.61156709105728,-6.0920320360937685,172609,-130.75996572568545,-6.6137591708523855,18
21917,0.3383475502625744,0.2898009365868869,172618,-6.878718007946434,-1.0926682779646681,10
21918,288.5843934686447,6.91520801404675,172622,302.44973475302317,-5.405747081354008,25
21919,-147.82710504392742,-1.674010154361928,172625,-148.09620948762597,-1.1157003398540595,36
21920,135.71250448178822,-0.5180073323127566,172631,135.4076551174278,-1.697351881935795,33
21921,-133.3573762343233,7.6209989885812846,172634,-132.1080396739421,5.887059356646324,17
21922,-143.5863432053023,-5.853686225233124,172637,-141.0346653257256,-1.1036168920026446,0
21923,-58.73917674171665,-1.0736995265093736,172644,-66.8889597803445,2.169628081691683,14
21924,283.1835190996899,12.011612483983848,172648,302.44973475302317,-5.405747081354008,25
21925,400.70438770190736,-48.63505767833937,172665,417.6915390220547,-4.11857226961515,29
21926,73.09943592204473,5.700911630897497,172671,78.01149217232324,3.6022338347977136,6
21927,-136.94795244150262,-0.9015500832573127,172675,-134.89656831690453,-0.030690791204986433,34
21928,-139.01269089552272,-0.0016566194255032396,172691,-141.0346653257256,-1.1036168920026446,0
21929,410.820475795915,-35.75794567486377,172693,417.6915390220547,-4.11857226961515,29
21930,62.25911887848858,-25.373426417190103,172723,70.166569844569,-14.692630117552799,9
21931,-129.19390066959545,5.131249848882362,172739,-132.1080396739421,5.887059356646324,17
21932,60.49381259710441,-14.278953526099263,172752,70.166569844569,-14.692630117552799,9
21933,-58.37587931281046,-5.9500495518268295,172754,-49.93530245157272,-0.19848027172185767,2
21934,840.2034247259306,-26.677586324290782,172768,861.6475783799328,6.515082937232454,35
21935,-114.21936689942856,4.931348776034584,172772,-114.33047638704419,5.73481138949136,19
21936,382.2166368068042,15.514278465131211,172774,417.6915390220547,-4.11857226961515,29
21937,-148.32813719766614,6.733947429284468,172820,-146.59606179012786,4.113086925586259,4
21938,-131.13492354518104,2.793513480708146,172854,-129.1025175244067,1.5488809909733745,1
21939,185.06753634108355,11.363071366936056,172855,172.66355239880147,-2.7112682595768685,38
21940,70.15742178905052,-9.311244348297166,172859,70.166569844569,-14.692630117552799,9
21941,240.78595551757732,2.2160125974975418,172861,227.03647807555316,-5.020718083634986,26
21942,-107.02941085483305,3.445064452891851,172865,-104.7190727296112,3.8815952186994593,7
21943,-18.958645573227365,-9.812011361088127,172897,-29.714479793685786,-1.264748112657314,8
21944,-105.61042959179233,-4.666701327840936,172926,-109.71624596876933,-1.0040630408538558,16
21945,162.9728047309257,11.559800359259569,172929,172.66355239880147,-2.7112682595768685,38
21946,-91.88846477844291,-0.41548402540629065,172932,-96.6939343764425,2.7165835152131033,15
21947,-20.338742963479923,-19.824119066146828,172940,-29.714479793685786,-1.264748112657314,8
21948,-137.27659447138822,6.324824383114372,172948,-137.57400940459857,4.493303950559668,20
21949,-116.55774660985652,-4.484329959809842,172950,-118.09857507912784,0.7103841694799473,11
21950,-115.22171170273813,5.997210587423697,172954,-114.33047638704419,5.73481138949136,19
21951,480.1244724680282,-23.455431716552958,172955,417.6915390220547,-4.11857226961515,29
21952,-107.71955754119575,-2.3242584405663957,172957,-109.71624596876933,-1.0040630408538558,16
21953,-91.82586562540025,-0.7581427635844045,172958,-96.6939343764425,2.7165835152131033,15
21954,-74.11608628097294,5.396491036537236,172959,-66.8889597803445,2.169628081691683,14
21955,610.3817276177231,6.1413147688874155,172970,586.0312761189704,-1.722944617346204,30
21956,-142.27400258358225,5.661108045642799,172986,-142.14616351708418,5.245197398204194,22
21957,-100.09756999736604,3.5300870723977718,172987,-96.6939343764425,2.7165835152131033,15
21958,86.72867518194525,-1.6982812024229745,172994,78.01149217232324,3.6022338347977136,6
21959,-85.8201910952998,-0.7689491363787895,172999,-85.91178621041317,3.2728237667350073,24
21960,-65.82148699856194,0.6138633407129543,173007,-66.8889597803445,2.169628081691683,14
21961,-145.33822375678952,6.990164703435081,173010,-146.59606179012786,4.113086925586259,4
21962,-125.96121619203197,-0.9281390731021283,173012,-123.94204162798616,-1.5144507595891967,3
21963,644.6693535818283,-25.44286618992779,173027,586.0312761189704,-1.722944617346204,30
21964,-68.86433686144854,2.0185738833131928,173028,-66.8889597803445,2.169628081691683,14
21965,-145.3390217813848,7.023730353958824,173037,-146.59606179012786,4.113086925586259,4
21966,-146.8756905687585,-1.6146709010463496,173040,-148.09620948762597,-1.1157003398540595,36
21967,-80.73346062450659,-0.5394809258669255,173043,-77.6204452281073,-4.536559244831727,5
21968,374.972632286552,-10.245041012739792,173059,417.6915390220547,-4.11857226961515,29
21969,-89.04835040510248,4.677075402962231,173061,-85.91178621041317,3.2728237667350073,24
21970,867.0930915923469,-23.80608034341617,173073,861.6475783799328,6.515082937232454,35
21971,32.74922530420845,10.649634715748736,173083,18.937510567705566,1.034768221250525,27
21972,-22.370268946400888,10.805709975929501,173097,-29.714479793685786,-1.264748112657314,8
21973,134.7693418553424,-44.41259356478832,173099,110.19899446847099,-35.665903512662624,21
21974,82.33278493914692,-10.891477512676872,173100,70.166569844569,-14.692630117552799,9
21975,86.98825697852789,9.404110211655082,173110,78.01149217232324,3.6022338347977136,6
21976,292.1115411555911,-0.980355682223718,173121,302.44973475302317,-5.405747081354008,25
21977,-94.92584000717684,1.3890864636716318,173130,-96.6939343764425,2.7165835152131033,15
21978,-116.77793472437327,-1.1989161648782354,173131,-118.09857507912784,0.7103841694799473,11
21979,380.6201321075868,-48.15249527610501,173132,417.6915390220547,-4.11857226961515,29
21980,-58.14359506137884,5.742351571689512,173135,-66.8889597803445,2.169628081691683,14
21981,-142.90844371361834,-1.8638511505577542,173140,-141.0346653257256,-1.1036168920026446,0
21982,-120.97362531508502,-0.05726688359756436,173148,-118.09857507912784,0.7103841694799473,11
21983,-74.23738822127433,8.058099291037133,173156,-66.8889597803445,2.169628081691683,14
21984,100.33500981991526,-10.642553629360886,173162,104.96211155305676,-0.5414592591613776,31
21985,175.81240913434584,-0.4888043601903797,173164,172.66355239880147,-2.7112682595768685,38
21986,-86.36998835161808,8.70346433669581,173177,-85.91178621041317,3.2728237667350073,24
21987,-138.04919146586656,1.3105114839339562,173182,-137.57400940459857,4.493303950559668,20
21988,1678.4431765780969,70.67559592207165,173186,1342.5649032771717,32.04824045393157,32
21989,-133.17309418966965,4.6124510838044,173202,-132.1080396739421,5.887059356646324,17
21990,-133.01824970316574,0.20419627516723138,173229,-134.89656831690453,-0.030690791204986433,34
21991,124.40576199443218,3.456414613805374,173236,135.4076551174278,-1.697351881935795,33
21992,-153.30966785853474,6.2240134551753705,173264,-152.23629829764135,4.213482038439798,37
21993,-72.12360679593644,5.603051321057744,173289,-66.8889597803445,2.169628081691683,14
21994,-140.46752769673012,-7.372762983250234,173292,-141.0346653257256,-1.1036168920026446,0
21995,297.9021776325301,2.162260725695084,173293,302.44973475302317,-5.405747081354008,25
21996,-118.93455893075321,-0.3592232032361483,173307,-118.09857507912784,0.7103841694799473,11
21997,11.876544292722748,-7.7316056072028765,173326,18.937510567705566,1.034768221250525,27
21998,-89.32855629765253,8.764740475277943,173337,-85.91178621041317,3.2728237667350073,24
21999,-109.22299054155447,6.102743260392071,173361,-104.7190727296112,3.8815952186994593,7
22000,-67.95473387905403,1.9539893618727764,173367,-66.8889597803445,2.169628081691683,14
22001,-99.22477907887237,6.334482063629346,173420,-96.6939343764425,2.7165835152131033,15
22002,-150.19307409562936,4.7656235833530465,173428,-152.23629829764135,4.213482038439798,37
22003,-93.6723586022222,-2.613079980600442,173436,-96.6939343764425,2.7165835152131033,15
22004,-45.83265065695036,-13.533408022331887,173457,-49.93530245157272,-0.19848027172185767,2
22005,-12.039082787366667,4.729210724485841,173466,-6.878718007946434,-1.0926682779646681,10
22006,-139.76430588756824,-3.4066873737158114,173469,-141.0346653257256,-1.1036168920026446,0
22007,132.92332589764038,11.600274183205604,173475,135.4076551174278,-1.697351881935795,33
22008,-98.07966600838493,2.6373117548326364,173490,-96.6939343764425,2.7165835152131033,15
22009,-23.953649828811145,3.6991071091923113,173497,-29.714479793685786,-1.264748112657314,8
22010,341.998369556235,-11.881692190634965,173501,302.44973475302317,-5.405747081354008,25
22011,-86.23447461208336,5.714468593604598,173502,-85.91178621041317,3.2728237667350073,24
22012,-111.10230893173718,2.913307367110337,173513,-109.71624596876933,-1.0040630408538558,16
22013,-81.80449894713111,-0.022232224124164583,173516,-85.91178621041317,3.2728237667350073,24
22014,87.45014283411842,2.3734998300861627,173523,78.01149217232324,3.6022338347977136,6
22015,-26.744598160705326,1.1259988084542718,173525,-29.714479793685786,-1.264748112657314,8
22016,46.741739719220256,11.556241465143865,173527,47.997068783449585,1.2679199422360634,13
22017,-91.41718441456008,-7.1383977355494705,173540,-95.36861679384212,-10.95784818293233,28
22018,-116.15514669762031,5.025320133595727,173542,-114.33047638704419,5.73481138949136,19
22019,-143.99427101703327,-0.5087878485872367,173597,-141.0346653257256,-1.1036168920026446,0
22020,-23.35047281149417,-5.390135482046374,173612,-29.714479793685786,-1.264748112657314,8
22021,-120.96702580044281,0.29886715369442385,173613,-118.09857507912784,0.7103841694799473,11
22022,-94.32354190882943,8.583739131451898,173616,-96.6939343764425,2.7165835152131033,15
22023,197.24673915432032,8.669019042764308,173619,172.66355239880147,-2.7112682595768685,38
22024,-90.00552164471112,1.6602903012769419,173621,-85.91178621041317,3.2728237667350073,24
22025,136.89652981884507,11.232789632885334,173623,135.4076551174278,-1.697351881935795,33
22026,-129.02058628504054,1.8549317979883846,173629,-129.1025175244067,1.5488809909733745,1
22027,-88.62398533270706,-3.585240135560926,173631,-85.91178621041317,3.2728237667350073,24
22028,171.84259615276525,-15.434569562404926,173632,172.66355239880147,-2.7112682595768685,38
22029,-147.33097296772704,6.822290508204724,173634,-146.59606179012786,4.113086925586259,4
22030,88.07323673342883,-7.163285673893298,173637,78.01149217232324,3.6022338347977136,6
22031,-103.06841475317523,2.836900542057498,173638,-104.7190727296112,3.8815952186994593,7
22032,-56.014634611684095,4.496791778354945,173641,-49.93530245157272,-0.19848027172185767,2
22033,-115.22354555693222,6.020369218859253,173642,-114.33047638704419,5.73481138949136,19
22034,220.58584892075942,4.7181650472205545,173643,227.03647807555316,-5.020718083634986,26
22035,-124.32525275875099,7.069508623369699,173649,-123.80894152337959,5.566802721935252,23
22036,255.3928908106553,-6.213417604152309,173650,227.03647807555316,-5.020718083634986,26
22037,-83.21497215480163,-8.334193434302936,173688,-77.6204452281073,-4.536559244831727,5
22038,-64.88479005248522,0.9919784647666211,173706,-66.8889597803445,2.169628081691683,14
22039,-137.08296547849673,1.5572083541953192,173738,-134.89656831690453,-0.030690791204986433,34
22040,-140.34798952756034,7.309586038575013,173742,-142.14616351708418,5.245197398204194,22
22041,-12.541480462456786,-1.5484090617262851,173748,-6.878718007946434,-1.0926682779646681,10
22042,-46.89610768066589,3.0769862713162452,173751,-49.93530245157272,-0.19848027172185767,2
22043,-98.67135312764161,-2.191656960188505,173754,-96.6939343764425,2.7165835152131033,15
22044,-23.06390893396111,6.121615457649679,173758,-29.714479793685786,-1.264748112657314,8
22045,-115.12960534147221,4.487392024760574,173764,-114.33047638704419,5.73481138949136,19
22046,-132.11220398237018,2.2775665512820598,173774,-129.1025175244067,1.5488809909733745,1
22047,73.09314283556854,-22.58289113934648,173779,70.166569844569,-14.692630117552799,9
22048,18.577775565796834,-2.097145309180459,173785,18.937510567705566,1.034768221250525,27
22049,-24.74430681900314,1.1448831352206739,173787,-29.714479793685786,-1.264748112657314,8
22050,-49.68743319730418,-0.5088496416163351,173793,-49.93530245157272,-0.19848027172185767,2
22051,-21.36263139915524,-4.58947699948699,173798,-29.714479793685786,-1.264748112657314,8
22052,-134.8379610969704,-2.7728713119290513,173808,-134.89656831690453,-0.030690791204986433,34
22053,-130.0006349418343,-0.11356298185243102,173829,-129.1025175244067,1.5488809909733745,1
22054,-44.895905285234306,1.5534545292234547,173831,-49.93530245157272,-0.19848027172185767,2
22055,-118.10684823312323,3.944082024956883,173833,-118.09857507912784,0.7103841694799473,11
22056,-14.877097627334976,3.1959202958186004,173837,-6.878718007946434,-1.0926682779646681,10
22057,-115.08668853497194,2.5247351708981487,173870,-114.33047638704419,5.73481138949136,19
22058,233.64100301675657,4.255278610575021,173900,227.03647807555316,-5.020718083634986,26
22059,-91.9949143266708,1.4086488487172153,173906,-96.6939343764425,2.7165835152131033,15
22060,-92.98249665968694,2.6602835654011545,173914,-96.6939343764425,2.7165835152131033,15
22061,-101.91980898829188,0.11767530681195228,173931,-104.7190727296112,3.8815952186994593,7
22062,-14.309542825481504,-6.152059467105972,173942,-6.878718007946434,-1.0926682779646681,10
22063,-35.64368305341119,-0.7112635955206114,173947,-29.714479793685786,-1.264748112657314,8
22064,-90.58028364371573,-5.099695523877262,173967,-95.36861679384212,-10.95784818293233,28
22065,-38.420603279350765,-4.6409606163600206,173970,-29.714479793685786,-1.264748112657314,8
22066,-45.66977511248344,-0.8304026154953178,173985,-49.93530245157272,-0.19848027172185767,2
22067,71.00225905342528,-6.924485646348305,173998,70.166569844569,-14.692630117552799,9
22068,-130.96937538403003,-0.3189786632559056,174001,-129.1025175244067,1.5488809909733745,1
22069,-124.6225541636878,-3.7135241610312697,174004,-123.94204162798616,-1.5144507595891967,3
22070,-5.451163545558733,-17.621697145027376,174010,-6.878718007946434,-1.0926682779646681,10
22071,112.07483599150464,-6.798540463639553,174015,104.96211155305676,-0.5414592591613776,31
22072,155.61723556463625,1.9147923373723303,174039,172.66355239880147,-2.7112682595768685,38
22073,-77.35968965930309,9.11783025122633,174045,-85.91178621041317,3.2728237667350073,24
22074,684.6061139822577,34.50205028121979,174066,586.0312761189704,-1.722944617346204,30
22075,217.762099910511,-12.895652206785783,174082,227.03647807555316,-5.020718083634986,26
22076,831.17336744873,-26.159156270050463,174084,861.6475783799328,6.515082937232454,35
22077,-102.03837395354834,2.717561458765249,174106,-104.7190727296112,3.8815952186994593,7
22078,-137.05741575838326,1.5075626235795443,174113,-134.89656831690453,-0.030690791204986433,34
22079,-82.25888588105249,6.856530770803662,174126,-85.91178621041317,3.2728237667350073,24
22080,64.96070135128825,8.615602174943657,174132,78.01149217232324,3.6022338347977136,6
22081,-143.26161221175963,5.352286100537284,174155,-142.14616351708418,5.245197398204194,22
22082,-56.08508227538486,6.04314166156417,174161,-49.93530245157272,-0.19848027172185767,2
22083,69.37194745694221,2.7585453264534787,174200,78.01149217232324,3.6022338347977136,6
22084,-93.54598056420414,-5.372517170964936,174208,-95.36861679384212,-10.95784818293233,28
22085,320.9583573640867,-12.391756906035004,174219,302.44973475302317,-5.405747081354008,25
22086,35.09704057338484,5.115568895667383,174220,47.997068783449585,1.2679199422360634,13
22087,-84.18127363004847,6.129698381508604,174232,-85.91178621041317,3.2728237667350073,24
22088,-27.670522133708985,-1.545529346280635,174246,-29.714479793685786,-1.264748112657314,8
22089,94.74301226728278,-16.6040265571407,174256,104.96211155305676,-0.5414592591613776,31
22090,-17.84721934144098,3.5301686741978817,174269,-6.878718007946434,-1.0926682779646681,10
22091,-84.16754541613274,4.80864538814328,174270,-85.91178621041317,3.2728237667350073,24
22092,-27.06794634603332,6.656356943423027,174279,-29.714479793685786,-1.264748112657314,8
22093,-41.78504513775336,1.7567091456689412,174292,-49.93530245157272,-0.19848027172185767,2
22094,-84.58408010163335,-3.8800882145546978,174294,-77.6204452281073,-4.536559244831727,5
22095,829.537134396821,11.555797750092784,174301,861.6475783799328,6.515082937232454,35
22096,-112.41321463933541,9.204027336623778,174308,-114.33047638704419,5.73481138949136,19
22097,-16.91841706170676,-10.660004219565845,174325,-6.878718007946434,-1.0926682779646681,10
22098,-45.79796618400449,-14.29695144561289,174339,-49.93530245157272,-0.19848027172185767,2
22099,-127.01830011006214,0.31238171568725337,174341,-129.1025175244067,1.5488809909733745,1
22100,-117.99338474697606,0.9354788795775879,174365,-118.09857507912784,0.7103841694799473,11
22101,-22.77255119376928,0.7720813310240157,174374,-29.714479793685786,-1.264748112657314,8
22102,65.85115687288963,10.51341991583421,174380,78.01149217232324,3.6022338347977136,6
22103,28.96979715830863,6.2710321888175,174382,18.937510567705566,1.034768221250525,27
22104,289.03840319773917,-14.156769344486761,174390,302.44973475302317,-5.405747081354008,25
22105,-77.66556518001417,-1.9741702887412471,174399,-77.6204452281073,-4.536559244831727,5
22106,-101.16880232789646,4.038299557012113,174407,-104.7190727296112,3.8815952186994593,7
22107,-144.19365937848744,3.865128590441088,174413,-146.59606179012786,4.113086925586259,4
22108,-143.05676742399532,2.410405000162923,174444,-142.14616351708418,5.245197398204194,22
22109,416.7513754872424,23.72996120206507,174466,417.6915390220547,-4.11857226961515,29
22110,-145.33754925189967,6.970500188613887,174471,-146.59606179012786,4.113086925586259,4
22111,-136.34923659910353,7.386017578363798,174472,-137.57400940459857,4.493303950559668,20
22112,-127.12384712466334,4.136207033510232,174476,-129.1025175244067,1.5488809909733745,1
22113,100.97391140979252,9.948749584337877,174480,104.96211155305676,-0.5414592591613776,31
22114,-140.02548397564848,0.7537107372277096,174481,-141.0346653257256,-1.1036168920026446,0
22115,-4.300512263957803,11.115356214587258,174485,-6.878718007946434,-1.0926682779646681,10
22116,-10.086389039853117,5.819781181190257,174499,-6.878718007946434,-1.0926682779646681,10
22117,68.10030239305446,-8.089454620175,174517,70.166569844569,-14.692630117552799,9
22118,-100.89900931604461,1.1991418919219168,174519,-96.6939343764425,2.7165835152131033,15
22119,-150.1531403924163,3.8938700549181573,174532,-152.23629829764135,4.213482038439798,37
22120,-47.91094738946483,3.3794402078707084,174533,-49.93530245157272,-0.19848027172185767,2
22121,-130.17161629090361,5.156802349070684,174546,-132.1080396739421,5.887059356646324,17
22122,-95.07614971568759,2.647592175238263,174552,-96.6939343764425,2.7165835152131033,15
22123,-126.21394844790768,4.585304518561505,174558,-123.80894152337959,5.566802721935252,23
22124,153.05527691609848,9.060297217583907,174559,135.4076551174278,-1.697351881935795,33
22125,-3.4260046544915386,12.332748025827993,174565,-6.878718007946434,-1.0926682779646681,10
22126,36.51174098124906,-15.07741499962464,174568,28.39696760572947,-22.91072472808294,12
22127,-39.145848015549255,-9.12778770629617,174570,-29.714479793685786,-1.264748112657314,8
22128,-143.28534237930404,5.892675778053727,174571,-142.14616351708418,5.245197398204194,22
22129,-109.37624468663375,-7.8126884247981305,174586,-109.71624596876933,-1.0040630408538558,16
22130,115.4896373961033,17.7537023709486,174587,104.96211155305676,-0.5414592591613776,31
22131,-138.85719754197584,-2.9201369916466513,174588,-141.0346653257256,-1.1036168920026446,0
22132,98.05594108536333,7.077124829618462,174594,104.96211155305676,-0.5414592591613776,31
22133,-127.94987876981928,-1.201784649303752,174606,-129.1025175244067,1.5488809909733745,1
22134,-145.04107533933524,1.028293211931653,174612,-146.59606179012786,4.113086925586259,4
22135,-16.85078785181834,3.1209736349926818,174614,-6.878718007946434,-1.0926682779646681,10
22136,659.8806601212779,0.6544801933544226,174617,586.0312761189704,-1.722944617346204,30
22137,135.65762335419396,0.6826710121733204,174619,135.4076551174278,-1.697351881935795,33
22138,-142.23592901092908,4.836260499189698,174623,-142.14616351708418,5.245197398204194,22
22139,-148.15753134072582,3.0084315750837303,174653,-146.59606179012786,4.113086925586259,4
22140,-50.72323722278182,-14.988262368366946,174655,-49.93530245157272,-0.19848027172185767,2
22141,-93.05954822919912,2.288296992714699,174660,-96.6939343764425,2.7165835152131033,15
22142,-56.07741861616102,-10.39643791204091,174666,-49.93530245157272,-0.19848027172185767,2
22143,11.767193393,9.903540012221622,174669,18.937510567705566,1.034768221250525,27
22144,-116.95909749017093,0.2127336733344912,174670,-118.09857507912784,0.7103841694799473,11
22145,65.9494733424852,9.385337711423135,174674,78.01149217232324,3.6022338347977136,6
22146,339.9747823426833,2.8099880557183092,174676,302.44973475302317,-5.405747081354008,25
22147,38.31710592191431,-12.316569397720267,174680,28.39696760572947,-22.91072472808294,12
22148,-117.81166573869844,0.030207592708232388,174695,-118.09857507912784,0.7103841694799473,11
22149,-39.928987596217524,2.8850747992686356,174703,-49.93530245157272,-0.19848027172185767,2
22150,208.97567146648828,13.277074092940426,174719,227.03647807555316,-5.020718083634986,26
22151,-143.05980606319434,0.9669274840035517,174731,-141.0346653257256,-1.1036168920026446,0
22152,-92.02037241006992,1.4673969195187955,174733,-96.6939343764425,2.7165835152131033,15
22153,-135.1314993722094,2.6423534840859375,174743,-134.89656831690453,-0.030690791204986433,34
22154,-98.98052664282491,1.999530794703302,174774,-96.6939343764425,2.7165835152131033,15
22155,-134.95528102272135,0.33379896214316357,174779,-134.89656831690453,-0.030690791204986433,34
22156,-109.08045221859854,4.030405217933642,174783,-104.7190727296112,3.8815952186994593,7
22157,97.65554509370781,-0.9391599526609188,174785,104.96211155305676,-0.5414592591613776,31
22158,478.9001296988258,-5.882453417251866,174807,417.6915390220547,-4.11857226961515,29
22159,-147.2001217439551,4.960966869040223,174817,-146.59606179012786,4.113086925586259,4
22160,-54.925710979180124,2.577978095113335,174826,-49.93530245157272,-0.19848027172185767,2
22161,93.21668451120183,-9.194385511691143,174829,104.96211155305676,-0.5414592591613776,31
22162,-143.02829076947148,1.2523122105106264,174834,-141.0346653257256,-1.1036168920026446,0
22163,-139.65074431744554,-4.374318536304172,174842,-141.0346653257256,-1.1036168920026446,0
22164,215.28993815326348,-6.198123686547256,174848,227.03647807555316,-5.020718083634986,26
22165,-83.02248056812063,3.1891247077860925,174852,-85.91178621041317,3.2728237667350073,24
22166,-121.89163196089288,-0.8416770762269631,174858,-123.94204162798616,-1.5144507595891967,3
22167,106.54678802541362,-27.855476016248765,174876,110.19899446847099,-35.665903512662624,21
22168,260.9426998627334,0.6524309076743278,174880,227.03647807555316,-5.020718083634986,26
22169,-0.24663453481951197,-5.23041227068168,174899,-6.878718007946434,-1.0926682779646681,10
22170,73.48710986775279,1.331720262851382,174903,78.01149217232324,3.6022338347977136,6
22171,-117.01152499511925,1.8567199235744896,174918,-118.09857507912784,0.7103841694799473,11
22172,-143.0154648161931,-0.017790881546217097,174925,-141.0346653257256,-1.1036168920026446,0
22173,224.82075430180976,1.1716876194025638,174929,227.03647807555316,-5.020718083634986,26
22174,627.6313405322956,-11.196670823940561,174931,586.0312761189704,-1.722944617346204,30
22175,222.22192195324135,-19.311706023116134,174936,227.03647807555316,-5.020718083634986,26
22176,-74.17888406042444,-10.015634481939411,174946,-77.6204452281073,-4.536559244831727,5
22177,258.553940740169,-37.098585574828604,174947,227.03647807555316,-5.020718083634986,26
22178,-126.38147659055338,8.258815358264426,174952,-123.80894152337959,5.566802721935252,23
22179,-77.08637680138946,5.1897532282881835,174956,-85.91178621041317,3.2728237667350073,24
22180,-128.96210411390504,-0.945827971359548,174959,-129.1025175244067,1.5488809909733745,1
22181,-104.87553722881519,-0.9233735471923405,174962,-104.7190727296112,3.8815952186994593,7
22182,-142.0675118827454,1.126589379368833,174974,-141.0346653257256,-1.1036168920026446,0
22183,86.30342875968907,3.0101960290155216,174985,78.01149217232324,3.6022338347977136,6
22184,-103.60059549649675,-4.854970724243504,174998,-109.71624596876933,-1.0040630408538558,16
22185,-105.94190953640587,0.5424085693424171,175008,-104.7190727296112,3.8815952186994593,7
22186,-150.3263740006755,6.676889044215095,175013,-152.23629829764135,4.213482038439798,37
22187,-53.039964155235545,4.596795583010777,175018,-49.93530245157272,-0.19848027172185767,2
22188,340.1788773843887,-0.09355336537967013,175024,302.44973475302317,-5.405747081354008,25
22189,-119.3976932994091,8.744830429075428,175027,-123.80894152337959,5.566802721935252,23
22190,-58.77264706342095,-0.844431855960651,175038,-66.8889597803445,2.169628081691683,14
22191,-74.70712056068209,-1.0080615756938645,175046,-77.6204452281073,-4.536559244831727,5
22192,-95.2449587084798,6.841173202540484,175048,-96.6939343764425,2.7165835152131033,15
22193,-133.58364393911694,-6.772682071353528,175069,-130.75996572568545,-6.6137591708523855,18
22194,-141.22559587263976,4.617000369083309,175094,-142.14616351708418,5.245197398204194,22
22195,18.028721185451783,5.819323903560593,175096,18.937510567705566,1.034768221250525,27
22196,-138.1918463898486,4.424596219133502,175103,-137.57400940459857,4.493303950559668,20
22197,-72.2365646508932,6.520228402340318,175106,-66.8889597803445,2.169628081691683,14
22198,-125.07009679141078,2.492326863125965,175122,-123.80894152337959,5.566802721935252,23
22199,-115.01369610238372,0.9261418647343159,175132,-118.09857507912784,0.7103841694799473,11
22200,-72.27532508848931,7.368101834905321,175137,-66.8889597803445,2.169628081691683,14
22201,248.31397308700167,-34.07296853030518,175139,227.03647807555316,-5.020718083634986,26
22202,-138.56924262945796,-6.1343894592111665,175148,-141.0346653257256,-1.1036168920026446,0
22203,35.05506384965186,6.040806541229595,175149,47.997068783449585,1.2679199422360634,13
22204,-102.98443030647606,2.538237245306647,175154,-104.7190727296112,3.8815952186994593,7
22205,104.76634921879737,-2.2080149180443613,175163,104.96211155305676,-0.5414592591613776,31
22206,-22.935151994392353,-10.90438268483178,175179,-29.714479793685786,-1.264748112657314,8
22207,-124.97710567191615,-0.5658823798742043,175198,-123.94204162798616,-1.5144507595891967,3
22208,130.87836605737698,-2.70152412237878,175207,135.4076551174278,-1.697351881935795,33
22209,-124.67808364163157,-3.0045696780631035,175209,-123.94204162798616,-1.5144507595891967,3
22210,-48.308078725737836,-6.240646857376969,175215,-49.93530245157272,-0.19848027172185767,2
22211,-125.15608027280926,4.886284303349513,175220,-123.80894152337959,5.566802721935252,23
22212,-115.51862060377015,-4.800552120505918,175228,-118.09857507912784,0.7103841694799473,11
22213,122.057252021115,-34.67763060951393,175234,110.19899446847099,-35.665903512662624,21
22214,-130.21366660354647,4.533988866303036,175237,-132.1080396739421,5.887059356646324,17
22215,455.067891869366,19.494928798994476,175238,417.6915390220547,-4.11857226961515,29
22216,65.76196890049806,-3.2947362742036104,175245,70.166569844569,-14.692630117552799,9
22217,-138.65964270161678,-3.6378647729688374,175257,-141.0346653257256,-1.1036168920026446,0
22218,-40.28422706242758,-5.603932622677357,175266,-49.93530245157272,-0.19848027172185767,2
22219,-76.05977623824263,4.132164191514432,175267,-77.6204452281073,-4.536559244831727,5
22220,-80.12795982092962,5.035253425791457,175269,-85.91178621041317,3.2728237667350073,24
22221,-78.11021361697038,5.204740425974455,175272,-85.91178621041317,3.2728237667350073,24
22222,-85.16074531868547,6.188558853209659,175277,-85.91178621041317,3.2728237667350073,24
22223,-133.3005160922845,6.389026110228306,175287,-132.1080396739421,5.887059356646324,17
22224,201.45322770932188,5.756326178380411,175291,227.03647807555316,-5.020718083634986,26
22225,273.33879267684233,-4.726043194463557,175298,302.44973475302317,-5.405747081354008,25
22226,-83.2932813907726,7.5942099691359,175307,-85.91178621041317,3.2728237667350073,24
22227,-109.9983022088387,2.7309577921668433,175311,-109.71624596876933,-1.0040630408538558,16
22228,-15.016433713116616,5.740149289148798,175317,-6.878718007946434,-1.0926682779646681,10
22229,202.50639777127665,-9.60015167735852,175322,227.03647807555316,-5.020718083634986,26
22230,218.16404505411126,-4.40527383794244,175326,227.03647807555316,-5.020718083634986,26
22231,4.981422251160635,6.626872924116934,175328,-6.878718007946434,-1.0926682779646681,10
22232,-72.86223157325387,1.3950386781047552,175329,-66.8889597803445,2.169628081691683,14
22233,-41.14083105945959,-8.237535955936305,175333,-49.93530245157272,-0.19848027172185767,2
22234,-114.75881910028409,-3.1212430451076503,175334,-118.09857507912784,0.7103841694799473,11
22235,-48.069151129243096,4.776037786813694,175342,-49.93530245157272,-0.19848027172185767,2
22236,1264.790967024172,51.49554615005807,175353,1342.5649032771717,32.04824045393157,32
22237,620.7750987056768,0.7716533914021845,175366,586.0312761189704,-1.722944617346204,30
22238,-98.85598767392356,-1.2420923784226126,175373,-96.6939343764425,2.7165835152131033,15
22239,-126.06791727536007,1.398463437759106,175374,-129.1025175244067,1.5488809909733745,1
22240,255.64502526916505,19.75371614946084,175381,227.03647807555316,-5.020718083634986,26
22241,398.9680431017594,4.988593284547046,175391,417.6915390220547,-4.11857226961515,29
22242,-143.05044948888587,1.2476634031257248,175400,-141.0346653257256,-1.1036168920026446,0
22243,147.38710426690844,-9.963849591676523,175407,135.4076551174278,-1.697351881935795,33
22244,-65.04063133833604,3.896559974109499,175412,-66.8889597803445,2.169628081691683,14
22245,-140.05520706824038,1.3915338773054187,175420,-141.0346653257256,-1.1036168920026446,0
22246,-83.10509391424785,3.4460492225470247,175436,-85.91178621041317,3.2728237667350073,24
22247,-31.55560022902067,-1.5583014050641695,175441,-29.714479793685786,-1.264748112657314,8
22248,-114.94159720157472,0.37210088577885886,175452,-118.09857507912784,0.7103841694799473,11
22249,-115.07984276597747,2.3715725764188593,175466,-118.09857507912784,0.7103841694799473,11
22250,503.53243675920294,14.744530849000743,175469,586.0312761189704,-1.722944617346204,30
22251,-142.99061693585912,-0.5732586529096229,175476,-141.0346653257256,-1.1036168920026446,0
22252,-129.37501253883948,8.08514785813444,175478,-132.1080396739421,5.887059356646324,17
22253,-124.38865943557089,8.478963337018014,175497,-123.80894152337959,5.566802721935252,23
22254,-122.88644935940971,-1.5006785452608102,175516,-123.94204162798616,-1.5144507595891967,3
22255,-146.3731604990637,-10.051520158803342,175517,-148.09620948762597,-1.1157003398540595,36
22256,1467.5608556555712,18.837072711544426,175519,1342.5649032771717,32.04824045393157,32
22257,-116.2202603296763,-10.846202186309087,175521,-115.69510858146283,-11.595084171039186,39
22258,108.79779448059017,-2.330445416995845,175524,104.96211155305676,-0.5414592591613776,31
22259,-16.78307849840289,2.64372388725897,175532,-6.878718007946434,-1.0926682779646681,10
22260,-53.22484631404496,-8.146064187901105,175543,-49.93530245157272,-0.19848027172185767,2
22261,65.79196060043044,10.79007009406303,175554,78.01149217232324,3.6022338347977136,6
22262,-123.68031475777843,-2.4249652562753767,175558,-123.94204162798616,-1.5144507595891967,3
22263,-82.01417326246178,3.040437753315141,175566,-85.91178621041317,3.2728237667350073,24
22264,-127.00833262223658,0.608995311635121,175582,-129.1025175244067,1.5488809909733745,1
22265,-108.84710496863576,-1.5936579942571476,175597,-109.71624596876933,-1.0040630408538558,16
22266,141.85880816561271,-16.81012014010958,175598,135.4076551174278,-1.697351881935795,33
22267,-69.19912495932381,6.786698358046017,175601,-66.8889597803445,2.169628081691683,14
22268,-88.29625909057718,7.0296813152375295,175615,-85.91178621041317,3.2728237667350073,24
22269,-83.99445364000582,3.0554211788638277,175625,-85.91178621041317,3.2728237667350073,24
22270,45.97637484681463,7.946737185641472,175628,47.997068783449585,1.2679199422360634,13
22271,-38.4792135585138,-3.882417693549064,175631,-29.714479793685786,-1.264748112657314,8
22272,13.862234967902827,-6.86359101495321,175632,18.937510567705566,1.034768221250525,27
22273,-110.91465103964596,0.8651128484214432,175641,-109.71624596876933,-1.0040630408538558,16
22274,588.0620716242223,-18.74320794920488,175656,586.0312761189704,-1.722944617346204,30
22275,626.6642224241439,-40.35816464645663,175658,586.0312761189704,-1.722944617346204,30
22276,-20.720613224627147,0.7090633092698696,175665,-29.714479793685786,-1.264748112657314,8
22277,-136.13345683719655,3.7068761729164867,175676,-137.57400940459857,4.493303950559668,20
22278,-129.37559056416646,8.095952780850226,175684,-132.1080396739421,5.887059356646324,17
22279,-141.21209734115857,5.360532520075165,175685,-142.14616351708418,5.245197398204194,22
22280,-104.72708679016367,-2.103685955709817,175687,-109.71624596876933,-1.0040630408538558,16
22281,-25.028815006725043,5.338292946382788,175694,-29.714479793685786,-1.264748112657314,8
22282,-43.76639759990919,-0.2195839262221999,175704,-49.93530245157272,-0.19848027172185767,2
22283,-118.05696161505958,2.8204744084383475,175711,-118.09857507912784,0.7103841694799473,11
22284,500.53540421115986,-28.522504991540753,175724,417.6915390220547,-4.11857226961515,29
22285,-124.37446187439716,8.146505732394202,175738,-123.80894152337959,5.566802721935252,23
22286,247.04570985888256,-30.27537816312825,175755,227.03647807555316,-5.020718083634986,26
22287,-144.14727898260858,3.3500544502611342,175756,-146.59606179012786,4.113086925586259,4
22288,-152.06078920964046,0.8030474883934119,175775,-152.23629829764135,4.213482038439798,37
22289,-84.98258228648908,2.7857692492308175,175776,-85.91178621041317,3.2728237667350073,24
22290,-35.65391573313581,-1.0063558427262704,175778,-29.714479793685786,-1.264748112657314,8
22291,-53.87499658150348,1.992729090270264,175787,-49.93530245157272,-0.19848027172185767,2
22292,-108.76647785192266,-2.8516477951578794,175795,-109.71624596876933,-1.0040630408538558,16
22293,-150.32753100361325,6.692331709189061,175808,-152.23629829764135,4.213482038439798,37
22294,-131.30044006994686,-9.344777685704756,175812,-130.75996572568545,-6.6137591708523855,18
22295,-145.3388731275467,7.030744418530855,175816,-146.59606179012786,4.113086925586259,4
22296,-82.4329111375657,-20.34700191798039,175822,-95.36861679384212,-10.95784818293233,28
22297,-137.18681087797583,3.8300424765592638,175826,-137.57400940459857,4.493303950559668,20
22298,26.00568745495131,5.9496200212927235,175827,18.937510567705566,1.034768221250525,27
22299,-117.09081482111824,3.0908848172445635,175830,-118.09857507912784,0.7103841694799473,11
22300,-3.5924161241858648,-0.2879295222359926,175831,-6.878718007946434,-1.0926682779646681,10
22301,115.69289703883639,-0.428822043196206,175832,104.96211155305676,-0.5414592591613776,31
22302,-47.12102705533534,5.950790289382625,175872,-49.93530245157272,-0.19848027172185767,2
22303,-150.32380733212705,6.595135781608509,175880,-152.23629829764135,4.213482038439798,37
22304,-55.042272346793176,4.083042939755307,175885,-49.93530245157272,-0.19848027172185767,2
22305,-118.97125026039387,-13.26732784177142,175892,-115.69510858146283,-11.595084171039186,39
22306,-127.64080885188125,-4.40491697014539,175894,-130.75996572568545,-6.6137591708523855,18
22307,-134.3425808855219,-10.010200540609574,175914,-130.75996572568545,-6.6137591708523855,18
22308,-37.61220047141837,-31.417810417876936,175931,-29.714479793685786,-1.264748112657314,8
22309,42.82267912328575,9.213257988325347,175940,47.997068783449585,1.2679199422360634,13
22310,428.01072394919754,-9.162532259716842,175941,417.6915390220547,-4.11857226961515,29
22311,308.0357809548216,15.68169521074953,175942,302.44973475302317,-5.405747081354008,25
22312,-18.568212710648464,-1.5706308141606369,175957,-29.714479793685786,-1.264748112657314,8
22313,-107.97612017418227,0.2087946665235928,175959,-109.71624596876933,-1.0040630408538558,16
22314,-28.11349898540589,6.617307341508358,175966,-29.714479793685786,-1.264748112657314,8
22315,-137.18915913505145,3.890943397489907,175979,-137.57400940459857,4.493303950559668,20
22316,-30.85346791275698,2.4200499828599358,175986,-29.714479793685786,-1.264748112657314,8
22317,-37.280766479895696,8.5921850173652,175987,-29.714479793685786,-1.264748112657314,8
22318,-110.26614051671172,6.524802573991914,175989,-114.33047638704419,5.73481138949136,19
22319,-109.02106253103365,2.221296446595485,175991,-109.71624596876933,-1.0040630408538558,16
22320,-107.19170820922808,5.98261041554582,175996,-104.7190727296112,3.8815952186994593,7
22321,-71.9731866217045,3.841072588356552,176000,-66.8889597803445,2.169628081691683,14
22322,-120.25171015516716,-10.2263516177424,176004,-115.69510858146283,-11.595084171039186,39
22323,-12.953372805728394,-10.849927742046255,176006,-6.878718007946434,-1.0926682779646681,10
22324,-108.63808940703801,-3.0946844722971254,176012,-109.71624596876933,-1.0040630408538558,16
22325,-107.1269293210736,5.071015279657209,176014,-104.7190727296112,3.8815952186994593,7
22326,-52.31589774211148,-6.1462027783817526,176018,-49.93530245157272,-0.19848027172185767,2
22327,-123.36369602502275,7.936512112562966,176023,-123.80894152337959,5.566802721935252,23
22328,-59.744793799654616,-15.18360364847035,176032,-49.93530245157272,-0.19848027172185767,2
22329,-101.63037945595595,-3.6653510781585017,176046,-96.6939343764425,2.7165835152131033,15
22330,-31.201297657751052,-7.774544065842566,176060,-29.714479793685786,-1.264748112657314,8
22331,-64.67832119710646,-1.9807403529858862,176065,-66.8889597803445,2.169628081691683,14
22332,-36.884311158127424,1.9784383378396238,176072,-29.714479793685786,-1.264748112657314,8
22333,-47.959078105827416,3.4162770232788997,176081,-49.93530245157272,-0.19848027172185767,2
22334,-99.65262430421248,-3.6668442978984244,176089,-96.6939343764425,2.7165835152131033,15
22335,-59.32778755834038,-6.4988585203819325,176102,-49.93530245157272,-0.19848027172185767,2
22336,136.31829092368292,5.053423484301714,176123,135.4076551174278,-1.697351881935795,33
22337,176.4067089785257,-23.605416898622238,176130,172.66355239880147,-2.7112682595768685,38
22338,434.91716771075494,21.442189406779022,176131,417.6915390220547,-4.11857226961515,29
22339,-74.07445765827065,4.503145881370308,176132,-66.8889597803445,2.169628081691683,14
22340,-145.27243168755055,6.086290479283831,176133,-146.59606179012786,4.113086925586259,4
22341,-138.72022649339672,-2.3199212586855866,176138,-141.0346653257256,-1.1036168920026446,0
22342,135.6982773612531,-15.445230337659572,176145,135.4076551174278,-1.697351881935795,33
22343,7.800642207878045,-5.617364859673702,176153,18.937510567705566,1.034768221250525,27
22344,-106.1585203067875,4.768173418385602,176169,-104.7190727296112,3.8815952186994593,7
22345,-128.2315456059535,-9.771538894805882,176188,-130.75996572568545,-6.6137591708523855,18
22346,-100.98717098925046,2.6281229875592,176189,-104.7190727296112,3.8815952186994593,7
22347,750.0769943259559,0.9571362682063475,176192,861.6475783799328,6.515082937232454,35
22348,872.0811420907262,-23.455420529974482,176195,861.6475783799328,6.515082937232454,35
22349,-146.22110510178132,4.963101638990128,176209,-146.59606179012786,4.113086925586259,4
22350,-64.4605561918638,11.556630281614606,176210,-66.8889597803445,2.169628081691683,14
22351,-120.7159620433021,-4.165501416977379,176220,-123.94204162798616,-1.5144507595891967,3
22352,-136.3509843821253,7.452191098616715,176224,-137.57400940459857,4.493303950559668,20
22353,-122.03391426213295,1.2559390599614553,176225,-123.94204162798616,-1.5144507595891967,3
22354,-15.69671096590715,-14.47514478409668,176242,-6.878718007946434,-1.0926682779646681,10
22355,345.74728135218487,21.080401761650936,176244,302.44973475302317,-5.405747081354008,25
22356,33.95327431719807,-21.717004041203868,176251,28.39696760572947,-22.91072472808294,12
22357,-48.6808845680929,-2.1785396500586907,176254,-49.93530245157272,-0.19848027172185767,2
22358,-53.26431944545513,8.46143810155736,176269,-49.93530245157272,-0.19848027172185767,2
22359,-28.7383265984159,-14.802814920782719,176281,-29.714479793685786,-1.264748112657314,8
22360,-64.1794570331934,5.421040711674519,176282,-66.8889597803445,2.169628081691683,14
22361,-103.76984030884013,-1.1565267569626454,176285,-104.7190727296112,3.8815952186994593,7
22362,-37.22338434693489,-36.34187805288739,176290,-29.714479793685786,-1.264748112657314,8
22363,20.010375596389764,-9.501496369131907,176295,18.937510567705566,1.034768221250525,27
22364,170.85941647164978,-1.0976066002270848,176310,172.66355239880147,-2.7112682595768685,38
22365,-127.14618517745286,3.621576960211521,176329,-129.1025175244067,1.5488809909733745,1
22366,-54.89205378514708,2.859992551081919,176332,-49.93530245157272,-0.19848027172185767,2
22367,-155.31277024521992,6.275608341617631,176343,-152.23629829764135,4.213482038439798,37
22368,151.49370849108513,3.517352600848395,176351,135.4076551174278,-1.697351881935795,33
22369,124.86558638201579,-2.508361454489336,176360,135.4076551174278,-1.697351881935795,33
22370,227.12677880816628,11.289764575430242,176368,227.03647807555316,-5.020718083634986,26
22371,24.85538409836632,-6.5289649541833965,176372,18.937510567705566,1.034768221250525,27
22372,5.598981694150965,12.45995172185561,176375,18.937510567705566,1.034768221250525,27
22373,401.4825212355548,11.55483846045622,176386,417.6915390220547,-4.11857226961515,29
22374,172.86817012545745,-1.7528379313683613,176397,172.66355239880147,-2.7112682595768685,38
22375,-109.07177529856874,2.8031490802965178,176410,-109.71624596876933,-1.0040630408538558,16
22376,-100.43974472822855,9.97598665515744,176413,-104.7190727296112,3.8815952186994593,7
22377,8.04719153990726,4.745384764535906,176420,18.937510567705566,1.034768221250525,27
22378,7.407984393027944,-14.834243308055406,176422,18.937510567705566,1.034768221250525,27
22379,-126.94780129969574,1.8315059449241666,176423,-129.1025175244067,1.5488809909733745,1
22380,-121.26330708008165,5.783451702181445,176426,-123.80894152337959,5.566802721935252,23
22381,-74.80727025509441,0.15755344845618893,176427,-77.6204452281073,-4.536559244831727,5
22382,-77.87666113693709,0.6044907306107525,176430,-77.6204452281073,-4.536559244831727,5
22383,-104.47092153990123,-20.899055356296536,176436,-95.36861679384212,-10.95784818293233,28
22384,-79.60872997277218,-2.737225611297021,176443,-77.6204452281073,-4.536559244831727,5
22385,-125.48570932319761,-7.233144713254386,176448,-130.75996572568545,-6.6137591708523855,18
22386,-19.964947958209887,-10.20761708374092,176459,-29.714479793685786,-1.264748112657314,8
22387,47.935266209986274,-21.08015923598405,176465,28.39696760572947,-22.91072472808294,12
22388,90.29437822700554,3.783704548925028,176470,78.01149217232324,3.6022338347977136,6
22389,-85.47704668314793,-4.701796174880414,176471,-77.6204452281073,-4.536559244831727,5
22390,54.7176832740195,-4.039818622400503,176490,47.997068783449585,1.2679199422360634,13
22391,-125.94775893863661,1.856817106284525,176491,-129.1025175244067,1.5488809909733745,1
22392,-99.33085093656715,8.136427494013034,176505,-96.6939343764425,2.7165835152131033,15
22393,-87.9053406195763,0.5553276372149705,176529,-85.91178621041317,3.2728237667350073,24
22394,-122.37526933483781,-7.547993407513507,176536,-123.94204162798616,-1.5144507595891967,3
22395,-145.26072124714563,5.320996389797871,176542,-146.59606179012786,4.113086925586259,4
22396,137.54422668554295,1.6705266715208338,176558,135.4076551174278,-1.697351881935795,33
22397,761.103082072031,15.286583736160734,176567,861.6475783799328,6.515082937232454,35
22398,9.090684038221168,5.348911273104995,176570,18.937510567705566,1.034768221250525,27
22399,-104.13533623798345,-9.937015330161291,176579,-95.36861679384212,-10.95784818293233,28
22400,106.30601044641666,4.823758442441801,176582,104.96211155305676,-0.5414592591613776,31
22401,-110.1263783671121,3.9712885756674496,176588,-114.33047638704419,5.73481138949136,19
22402,-58.02990059885115,4.287900762046262,176627,-66.8889597803445,2.169628081691683,14
22403,-37.682159960210434,0.09388615237549698,176632,-29.714479793685786,-1.264748112657314,8
22404,-46.90973013357522,2.3491865164160113,176639,-49.93530245157272,-0.19848027172185767,2
22405,-97.16664628497381,4.054114048118601,176643,-96.6939343764425,2.7165835152131033,15
22406,-128.9439728818181,1.2014734048827482,176645,-129.1025175244067,1.5488809909733745,1
22407,-55.72151775628707,-15.620496756211422,176646,-49.93530245157272,-0.19848027172185767,2
22408,33.14648227008506,-10.218669406068257,176647,28.39696760572947,-22.91072472808294,12
22409,-56.518908253944396,-3.807574235645758,176649,-49.93530245157272,-0.19848027172185767,2
22410,-83.76337722677818,0.059371042232022636,176666,-85.91178621041317,3.2728237667350073,24
22411,550.4097436769766,18.232989403071333,176670,586.0312761189704,-1.722944617346204,30
22412,-56.57590207911993,-2.5642551252500825,176671,-49.93530245157272,-0.19848027172185767,2
22413,-106.11401653564174,-10.425757006850148,176672,-115.69510858146283,-11.595084171039186,39
22414,237.8134383085195,2.071206253309793,176677,227.03647807555316,-5.020718083634986,26
22415,-53.06462722389995,4.6135544267728195,176685,-49.93530245157272,-0.19848027172185767,2
22416,195.34998038568747,-7.315282846361851,176687,172.66355239880147,-2.7112682595768685,38
22417,494.74820693644267,-3.31184055789497,176690,417.6915390220547,-4.11857226961515,29
22418,-148.33058933060303,6.786435553282111,176695,-146.59606179012786,4.113086925586259,4
22419,-128.76464334921866,-2.713171395086692,176705,-129.1025175244067,1.5488809909733745,1
22420,-129.26757217368134,5.744807031948009,176708,-132.1080396739421,5.887059356646324,17
22421,-0.2855525428070299,10.344824770504951,176716,-6.878718007946434,-1.0926682779646681,10
22422,235.2703920768922,-5.416894948254571,176720,227.03647807555316,-5.020718083634986,26
22423,196.37912644595102,-7.935791183084231,176726,172.66355239880147,-2.7112682595768685,38
22424,-150.94938674845648,0.441310197036116,176729,-148.09620948762597,-1.1157003398540595,36
22425,-91.81306521506589,-0.0072747035732703335,176759,-96.6939343764425,2.7165835152131033,15
22426,308.8543077653704,3.3825299758852916,176770,302.44973475302317,-5.405747081354008,25
22427,-110.97566788593875,0.15389204495893005,176795,-109.71624596876933,-1.0040630408538558,16
22428,-68.83647815336894,0.9003804020306937,176801,-66.8889597803445,2.169628081691683,14
22429,-98.61119070812208,-4.5340064071603,176802,-95.36861679384212,-10.95784818293233,28
22430,-119.28200648593055,6.723937979464235,176818,-123.80894152337959,5.566802721935252,23
22431,1.3766548092248816,0.4831273769757722,176825,-6.878718007946434,-1.0926682779646681,10
22432,-155.09926400110993,1.5723789489978364,176827,-152.23629829764135,4.213482038439798,37
22433,-10.015363186383444,6.301487956725685,176834,-6.878718007946434,-1.0926682779646681,10
22434,-24.056632275660114,6.462990074616544,176840,-29.714479793685786,-1.264748112657314,8
22435,-1.6448830308916114,-14.858740500912571,176847,-6.878718007946434,-1.0926682779646681,10
22436,-113.0459612342797,2.7010380270862155,176849,-114.33047638704419,5.73481138949136,19
22437,-100.72126233204989,-2.16862719825096,176850,-96.6939343764425,2.7165835152131033,15
22438,216.90156299127332,14.521824697944236,176869,227.03647807555316,-5.020718083634986,26
22439,99.73064864751677,-2.0303882252498586,176872,104.96211155305676,-0.5414592591613776,31
22440,0.5644097464389287,-2.096938441410898,176874,-6.878718007946434,-1.0926682779646681,10
22441,-41.96449463270664,3.124430914134427,176878,-49.93530245157272,-0.19848027172185767,2
22442,2.931238400852083,6.159330924220305,176881,-6.878718007946434,-1.0926682779646681,10
22443,-95.12583056730855,-10.516959058970528,176888,-95.36861679384212,-10.95784818293233,28
22444,-48.11465057546209,4.773362219156693,176889,-49.93530245157272,-0.19848027172185767,2
22445,-108.97151105903285,2.1408773218578228,176892,-109.71624596876933,-1.0040630408538558,16
22446,-35.81383418308788,-13.255383208691955,176901,-29.714479793685786,-1.264748112657314,8
22447,-131.99918274653803,-13.391039560581923,176903,-130.75996572568545,-6.6137591708523855,18
22448,-36.649092871804235,-15.352000028522921,176904,-29.714479793685786,-1.264748112657314,8
22449,-94.12269059395082,3.6417124663596105,176914,-96.6939343764425,2.7165835152131033,15
22450,-122.08260257044985,3.3081072109226564,176928,-123.80894152337959,5.566802721935252,23
22451,-56.62456507019707,-0.9841017083108237,176935,-49.93530245157272,-0.19848027172185767,2
22452,-99.27191926877265,7.36126584419751,176958,-96.6939343764425,2.7165835152131033,15
22453,-66.17393725451925,6.803255069323434,176966,-66.8889597803445,2.169628081691683,14
22454,643.1202946009512,25.625257116551587,176974,586.0312761189704,-1.722944617346204,30
22455,-129.9741776354872,1.3498475333427185,176975,-129.1025175244067,1.5488809909733745,1
22456,139.79029267193707,-73.22392314542337,176977,110.19899446847099,-35.665903512662624,21
22457,59.028346269868194,7.53933796797261,176983,47.997068783449585,1.2679199422360634,13
22458,291.4466825199336,8.95678041853224,176988,302.44973475302317,-5.405747081354008,25
22459,-120.33620869671778,7.366095426615196,176992,-123.80894152337959,5.566802721935252,23
22460,-126.87608340268915,-0.7682691998690206,176995,-123.94204162798616,-1.5144507595891967,3
22461,-130.89943729325822,0.19237855693761174,177005,-129.1025175244067,1.5488809909733745,1
22462,2.441602723015248,-16.17409632342043,177022,-6.878718007946434,-1.0926682779646681,10
22463,176.6786925848398,1.943207126863079,177042,172.66355239880147,-2.7112682595768685,38
22464,-3.535435320836857,-1.5356069896057842,177043,-6.878718007946434,-1.0926682779646681,10
22465,-148.9672711245823,-0.14508425460222432,177047,-148.09620948762597,-1.1157003398540595,36
22466,-128.19672249583175,4.1873408342589045,177061,-129.1025175244067,1.5488809909733745,1
22467,175.0146857150915,-3.905078571395508,177063,172.66355239880147,-2.7112682595768685,38
22468,-135.05060041164228,0.8938092515334651,177069,-134.89656831690453,-0.030690791204986433,34
22469,-145.75236392525858,-3.7903835334126033,177072,-148.09620948762597,-1.1157003398540595,36
22470,295.2293243483645,-2.480151217906927,177080,302.44973475302317,-5.405747081354008,25
22471,137.8016450767993,-16.141110522678268,177085,135.4076551174278,-1.697351881935795,33
22472,-84.08642684816523,4.073440731377375,177111,-85.91178621041317,3.2728237667350073,24
22473,-53.54993002049046,-3.6073839134467405,177126,-49.93530245157272,-0.19848027172185767,2
22474,-13.850548784598312,2.1202656766158157,177151,-6.878718007946434,-1.0926682779646681,10
22475,86.6658029495407,-1.8710549935250649,177155,78.01149217232324,3.6022338347977136,6
22476,-89.97122284076951,0.9295832641550358,177163,-85.91178621041317,3.2728237667350073,24
22477,446.7302437107096,-47.39223884701772,177179,417.6915390220547,-4.11857226961515,29
22478,-142.99494199205563,0.5315430301756741,177181,-141.0346653257256,-1.1036168920026446,0
22479,277.8604634973512,17.465259210694295,177192,302.44973475302317,-5.405747081354008,25
22480,-84.01763168655879,3.0655886878092486,177223,-85.91178621041317,3.2728237667350073,24
22481,-59.67737413514937,-0.9108628058422038,177243,-66.8889597803445,2.169628081691683,14
22482,-99.33975164654224,8.320584268225856,177247,-96.6939343764425,2.7165835152131033,15
22483,-17.690574522386054,-0.9393369303541228,177251,-6.878718007946434,-1.0926682779646681,10
22484,220.64577195342815,-11.323095944391266,177262,227.03647807555316,-5.020718083634986,26
22485,-132.00536704508582,1.9833717685515415,177277,-129.1025175244067,1.5488809909733745,1
22486,-124.23930171619728,6.222568842339835,177278,-123.80894152337959,5.566802721935252,23
22487,-107.0531915553181,2.95539988438739,177281,-104.7190727296112,3.8815952186994593,7
22488,353.73542247055167,20.941602708811335,177291,302.44973475302317,-5.405747081354008,25
22489,-60.047994496071354,-10.081376394443108,177306,-66.8889597803445,2.169628081691683,14
22490,243.78123029286553,-12.359160306647233,177319,227.03647807555316,-5.020718083634986,26
22491,-99.23799523385252,6.617790158103882,177334,-96.6939343764425,2.7165835152131033,15
22492,-98.10909065161081,4.828357574493903,177339,-96.6939343764425,2.7165835152131033,15
22493,273.2618997949818,11.155753084671614,177350,302.44973475302317,-5.405747081354008,25
22494,46.324545159184275,2.89314997683828,177351,47.997068783449585,1.2679199422360634,13
22495,-132.11789705264707,2.418751187706415,177356,-129.1025175244067,1.5488809909733745,1
22496,-129.09576144860625,3.5036991307442364,177370,-129.1025175244067,1.5488809909733745,1
22497,-119.15611699897548,-11.271975625117312,177371,-115.69510858146283,-11.595084171039186,39
22498,77.80042850237544,-18.14326288058559,177388,70.166569844569,-14.692630117552799,9
22499,-133.1893720704643,4.457864797059061,177399,-132.1080396739421,5.887059356646324,17
22500,-102.90847956601405,0.35432911568794706,177405,-104.7190727296112,3.8815952186994593,7
22501,-107.068321647953,3.2866395509864246,177409,-104.7190727296112,3.8815952186994593,7
22502,152.00349108326327,-4.057364151813232,177423,135.4076551174278,-1.697351881935795,33
22503,396.62852303322876,-19.119251466622785,177438,417.6915390220547,-4.11857226961515,29
22504,-31.47277281553768,-3.372002889702107,177444,-29.714479793685786,-1.264748112657314,8
22505,272.4811855875548,-64.21412844229161,177458,302.44973475302317,-5.405747081354008,25
22506,-73.00143647142073,3.9082131274501806,177467,-66.8889597803445,2.169628081691683,14
22507,-103.73728062830999,-2.3726389485866033,177475,-109.71624596876933,-1.0040630408538558,16
22508,153.05465220291285,-4.629565170242667,177478,135.4076551174278,-1.697351881935795,33
22509,-148.13610706848505,2.5093646940854923,177479,-146.59606179012786,4.113086925586259,4
22510,-109.91467876089662,-0.6535161427677068,177489,-109.71624596876933,-1.0040630408538558,16
22511,-97.14573223759535,4.114513541555979,177509,-96.6939343764425,2.7165835152131033,15
22512,-120.85635391644291,-2.0934562735232656,177516,-123.94204162798616,-1.5144507595891967,3
22513,5.949921824821764,-7.907895766640292,177535,-6.878718007946434,-1.0926682779646681,10
22514,-62.83736845096094,1.5178643494646367,177536,-66.8889597803445,2.169628081691683,14
22515,-118.09816190300421,3.243470864729004,177548,-118.09857507912784,0.7103841694799473,11
22516,-54.14123206131368,5.76120946278205,177569,-49.93530245157272,-0.19848027172185767,2
22517,589.7065335761436,14.934717261572585,177579,586.0312761189704,-1.722944617346204,30
22518,288.92311426732914,1.5505718305459049,177584,302.44973475302317,-5.405747081354008,25
22519,-52.66124916680733,-2.1691987825129915,177605,-49.93530245157272,-0.19848027172185767,2
22520,-105.04606421933528,2.288041338738406,177614,-104.7190727296112,3.8815952186994593,7
22521,-136.23415700440322,5.370909725747475,177628,-137.57400940459857,4.493303950559668,20
22522,111.80346257950607,11.300268716289198,177633,104.96211155305676,-0.5414592591613776,31
22523,-123.29198379358483,6.365681688672278,177634,-123.80894152337959,5.566802721935252,23
22524,-104.94681833277049,1.1632425038287844,177636,-104.7190727296112,3.8815952186994593,7
22525,-123.38744204194496,8.467545204337362,177638,-123.80894152337959,5.566802721935252,23
22526,-132.2487144388499,5.785939316066179,177649,-132.1080396739421,5.887059356646324,17
22527,-125.30860272378155,7.216889360839041,177650,-123.80894152337959,5.566802721935252,23
22528,-65.92475490456977,0.8038603253172536,177657,-66.8889597803445,2.169628081691683,14
22529,-33.88640288125611,-11.638412658068942,177662,-29.714479793685786,-1.264748112657314,8
22530,-139.15366197386322,3.5588539860651682,177663,-137.57400940459857,4.493303950559668,20
22531,251.01282941413103,-15.26724378334067,177665,227.03647807555316,-5.020718083634986,26
22532,-125.07589777346435,2.6284556271404065,177679,-123.80894152337959,5.566802721935252,23
22533,37.76619786233241,10.877608800894018,177687,47.997068783449585,1.2679199422360634,13
22534,506.8220104622456,-3.6911788208418757,177689,586.0312761189704,-1.722944617346204,30
22535,761.9511270412012,17.61771323250756,177693,861.6475783799328,6.515082937232454,35
22536,-71.91663184467326,1.5668350656493903,177695,-66.8889597803445,2.169628081691683,14
22537,-47.40376924992935,-4.643578695799311,177699,-49.93530245157272,-0.19848027172185767,2
22538,-16.275339977690496,9.85803993916441,177706,-6.878718007946434,-1.0926682779646681,10
22539,54.07240300813331,7.015660160873778,177708,47.997068783449585,1.2679199422360634,13
22540,-97.93141880616,0.9319028535074124,177715,-96.6939343764425,2.7165835152131033,15
22541,238.74895838861843,2.979512201760129,177724,227.03647807555316,-5.020718083634986,26
22542,12.622078266968161,-3.171232176404778,177728,18.937510567705566,1.034768221250525,27
22543,108.96763736675113,10.222291720242444,177736,104.96211155305676,-0.5414592591613776,31
22544,12.837640030677525,-6.362459511991255,177746,18.937510567705566,1.034768221250525,27
22545,-134.1840754471889,4.317969336521418,177750,-132.1080396739421,5.887059356646324,17
22546,-109.11635441168903,3.2538917174967206,177758,-109.71624596876933,-1.0040630408538558,16
22547,-114.74439324841735,-3.4421802169010367,177761,-118.09857507912784,0.7103841694799473,11
22548,-95.09849081359137,-10.594938631723922,177762,-95.36861679384212,-10.95784818293233,28
22549,32.73664692412081,11.456118618813996,177768,18.937510567705566,1.034768221250525,27
22550,-18.431666100447536,-3.541864715015483,177770,-29.714479793685786,-1.264748112657314,8
22551,591.6591760756623,16.018254153158864,177780,586.0312761189704,-1.722944617346204,30
22552,-96.02158465019926,1.9338255946460239,177790,-96.6939343764425,2.7165835152131033,15
22553,-123.31123215081233,-8.981399146742001,177798,-123.94204162798616,-1.5144507595891967,3
22554,-106.01432978024803,2.6209801492068285,177825,-104.7190727296112,3.8815952186994593,7
22555,114.10004440956645,-49.95896469633803,177827,110.19899446847099,-35.665903512662624,21
22556,-109.7568088992392,-16.272191770206266,177829,-115.69510858146283,-11.595084171039186,39
22557,-97.23960914833438,6.707124027048865,177833,-96.6939343764425,2.7165835152131033,15
22558,-75.2071874299421,5.817009150901028,177837,-66.8889597803445,2.169628081691683,14
22559,78.84995804314785,-3.968691561138731,177845,78.01149217232324,3.6022338347977136,6
22560,-99.20494983435174,6.405116993986992,177852,-96.6939343764425,2.7165835152131033,15
22561,-112.28162569314561,-9.437462147623567,177853,-115.69510858146283,-11.595084171039186,39
22562,-114.23335641780668,5.743270872441201,177860,-114.33047638704419,5.73481138949136,19
22563,-5.178505959186193,-7.334203903950309,177863,-6.878718007946434,-1.0926682779646681,10
22564,-109.13212014118687,3.5897028981302648,177906,-104.7190727296112,3.8815952186994593,7
22565,-135.36377178556256,7.765552127083022,177907,-132.1080396739421,5.887059356646324,17
22566,-68.44063052255522,-5.2034854161722315,177923,-66.8889597803445,2.169628081691683,14
22567,-23.81671040573708,-12.48803011745839,177927,-29.714479793685786,-1.264748112657314,8
22568,267.3161167772236,-19.08206629328264,177948,302.44973475302317,-5.405747081354008,25
22569,-86.00904290897873,3.353313536956705,177957,-85.91178621041317,3.2728237667350073,24
22570,-14.696807686062568,1.3060436900005579,177960,-6.878718007946434,-1.0926682779646681,10
22571,-23.07257677132241,-37.86140044552402,177970,-29.714479793685786,-1.264748112657314,8
22572,-44.726726903603584,0.4222434643790408,177984,-49.93530245157272,-0.19848027172185767,2
22573,609.7142483220232,15.63274421692864,177996,586.0312761189704,-1.722944617346204,30
22574,-84.27545803228794,7.686455620781969,177997,-85.91178621041317,3.2728237667350073,24
22575,-107.88303685925608,0.22849400184377064,177999,-109.71624596876933,-1.0040630408538558,16
22576,-89.59659573503961,-2.653811633044178,178026,-85.91178621041317,3.2728237667350073,24
22577,-75.86066691576768,1.3006290948779033,178029,-77.6204452281073,-4.536559244831727,5
22578,-39.75350160976548,1.1078864641829789,178042,-49.93530245157272,-0.19848027172185767,2
22579,-117.83126529721602,-2.6274966855111077,178065,-118.09857507912784,0.7103841694799473,11
22580,59.75305086888938,-3.1908132890904,178075,47.997068783449585,1.2679199422360634,13
22581,79.95886517777802,9.425888089878134,178087,78.01149217232324,3.6022338347977136,6
22582,-95.33477389326923,8.293183760328642,178089,-96.6939343764425,2.7165835152131033,15
22583,412.35428860909707,-0.17542256142525287,178127,417.6915390220547,-4.11857226961515,29
22584,-127.12885580498643,2.727388741874802,178128,-129.1025175244067,1.5488809909733745,1
22585,-73.68661878975342,-2.4836990163183006,178144,-77.6204452281073,-4.536559244831727,5
22586,-36.33869959903689,-4.858388133482871,178150,-29.714479793685786,-1.264748112657314,8
22587,-152.90312411667034,-2.6645361059332284,178159,-148.09620948762597,-1.1157003398540595,36
22588,508.86187448965416,24.92282403610682,178163,586.0312761189704,-1.722944617346204,30
22589,-59.48368990457787,-4.108949005995828,178178,-66.8889597803445,2.169628081691683,14
22590,394.10660216025155,-26.041169392946134,178187,417.6915390220547,-4.11857226961515,29
22591,10.917172598093714,7.122862952383109,178193,18.937510567705566,1.034768221250525,27
22592,67.89893929122137,-5.225264483865531,178201,70.166569844569,-14.692630117552799,9
22593,23.874815770576852,9.302659612763312,178219,18.937510567705566,1.034768221250525,27
22594,-44.92001197018215,3.623730443539605,178222,-49.93530245157272,-0.19848027172185767,2
22595,-37.30596908026999,-6.608993456479853,178228,-29.714479793685786,-1.264748112657314,8
22596,-55.15292617226037,6.0110480883997885,178230,-49.93530245157272,-0.19848027172185767,2
22597,-37.06911180355342,-9.745741067234452,178235,-29.714479793685786,-1.264748112657314,8
22598,-127.78439619772537,-2.2754094535100338,178246,-123.94204162798616,-1.5144507595891967,3
22599,-146.33293792953032,6.855046407038579,178251,-146.59606179012786,4.113086925586259,4
22600,3.9290287792565675,6.755632773485935,178300,-6.878718007946434,-1.0926682779646681,10
22601,-82.83816847539654,0.6909484688545875,178303,-85.91178621041317,3.2728237667350073,24
22602,97.33355368805157,4.06873223511614,178321,104.96211155305676,-0.5414592591613776,31
22603,-139.9620193068732,0.37788268342117565,178335,-141.0346653257256,-1.1036168920026446,0
22604,-143.9496082147759,-1.5040488565474317,178337,-141.0346653257256,-1.1036168920026446,0
22605,-125.03363872223018,2.742093898486242,178338,-123.80894152337959,5.566802721935252,23
22606,-44.934389789051544,3.4523480892378338,178354,-49.93530245157272,-0.19848027172185767,2
22607,-118.0378600230849,0.8797829591638606,178373,-118.09857507912784,0.7103841694799473,11
22608,-79.13425065357144,5.216094453898149,178376,-85.91178621041317,3.2728237667350073,24
22609,-75.3654818185985,-6.452328307949332,178384,-77.6204452281073,-4.536559244831727,5
22610,-88.15025255319239,4.894301136317438,178393,-85.91178621041317,3.2728237667350073,24
22611,-143.34341498965873,7.161517756100338,178400,-142.14616351708418,5.245197398204194,22
22612,-139.8387382770629,-2.3100211281784118,178419,-141.0346653257256,-1.1036168920026446,0
22613,-45.89274316804132,1.4628160881684533,178448,-49.93530245157272,-0.19848027172185767,2
22614,-60.02755907001447,4.19651393574226,178451,-66.8889597803445,2.169628081691683,14
22615,-127.37746992030316,8.158379390062844,178469,-123.80894152337959,5.566802721935252,23
22616,-128.01240767918236,2.219002041931957,178474,-129.1025175244067,1.5488809909733745,1
22617,-99.80887697128654,-0.7452380781850424,178477,-96.6939343764425,2.7165835152131033,15
22618,-112.43474045723757,-6.59763607658601,178485,-115.69510858146283,-11.595084171039186,39
22619,-147.01208681756913,1.3574969115021476,178497,-148.09620948762597,-1.1157003398540595,36
22620,12.079861176026112,4.610968134714582,178518,18.937510567705566,1.034768221250525,27
22621,-91.78554902879341,-1.6312883442827264,178523,-96.6939343764425,2.7165835152131033,15
22622,-138.10352321749653,1.9634787845698252,178530,-137.57400940459857,4.493303950559668,20
22623,-127.20087820642027,4.830480261441526,178549,-123.80894152337959,5.566802721935252,23
22624,-131.9098359228111,-0.10667398957305212,178551,-134.89656831690453,-0.030690791204986433,34
22625,-33.68417989920276,-0.32047047682656477,178557,-29.714479793685786,-1.264748112657314,8
22626,1134.4565779741838,23.065133807220718,178558,1342.5649032771717,32.04824045393157,32
22627,-58.53744306483654,12.83555718182358,178561,-66.8889597803445,2.169628081691683,14
22628,-95.93029520477761,0.4484653437875945,178570,-96.6939343764425,2.7165835152131033,15
22629,376.37990648211326,-1.8631010434492956,178582,417.6915390220547,-4.11857226961515,29
22630,340.7556511276782,6.091085106255768,178584,302.44973475302317,-5.405747081354008,25
22631,-101.15638697041274,4.287363794300058,178587,-104.7190727296112,3.8815952186994593,7
22632,-111.09250207062942,2.706218799685519,178592,-109.71624596876933,-1.0040630408538558,16
22633,-120.11167933164049,2.9792645151402835,178603,-118.09857507912784,0.7103841694799473,11
22634,-85.53338843310273,-4.496118854559261,178614,-85.91178621041317,3.2728237667350073,24
22635,-144.88178239890422,-2.4807000640318186,178619,-148.09620948762597,-1.1157003398540595,36
22636,-99.28414390953645,7.105189601193652,178628,-96.6939343764425,2.7165835152131033,15
22637,-113.1392994672476,4.208790219764532,178645,-114.33047638704419,5.73481138949136,19
22638,-81.88709759011051,0.2375846692426326,178654,-85.91178621041317,3.2728237667350073,24
22639,-87.97163518453704,2.519929672895558,178677,-85.91178621041317,3.2728237667350073,24
22640,-115.28588050116245,-8.881590302531581,178687,-115.69510858146283,-11.595084171039186,39
22641,351.8175226289782,5.436441507261971,178691,302.44973475302317,-5.405747081354008,25
22642,296.48548713181765,-6.032297663580332,178699,302.44973475302317,-5.405747081354008,25
22643,-11.856796780906798,2.7953644118794605,178701,-6.878718007946434,-1.0926682779646681,10
22644,-146.12193838867896,2.76985279450413,178702,-146.59606179012786,4.113086925586259,4
22645,-76.05102044734707,3.427922135420314,178711,-77.6204452281073,-4.536559244831727,5
22646,-147.02446711360776,1.6577166104847554,178718,-146.59606179012786,4.113086925586259,4
22647,467.63653146079776,11.853050420876617,178740,417.6915390220547,-4.11857226961515,29
22648,-84.9532993176008,2.662943826557103,178759,-85.91178621041317,3.2728237667350073,24
22649,-99.72296745127707,-1.603037342058011,178768,-96.6939343764425,2.7165835152131033,15
22650,56.20170374313499,3.693763242395734,178775,47.997068783449585,1.2679199422360634,13
22651,-56.60551128422339,-1.906760951492362,178776,-49.93530245157272,-0.19848027172185767,2
22652,236.53325022409038,-23.322250535128497,178802,227.03647807555316,-5.020718083634986,26
22653,-84.07726153169676,4.382718889914796,178820,-85.91178621041317,3.2728237667350073,24
22654,-29.446215011676383,-47.07027500292527,178838,-29.714479793685786,-1.264748112657314,8
22655,-141.1722945998933,3.4321239672251025,178845,-142.14616351708418,5.245197398204194,22
22656,-117.49991688301454,-5.25373876793517,178854,-118.09857507912784,0.7103841694799473,11
22657,89.6117358790281,-0.6255670763035677,178856,78.01149217232324,3.6022338347977136,6
22658,-58.750286639291495,-0.31414629835040736,178863,-66.8889597803445,2.169628081691683,14
22659,-117.84205735830692,-0.8404706546649895,178868,-118.09857507912784,0.7103841694799473,11
22660,182.00729544978054,-3.1122822227086813,178874,172.66355239880147,-2.7112682595768685,38
22661,-84.92168043414961,1.4653229529629588,178879,-85.91178621041317,3.2728237667350073,24
22662,-38.32303828463056,8.989169960943434,178880,-29.714479793685786,-1.264748112657314,8
22663,-104.99600700715935,0.699592745054877,178883,-104.7190727296112,3.8815952186994593,7
22664,216.1187425948758,-3.9590180038003613,178884,227.03647807555316,-5.020718083634986,26
22665,313.8118584383639,3.8879531838372157,178888,302.44973475302317,-5.405747081354008,25
22666,-78.22847454845235,7.266288017901873,178903,-85.91178621041317,3.2728237667350073,24
22667,-30.896324495009324,3.3597724617738804,178909,-29.714479793685786,-1.264748112657314,8
22668,-138.20993242993612,4.826557285117323,178912,-137.57400940459857,4.493303950559668,20
22669,-60.22171852236775,-8.32296261299499,178920,-66.8889597803445,2.169628081691683,14
22670,-137.23131622398077,4.802179370951619,178937,-137.57400940459857,4.493303950559668,20
22671,-135.28776388032446,6.069179326270038,178941,-137.57400940459857,4.493303950559668,20
22672,74.84987902111075,11.227731322238897,178945,78.01149217232324,3.6022338347977136,6
22673,-14.027983381412001,6.520337676426712,178952,-6.878718007946434,-1.0926682779646681,10
22674,-140.00860425818198,-0.13347932266928178,178965,-141.0346653257256,-1.1036168920026446,0
22675,-133.96085091387255,-1.0526771553215435,178967,-134.89656831690453,-0.030690791204986433,34
22676,1018.7469445783383,-13.67079460706907,178993,861.6475783799328,6.515082937232454,35
22677,-2.694509013654606,1.4557310268445118,179039,-6.878718007946434,-1.0926682779646681,10
22678,-79.11285340006626,5.23727882682063,179053,-85.91178621041317,3.2728237667350073,24
22679,-89.1267869400302,4.856847756627252,179058,-85.91178621041317,3.2728237667350073,24
22680,-85.1126347672649,3.6003079452467404,179060,-85.91178621041317,3.2728237667350073,24
22681,-128.11670308088748,2.437148515790586,179066,-129.1025175244067,1.5488809909733745,1
22682,-105.16454858589003,4.396731975393121,179076,-104.7190727296112,3.8815952186994593,7
22683,595.3599833188263,-8.357708361012927,179084,586.0312761189704,-1.722944617346204,30
22684,16.455989050928192,-1.0047919073099503,179087,18.937510567705566,1.034768221250525,27
22685,-54.54438357355181,-3.215606206148794,179101,-49.93530245157272,-0.19848027172185767,2
22686,-145.63549764176963,-5.8360799288933825,179112,-148.09620948762597,-1.1157003398540595,36
22687,-87.02725306528907,2.7074827984512084,179139,-85.91178621041317,3.2728237667350073,24
22688,-105.06570043795969,3.259468193795435,179140,-104.7190727296112,3.8815952186994593,7
22689,-89.21410730375415,6.776390959750466,179144,-85.91178621041317,3.2728237667350073,24
22690,101.602887791274,0.2883932866390233,179148,104.96211155305676,-0.5414592591613776,31
22691,-116.40286414481866,8.90592616017555,179150,-114.33047638704419,5.73481138949136,19
22692,-110.41970347909766,9.383642273662279,179151,-114.33047638704419,5.73481138949136,19
22693,-18.513348672044792,-3.2810282062792155,179155,-29.714479793685786,-1.264748112657314,8
22694,-124.267604146895,5.830869293748186,179156,-123.80894152337959,5.566802721935252,23
22695,105.28263682823531,4.2862719313644355,179160,104.96211155305676,-0.5414592591613776,31
22696,269.31964326389163,-19.117513051973752,179163,302.44973475302317,-5.405747081354008,25
22697,197.67860017455794,2.2972249386703334,179168,172.66355239880147,-2.7112682595768685,38
22698,-102.4364536020624,9.873928509370744,179183,-104.7190727296112,3.8815952186994593,7
22699,-136.99613585123492,0.6885544239999232,179185,-134.89656831690453,-0.030690791204986433,34
22700,190.69052973544996,16.13074322190956,179207,172.66355239880147,-2.7112682595768685,38
22701,58.12080283612013,4.972729574586502,179210,47.997068783449585,1.2679199422360634,13
22702,-82.0756826772112,2.3109927089084663,179212,-85.91178621041317,3.2728237667350073,24
22703,161.97025300940112,-3.1634714032086664,179214,172.66355239880147,-2.7112682595768685,38
22704,-114.18073436534354,4.585913170454168,179216,-114.33047638704419,5.73481138949136,19
22705,-127.24775560850311,6.349600151310533,179226,-123.80894152337959,5.566802721935252,23
22706,116.86762352174898,-3.7223841588950246,179233,104.96211155305676,-0.5414592591613776,31
22707,-48.21417584670662,6.950022536667118,179238,-49.93530245157272,-0.19848027172185767,2
22708,171.5381798005491,18.11373001046268,179249,172.66355239880147,-2.7112682595768685,38
22709,-63.44549624479624,-4.502544236505155,179263,-66.8889597803445,2.169628081691683,14
22710,-21.605562341334956,-1.8456873189216023,179264,-29.714479793685786,-1.264748112657314,8
22711,151.42603066372308,5.000843519805514,179276,135.4076551174278,-1.697351881935795,33
22712,-81.51350823768337,-4.345255800560365,179296,-77.6204452281073,-4.536559244831727,5
22713,-122.71172753549922,-2.737977736744552,179317,-123.94204162798616,-1.5144507595891967,3
22714,36.04099203361053,-8.361849110949812,179346,47.997068783449585,1.2679199422360634,13
22715,-59.7618772450328,0.4383371149093043,179349,-66.8889597803445,2.169628081691683,14
22716,2.359104879204808,-14.357379100709846,179374,-6.878718007946434,-1.0926682779646681,10
22717,-135.07872317182108,1.4938351069783002,179396,-134.89656831690453,-0.030690791204986433,34
22718,-77.96126173872776,2.9790017187816953,179401,-77.6204452281073,-4.536559244831727,5
22719,-50.11058604683583,6.690575135932197,179402,-49.93530245157272,-0.19848027172185767,2
22720,-151.32400140066053,6.588511127404763,179408,-152.23629829764135,4.213482038439798,37
22721,-68.28422285117388,8.138278544357476,179421,-66.8889597803445,2.169628081691683,14
22722,-23.96953402694557,4.561862640091737,179439,-29.714479793685786,-1.264748112657314,8
22723,-58.992468120899176,3.451056517177503,179442,-66.8889597803445,2.169628081691683,14
22724,70.53094044526632,15.54386238939528,179454,78.01149217232324,3.6022338347977136,6
22725,-128.20289152423712,4.854479330320834,179465,-129.1025175244067,1.5488809909733745,1
22726,-90.23231478396919,7.154329548825571,179473,-85.91178621041317,3.2728237667350073,24
22727,-138.22837692462784,4.715575597302777,179487,-137.57400940459857,4.493303950559668,20
22728,165.2009760914201,8.120577083913998,179488,172.66355239880147,-2.7112682595768685,38
22729,-124.99079373985073,0.7771449287065184,179489,-123.94204162798616,-1.5144507595891967,3
22730,-136.91423346700978,-0.6009945028712211,179494,-134.89656831690453,-0.030690791204986433,34
22731,32.0138433519809,-8.855325559744912,179514,28.39696760572947,-22.91072472808294,12
22732,-125.8741888239011,-1.8289766992870122,179515,-123.94204162798616,-1.5144507595891967,3
22733,594.4506677613127,-24.06383962318847,179516,586.0312761189704,-1.722944617346204,30
22734,-39.82755376631953,1.1933489657677276,179520,-49.93530245157272,-0.19848027172185767,2
22735,-97.79167450592297,-1.0957856352647364,179522,-96.6939343764425,2.7165835152131033,15
22736,-33.083636187804196,-9.354277143743403,179545,-29.714479793685786,-1.264748112657314,8
22737,-92.88759224299324,0.058341968384243006,179546,-96.6939343764425,2.7165835152131033,15
22738,-146.19680656584816,4.9118852648130815,179547,-146.59606179012786,4.113086925586259,4
22739,699.2776014404724,-32.214027165847,179548,586.0312761189704,-1.722944617346204,30
22740,-117.72615860908428,-1.3132566432350739,179551,-118.09857507912784,0.7103841694799473,11
22741,-136.81364891436607,-0.7505919623184457,179552,-134.89656831690453,-0.030690791204986433,34
22742,-114.05330755959231,1.291627004767807,179557,-118.09857507912784,0.7103841694799473,11
22743,-44.164306781757325,6.952933543556708,179586,-49.93530245157272,-0.19848027172185767,2
22744,-54.46676498989755,-5.4338748571561215,179589,-49.93530245157272,-0.19848027172185767,2
22745,-121.40071868255626,-8.010465924793563,179600,-115.69510858146283,-11.595084171039186,39
22746,-44.702799167038926,-0.08025217198261227,179618,-49.93530245157272,-0.19848027172185767,2
22747,-117.70964054433615,-2.7017238881528973,179633,-118.09857507912784,0.7103841694799473,11
22748,441.227192895858,2.585171202343764,179640,417.6915390220547,-4.11857226961515,29
22749,-153.1819666166108,3.4356730153459574,179643,-152.23629829764135,4.213482038439798,37
22750,-115.3649338657508,-7.146010306495594,179644,-115.69510858146283,-11.595084171039186,39
22751,-119.39709786503929,8.734202869015304,179654,-123.80894152337959,5.566802721935252,23
22752,-135.2926573456725,6.687645228140782,179657,-137.57400940459857,4.493303950559668,20
22753,1173.790375890448,47.9148940918583,179678,1342.5649032771717,32.04824045393157,32
22754,27.041661881585032,-8.527437216158633,179679,18.937510567705566,1.034768221250525,27
22755,-32.94857538192891,3.955190612710276,179691,-29.714479793685786,-1.264748112657314,8
22756,-65.08932509013107,4.456322780259757,179694,-66.8889597803445,2.169628081691683,14
22757,-108.94447703910363,1.0578366194380182,179701,-109.71624596876933,-1.0040630408538558,16
22758,-110.81558238362946,-1.3121728117963898,179717,-109.71624596876933,-1.0040630408538558,16
22759,-133.0539563957859,2.5310013946428698,179719,-134.89656831690453,-0.030690791204986433,34
22760,-56.16534439656174,6.76040107148517,179738,-49.93530245157272,-0.19848027172185767,2
22761,35.09220232648837,-8.986017557990285,179739,28.39696760572947,-22.91072472808294,12
22762,27.832718092709985,-5.991197599480659,179741,18.937510567705566,1.034768221250525,27
22763,-9.90022691265199,3.7966007365568335,179742,-6.878718007946434,-1.0926682779646681,10
22764,382.21339452028144,-42.29021139566178,179752,417.6915390220547,-4.11857226961515,29
22765,-141.80163410993637,-2.638328085997385,179755,-141.0346653257256,-1.1036168920026446,0
22766,-92.90427629311775,-13.27131323538229,179765,-95.36861679384212,-10.95784818293233,28
22767,-95.97884659742516,0.9807477062990807,179766,-96.6939343764425,2.7165835152131033,15
22768,-103.0750319561686,2.9858232260466844,179767,-104.7190727296112,3.8815952186994593,7
22769,-87.06561525061308,4.081855609062956,179768,-85.91178621041317,3.2728237667350073,24
22770,43.50432538883301,-1.0845571677228207,179775,47.997068783449585,1.2679199422360634,13
22771,-104.17175830465486,4.576255736240925,179780,-104.7190727296112,3.8815952186994593,7
22772,138.50740653101536,-11.728718891851367,179790,135.4076551174278,-1.697351881935795,33
22773,-133.3656562460199,7.817895219756385,179822,-132.1080396739421,5.887059356646324,17
22774,-113.09776505413137,3.3102551264775553,179830,-114.33047638704419,5.73481138949136,19
22775,62.398449019898486,1.5389507884252018,179833,47.997068783449585,1.2679199422360634,13
22776,-77.88300011583053,0.727671370087967,179834,-77.6204452281073,-4.536559244831727,5
22777,-41.88704847369408,2.966741807051138,179852,-49.93530245157272,-0.19848027172185767,2
22778,-89.0674517446804,2.5325162958282803,179865,-85.91178621041317,3.2728237667350073,24
22779,-55.97688742918324,3.6615609949460977,179870,-49.93530245157272,-0.19848027172185767,2
22780,-38.26705286943108,9.287081230682695,179873,-29.714479793685786,-1.264748112657314,8
22781,-7.581528579231335,-1.0963672481359876,179881,-6.878718007946434,-1.0926682779646681,10
22782,-39.536089106750175,-2.12693609967748,179908,-29.714479793685786,-1.264748112657314,8
22783,17.01870625167675,6.026636973796081,179916,18.937510567705566,1.034768221250525,27
22784,643.6165455544912,-39.031195695165884,179917,586.0312761189704,-1.722944617346204,30
22785,447.5501570488473,-1.825101839077288,179923,417.6915390220547,-4.11857226961515,29
22786,-0.42307650864851987,-18.163184368339273,179927,-6.878718007946434,-1.0926682779646681,10
22787,-124.44689076872106,-6.034299291852852,179928,-123.94204162798616,-1.5144507595891967,3
22788,-111.97923739717233,2.2745303565163852,179932,-109.71624596876933,-1.0040630408538558,16
22789,-123.07642451788588,3.7058679753798205,179934,-123.80894152337959,5.566802721935252,23
22790,-71.15981110382006,6.377656927837108,179940,-66.8889597803445,2.169628081691683,14
22791,-89.8085006239435,0.4449573213780323,179943,-85.91178621041317,3.2728237667350073,24
22792,-55.33777361865194,-7.246714494814766,179945,-49.93530245157272,-0.19848027172185767,2
22793,-137.14384107385845,3.900502379947163,179946,-137.57400940459857,4.493303950559668,20
22794,-127.10608075979684,3.249292957801309,179956,-129.1025175244067,1.5488809909733745,1
22795,-138.12113985621522,2.3599646526481592,179959,-137.57400940459857,4.493303950559668,20
22796,-130.07710715307695,1.536259911153663,179993,-129.1025175244067,1.5488809909733745,1
22797,225.68246512558898,18.430546885675394,179996,227.03647807555316,-5.020718083634986,26
22798,-127.9825593950626,0.5400719429781964,179999,-129.1025175244067,1.5488809909733745,1
22799,239.73507825981832,2.7837976455493205,180003,227.03647807555316,-5.020718083634986,26
22800,-134.36274582408342,7.725458886964876,180008,-132.1080396739421,5.887059356646324,17
22801,-113.22130710358631,4.9828739604754535,180016,-114.33047638704419,5.73481138949136,19
22802,300.8163569132355,-10.63560686428882,180022,302.44973475302317,-5.405747081354008,25
22803,-133.6135945771923,-3.5593983220843968,180028,-134.89656831690453,-0.030690791204986433,34
22804,2.5040946845514354,-16.507186475706202,180045,-6.878718007946434,-1.0926682779646681,10
22805,-67.28567912581113,8.173863675499158,180049,-66.8889597803445,2.169628081691683,14
22806,-119.18452499172282,5.114293421921129,180070,-118.09857507912784,0.7103841694799473,11
22807,-125.79629955478583,-2.9962195375938383,180073,-123.94204162798616,-1.5144507595891967,3
22808,171.71832340403753,0.9882098596875744,180077,172.66355239880147,-2.7112682595768685,38
22809,-128.35056924139008,7.565216393749576,180080,-132.1080396739421,5.887059356646324,17
22810,-121.84089710504273,-1.9556772181250712,180088,-123.94204162798616,-1.5144507595891967,3
22811,-136.90539140553958,-1.8307623181446273,180095,-134.89656831690453,-0.030690791204986433,34
22812,-38.66201584392684,-0.8904754605089269,180102,-29.714479793685786,-1.264748112657314,8
22813,-35.7190083307702,0.925504547711205,180109,-29.714479793685786,-1.264748112657314,8
22814,-85.70605000443065,-2.2415180687019154,180127,-85.91178621041317,3.2728237667350073,24
22815,-130.99585201897807,-0.25047463389563995,180145,-129.1025175244067,1.5488809909733745,1
22816,47.01410730727125,6.095453580848627,180159,47.997068783449585,1.2679199422360634,13
22817,-105.57904214815416,-3.3313046221138305,180162,-109.71624596876933,-1.0040630408538558,16
22818,-66.52160629752889,12.359749733839008,180163,-66.8889597803445,2.169628081691683,14
22819,-136.35787016654675,7.581179190029028,180168,-137.57400940459857,4.493303950559668,20
22820,114.57697139679003,-13.66358608613653,180181,104.96211155305676,-0.5414592591613776,31
22821,-104.4398152052962,-6.3443483523504955,180208,-109.71624596876933,-1.0040630408538558,16
22822,-148.9968880964827,2.026995092724928,180216,-146.59606179012786,4.113086925586259,4
22823,179.55253262111114,3.2123076622724893,180217,172.66355239880147,-2.7112682595768685,38
22824,113.93579478900355,-4.757548152600804,180220,104.96211155305676,-0.5414592591613776,31
22825,40.03680875043531,7.045725142373133,180224,47.997068783449585,1.2679199422360634,13
22826,232.65589733490066,3.893398617439575,180236,227.03647807555316,-5.020718083634986,26
22827,-100.26395570607409,6.127629415239762,180245,-96.6939343764425,2.7165835152131033,15
22828,-85.84655577190664,-0.7063434633539684,180250,-85.91178621041317,3.2728237667350073,24
22829,229.49979159417248,-8.491373493076425,180273,227.03647807555316,-5.020718083634986,26
22830,-136.05861556485976,1.5490630599584754,180277,-134.89656831690453,-0.030690791204986433,34
22831,-135.29413793502664,6.725636450048352,180286,-137.57400940459857,4.493303950559668,20
22832,397.41854015281314,-1.8314595306768862,180289,417.6915390220547,-4.11857226961515,29
22833,19.236889317554894,-12.418866957044168,180290,18.937510567705566,1.034768221250525,27
22834,-94.53936495338584,-3.9965368825467906,180291,-95.36861679384212,-10.95784818293233,28
22835,-133.26385829802925,6.098180436055921,180295,-132.1080396739421,5.887059356646324,17
22836,-15.34216469562443,-4.437917844332832,180296,-6.878718007946434,-1.0926682779646681,10
22837,177.66141699871147,1.315324999940879,180300,172.66355239880147,-2.7112682595768685,38
22838,76.03609883177795,7.664299372992239,180322,78.01149217232324,3.6022338347977136,6
22839,-140.34533468499058,7.227727309859119,180323,-142.14616351708418,5.245197398204194,22
22840,-121.15477790974444,3.927625871576063,180331,-123.80894152337959,5.566802721935252,23
22841,10.177973842957668,2.9303615536917538,180339,18.937510567705566,1.034768221250525,27
22842,-143.1319176050556,3.553594197601153,180349,-142.14616351708418,5.245197398204194,22
22843,-140.34947554090192,7.343333237031857,180366,-142.14616351708418,5.245197398204194,22
22844,-94.2347378174147,6.622177307415473,180384,-96.6939343764425,2.7165835152131033,15
22845,-108.12823867362702,3.5327562476195156,180392,-104.7190727296112,3.8815952186994593,7
22846,-138.16390379702037,3.2962091648578484,180399,-137.57400940459857,4.493303950559668,20
22847,-61.92477197882915,2.442245785867403,180404,-66.8889597803445,2.169628081691683,14
22848,-90.19553482973659,6.356802968433929,180419,-85.91178621041317,3.2728237667350073,24
22849,-149.3292365197342,6.747430520430158,180428,-146.59606179012786,4.113086925586259,4
22850,322.1576545980506,-15.188294808557547,180430,302.44973475302317,-5.405747081354008,25
22851,-148.09321607360764,3.13337399055213,180449,-146.59606179012786,4.113086925586259,4
22852,67.64354853259336,-16.416189023400275,180472,70.166569844569,-14.692630117552799,9
22853,-70.46801178282276,-4.646157392666187,180489,-77.6204452281073,-4.536559244831727,5
22854,-43.98856254120104,3.608878866088211,180493,-49.93530245157272,-0.19848027172185767,2
22855,-106.97556617234703,1.768924424934123,180500,-104.7190727296112,3.8815952186994593,7
22856,-82.13327259031836,4.622831213775809,180504,-85.91178621041317,3.2728237667350073,24
22857,-129.775243045417,-2.515463796825483,180505,-129.1025175244067,1.5488809909733745,1
22858,-144.33892435903832,7.044554942711944,180511,-142.14616351708418,5.245197398204194,22
22859,-132.19299356934624,4.554877083068096,180514,-132.1080396739421,5.887059356646324,17
22860,256.595687907068,-9.107815140875424,180515,227.03647807555316,-5.020718083634986,26
22861,98.49255217440931,1.1227107755268053,180518,104.96211155305676,-0.5414592591613776,31
22862,-66.89139155410713,1.6071318592935366,180527,-66.8889597803445,2.169628081691683,14
22863,-148.0184333578026,0.4749990703127112,180535,-148.09620948762597,-1.1157003398540595,36
22864,-122.10328798959134,2.7668014221502326,180550,-123.80894152337959,5.566802721935252,23
22865,363.001661305139,-54.244002099015326,180551,417.6915390220547,-4.11857226961515,29
22866,7.775961135117619,-5.593775744143335,180559,18.937510567705566,1.034768221250525,27
22867,96.881569195405,-3.8545827100292738,180575,104.96211155305676,-0.5414592591613776,31
22868,58.272400478095655,4.242612540659548,180578,47.997068783449585,1.2679199422360634,13
22869,-116.80336441053551,-1.1460307361832065,180581,-118.09857507912784,0.7103841694799473,11
22870,46.28042033853335,2.30733517188306,180582,47.997068783449585,1.2679199422360634,13
22871,-64.29254490970546,7.902894507969847,180600,-66.8889597803445,2.169628081691683,14
22872,-92.5571142908117,-5.111823888107508,180604,-95.36861679384212,-10.95784818293233,28
22873,596.6131658435392,2.3797132428886316,180616,586.0312761189704,-1.722944617346204,30
22874,-149.080597603835,1.7829699189996917,180617,-148.09620948762597,-1.1157003398540595,36
22875,156.59642886636624,-12.348460821077124,180619,172.66355239880147,-2.7112682595768685,38
22876,-106.29106138169142,7.66697368257928,180643,-104.7190727296112,3.8815952186994593,7
22877,-65.78405870864846,-0.20284781174779618,180645,-66.8889597803445,2.169628081691683,14
22878,-125.21289287750922,5.111944157993752,180647,-123.80894152337959,5.566802721935252,23
22879,-129.29538168187088,-9.42689612101513,180656,-130.75996572568545,-6.6137591708523855,18
22880,-92.8013928585998,-0.792292477947175,180657,-96.6939343764425,2.7165835152131033,15
22881,-123.00107397280406,2.564384535420263,180663,-123.80894152337959,5.566802721935252,23
22882,-145.32892185278348,6.776758050411791,180685,-146.59606179012786,4.113086925586259,4
22883,-108.8165968060047,-0.7141911072398771,180688,-109.71624596876933,-1.0040630408538558,16
22884,-119.31444254367881,7.431838700020693,180694,-123.80894152337959,5.566802721935252,23
22885,202.87094023752962,-0.2844541670543875,180703,227.03647807555316,-5.020718083634986,26
22886,-95.67578823829444,-2.061903277430652,180704,-96.6939343764425,2.7165835152131033,15
22887,85.64281888475989,-1.3711364678120848,180716,78.01149217232324,3.6022338347977136,6
22888,81.13706676022689,-8.18072482604169,180728,78.01149217232324,3.6022338347977136,6
22889,1041.2482698458853,37.187602095796485,180737,861.6475783799328,6.515082937232454,35
22890,160.2751683452897,-7.797872742153499,180738,172.66355239880147,-2.7112682595768685,38
22891,-89.9010173428579,1.433031316332577,180741,-85.91178621041317,3.2728237667350073,24
22892,77.77324487021852,10.371434646148549,180756,78.01149217232324,3.6022338347977136,6
22893,-99.04539125358266,2.397397474246291,180775,-96.6939343764425,2.7165835152131033,15
22894,632.708802956243,16.640866669764126,180788,586.0312761189704,-1.722944617346204,30
22895,111.47287925137147,-26.663816697847942,180810,110.19899446847099,-35.665903512662624,21
22896,-135.2278959629908,4.780386397234669,180814,-137.57400940459857,4.493303950559668,20
22897,35.50299006218526,-15.922310748367924,180829,28.39696760572947,-22.91072472808294,12
22898,-126.95908982510433,-1.007257887711591,180836,-123.94204162798616,-1.5144507595891967,3
22899,33.01636583055011,7.372314648673095,180837,18.937510567705566,1.034768221250525,27
22900,-131.26710812917554,5.677774042158091,180848,-132.1080396739421,5.887059356646324,17
22901,-105.36582263211596,8.813743037081794,180857,-104.7190727296112,3.8815952186994593,7
22902,-45.27381887813462,8.299063935481678,180868,-49.93530245157272,-0.19848027172185767,2
22903,-114.34897137332035,7.764781310625011,180870,-114.33047638704419,5.73481138949136,19
22904,-52.08377663419902,5.066728633044021,180874,-49.93530245157272,-0.19848027172185767,2
22905,-116.20389777357963,5.0663568128704775,180890,-114.33047638704419,5.73481138949136,19
22906,-98.26649355767077,6.247127288675527,180895,-96.6939343764425,2.7165835152131033,15
22907,-132.18908762321456,3.9774896363458287,180897,-132.1080396739421,5.887059356646324,17
22908,-113.76604745819478,-1.4034217493702512,180906,-109.71624596876933,-1.0040630408538558,16
22909,-86.32997412599468,8.331924962428525,180911,-85.91178621041317,3.2728237667350073,24
22910,69.29913209527912,2.798974806062406,180913,78.01149217232324,3.6022338347977136,6
22911,-65.09953694262123,3.6425192735093046,180917,-66.8889597803445,2.169628081691683,14
22912,-120.21407317011027,5.725379604492527,180923,-123.80894152337959,5.566802721935252,23
22913,-135.36137086893467,7.679115371261547,180927,-132.1080396739421,5.887059356646324,17
22914,-67.509300353918,-3.1832578859759257,180928,-66.8889597803445,2.169628081691683,14
22915,-128.98528026413146,0.0581969686793946,180929,-129.1025175244067,1.5488809909733745,1
22916,-112.69930880678604,-2.8600611638729774,180932,-109.71624596876933,-1.0040630408538558,16
22917,-113.87036068962067,-0.17151673778316065,180947,-109.71624596876933,-1.0040630408538558,16
22918,-119.12903108110169,4.891937250399592,180953,-118.09857507912784,0.7103841694799473,11
22919,-93.9121623488812,-13.638781165248345,180955,-95.36861679384212,-10.95784818293233,28
22920,-44.57341142899848,-2.9186553346740296,180958,-49.93530245157272,-0.19848027172185767,2
22921,-108.83752620273545,-1.80845683423709,180965,-109.71624596876933,-1.0040630408538558,16
22922,117.75389193801372,13.515418575113085,180967,104.96211155305676,-0.5414592591613776,31
22923,5.052428190399223,4.050087137692287,180968,-6.878718007946434,-1.0926682779646681,10
22924,-57.84086347756404,1.1699401636314337,180977,-49.93530245157272,-0.19848027172185767,2
22925,-105.13126836757216,4.693735627632989,180978,-104.7190727296112,3.8815952186994593,7
22926,-42.38948817280577,-5.373879306051895,180980,-49.93530245157272,-0.19848027172185767,2
22927,212.98010839930515,-1.9910206070251562,180986,227.03647807555316,-5.020718083634986,26
22928,709.1121234338723,-1.0052833187412027,180988,586.0312761189704,-1.722944617346204,30
22929,-114.03895378336951,2.504867405259049,180997,-114.33047638704419,5.73481138949136,19
22930,23.4684810571666,-0.12961530291466467,181000,18.937510567705566,1.034768221250525,27
22931,-114.51963206963669,-5.283246788678281,181002,-115.69510858146283,-11.595084171039186,39
22932,-128.12514478219165,2.642784216771145,181021,-129.1025175244067,1.5488809909733745,1
22933,-135.88616028833707,-1.729746573095482,181027,-134.89656831690453,-0.030690791204986433,34
22934,-129.17691391763,5.2865770383973745,181032,-132.1080396739421,5.887059356646324,17
22935,-138.02044381351382,0.6884692280630877,181060,-134.89656831690453,-0.030690791204986433,34
22936,-141.93254509059136,-1.8263124283857297,181074,-141.0346653257256,-1.1036168920026446,0
22937,-144.29239130877127,6.017092788596548,181088,-142.14616351708418,5.245197398204194,22
22938,26.26797238405356,2.258708201565197,181091,18.937510567705566,1.034768221250525,27
22939,-143.8248172699621,-1.6567178104061606,181096,-141.0346653257256,-1.1036168920026446,0
22940,-133.70031980599504,-3.703577781231958,181098,-134.89656831690453,-0.030690791204986433,34
22941,-109.667574457237,-2.471250336730878,181119,-109.71624596876933,-1.0040630408538558,16
22942,-147.92129808900657,-2.167679708213161,181125,-148.09620948762597,-1.1157003398540595,36
22943,130.17189910197675,-21.812382524208477,181130,135.4076551174278,-1.697351881935795,33
22944,-153.17375517992272,3.772212092040566,181144,-152.23629829764135,4.213482038439798,37
22945,14.664013191865976,-3.537705334190302,181146,18.937510567705566,1.034768221250525,27
22946,-66.25440921216932,7.524224979180738,181152,-66.8889597803445,2.169628081691683,14
22947,140.25455993552234,-22.42036298789067,181153,135.4076551174278,-1.697351881935795,33
22948,-63.54281836921126,-3.4097958804343116,181166,-66.8889597803445,2.169628081691683,14
22949,-115.05201191691056,3.2927924054139144,181173,-114.33047638704419,5.73481138949136,19
22950,-113.09470071000385,3.2434541320858736,181182,-114.33047638704419,5.73481138949136,19
22951,-63.6558205628201,-1.9573765359145288,181185,-66.8889597803445,2.169628081691683,14
22952,-43.89316731703723,2.045177852740798,181203,-49.93530245157272,-0.19848027172185767,2
22953,84.19505905892625,-23.601073341789306,181204,70.166569844569,-14.692630117552799,9
22954,-85.70631844402999,-2.2584776316777373,181206,-85.91178621041317,3.2728237667350073,24
22955,256.211291593973,11.483240581824687,181207,227.03647807555316,-5.020718083634986,26
22956,1159.683181269766,49.51392577367822,181209,1342.5649032771717,32.04824045393157,32
22957,-43.00970527668402,3.577788920556375,181213,-49.93530245157272,-0.19848027172185767,2
22958,109.7456469339671,-2.1951021057020803,181225,104.96211155305676,-0.5414592591613776,31
22959,-113.09097146436947,3.1461849452319104,181228,-114.33047638704419,5.73481138949136,19
22960,-150.14102041463923,3.6260765695692054,181236,-152.23629829764135,4.213482038439798,37
22961,-6.4132478233828545,-3.227580016335604,181237,-6.878718007946434,-1.0926682779646681,10
22962,-79.90077557902063,1.6098362538573459,181256,-85.91178621041317,3.2728237667350073,24
22963,-17.303167596732724,9.935028212515094,181264,-6.878718007946434,-1.0926682779646681,10
22964,-96.19964657369898,5.319217908632849,181276,-96.6939343764425,2.7165835152131033,15
22965,1361.3339675740565,32.64674422924197,181278,1342.5649032771717,32.04824045393157,32
22966,-82.00519185665705,2.834488064635745,181289,-85.91178621041317,3.2728237667350073,24
22967,-109.87759790268791,-0.44348009955487283,181295,-109.71624596876933,-1.0040630408538558,16
22968,-65.06685948822646,-11.280460111333083,181304,-66.8889597803445,2.169628081691683,14
22969,-148.17720930425972,3.4275676885337756,181306,-146.59606179012786,4.113086925586259,4
22970,38.14676704307093,-9.616931912557483,181310,47.997068783449585,1.2679199422360634,13
22971,-146.15852895685137,3.0418297956332188,181311,-146.59606179012786,4.113086925586259,4
22972,133.39208971085736,4.415449732200234,181322,135.4076551174278,-1.697351881935795,33
22973,-107.01656843625759,1.1282852482303458,181326,-109.71624596876933,-1.0040630408538558,16
22974,1080.1610570667285,39.764477816046416,181340,861.6475783799328,6.515082937232454,35
22975,-50.23358103301161,-8.407403532133722,181348,-49.93530245157272,-0.19848027172185767,2
22976,-117.05715195815907,1.3140448016439663,181351,-118.09857507912784,0.7103841694799473,11
22977,-63.18731224228054,6.616678604523881,181363,-66.8889597803445,2.169628081691683,14
22978,124.46288979785697,2.720327602292209,181376,135.4076551174278,-1.697351881935795,33
22979,-47.75247830040333,0.43218128712097026,181380,-49.93530245157272,-0.19848027172185767,2
22980,-17.58669187660538,-30.099768295630383,181386,-6.878718007946434,-1.0926682779646681,10
22981,-126.33135058031506,-23.313260824186973,181387,-115.69510858146283,-11.595084171039186,39
22982,-134.19966309096978,4.172563817355119,181399,-132.1080396739421,5.887059356646324,17
22983,-98.43173821968638,9.839227622406051,181402,-96.6939343764425,2.7165835152131033,15
22984,242.4495129136799,-7.691746775075709,181405,227.03647807555316,-5.020718083634986,26
22985,-103.83934075554761,0.3770602685673721,181410,-104.7190727296112,3.8815952186994593,7
22986,-82.63248365052827,-2.7771899936940785,181414,-77.6204452281073,-4.536559244831727,5
22987,21.059804319961838,6.210973588879193,181418,18.937510567705566,1.034768221250525,27
22988,32.55985871000228,-1.989288229967364,181420,18.937510567705566,1.034768221250525,27
22989,36.50243170058392,-0.14774521524111311,181426,47.997068783449585,1.2679199422360634,13
22990,90.78456467002042,-2.8488098873488763,181437,78.01149217232324,3.6022338347977136,6
22991,-147.25426681136375,5.135318586447932,181438,-146.59606179012786,4.113086925586259,4
22992,-8.019624970540566,-8.798893658906888,181440,-6.878718007946434,-1.0926682779646681,10
22993,-124.78483168835021,-3.2382720630385395,181445,-123.94204162798616,-1.5144507595891967,3
22994,73.94586360271636,-5.628879209019842,181449,70.166569844569,-14.692630117552799,9
22995,-65.85515571389698,0.3180754215961432,181450,-66.8889597803445,2.169628081691683,14
22996,18.516493796093677,-1.2774973575927717,181453,18.937510567705566,1.034768221250525,27
22997,-135.80675295437712,-2.9298129137888695,181459,-134.89656831690453,-0.030690791204986433,34
22998,-141.34558258891846,7.235522553575474,181462,-142.14616351708418,5.245197398204194,22
22999,27.074123712668737,6.002169354336423,181463,18.937510567705566,1.034768221250525,27
23000,33.54803966538825,-15.922846517423997,181467,28.39696760572947,-22.91072472808294,12
23001,-123.84065334260069,-1.4660256365263324,181473,-123.94204162798616,-1.5144507595891967,3
23002,-17.495430001046728,-31.58351713011047,181498,-6.878718007946434,-1.0926682779646681,10
23003,-119.25420468308354,6.613206627182457,181510,-123.80894152337959,5.566802721935252,23
23004,-116.32961086704518,7.296235878127129,181512,-114.33047638704419,5.73481138949136,19
23005,-134.84979575066325,-0.9308754888286619,181515,-134.89656831690453,-0.030690791204986433,34
23006,-56.96166812871196,3.8331501089806586,181517,-49.93530245157272,-0.19848027172185767,2
23007,-108.86561886910881,0.34287434029252856,181525,-109.71624596876933,-1.0040630408538558,16
23008,-85.95889503404939,0.7229732888076081,181529,-85.91178621041317,3.2728237667350073,24
23009,16.82273614215537,9.795364518885457,181531,18.937510567705566,1.034768221250525,27
23010,44.37502982132709,0.7062650928691423,181535,47.997068783449585,1.2679199422360634,13
23011,-35.37961974174325,-4.964565131680812,181552,-29.714479793685786,-1.264748112657314,8
23012,-88.08024760505538,3.3578890703123565,181557,-85.91178621041317,3.2728237667350073,24
23013,1.2096465867762685,-12.64234616092694,181563,-6.878718007946434,-1.0926682779646681,10
23014,-47.237563190810086,-7.2494557856316755,181567,-49.93530245157272,-0.19848027172185767,2
23015,2.0071442817671232,6.026135452413764,181587,-6.878718007946434,-1.0926682779646681,10
23016,-122.68588238893385,-4.344029752636689,181591,-123.94204162798616,-1.5144507595891967,3
23017,244.17276198607993,-3.1338310272572745,181600,227.03647807555316,-5.020718083634986,26
23018,-120.8639349087806,-0.412876025978053,181618,-118.09857507912784,0.7103841694799473,11
23019,-136.21579308355132,5.003893632764937,181636,-137.57400940459857,4.493303950559668,20
23020,124.05778708241996,8.508521006414348,181646,135.4076551174278,-1.697351881935795,33
23021,-139.14298082357658,3.870790643040014,181657,-137.57400940459857,4.493303950559668,20
23022,-129.28523876591808,6.101870309143677,181662,-132.1080396739421,5.887059356646324,17
23023,-112.41924037617312,-7.95791347090759,181664,-115.69510858146283,-11.595084171039186,39
23024,11.640293631452076,-3.0610622826513403,181676,18.937510567705566,1.034768221250525,27
23025,-114.11310569961005,3.627924570919626,181679,-114.33047638704419,5.73481138949136,19
23026,414.1324917374066,3.1757106381869105,181680,417.6915390220547,-4.11857226961515,29
23027,85.96939428789622,9.295991822336173,181681,78.01149217232324,3.6022338347977136,6
23028,130.39778193283735,-10.492612258404495,181693,135.4076551174278,-1.697351881935795,33
23029,-87.03618335731502,2.9205226265123496,181705,-85.91178621041317,3.2728237667350073,24
23030,-129.70581250090677,-3.521284173357415,181708,-130.75996572568545,-6.6137591708523855,18
23031,-135.22939990524992,4.819935807756644,181715,-137.57400940459857,4.493303950559668,20
23032,7.601160299863463,-2.7923766596295954,181717,18.937510567705566,1.034768221250525,27
23033,-43.27100405890757,8.802428776003344,181754,-49.93530245157272,-0.19848027172185767,2
23034,-88.79140353667209,-0.43287109596913853,181763,-85.91178621041317,3.2728237667350073,24
23035,-86.30460067911491,7.789405545781635,181768,-85.91178621041317,3.2728237667350073,24
23036,133.90732684300335,11.45724331440242,181788,135.4076551174278,-1.697351881935795,33
23037,-122.18874934088524,4.119492358331546,181794,-123.80894152337959,5.566802721935252,23
23038,-99.22982891620742,5.911232556451146,181802,-96.6939343764425,2.7165835152131033,15
23039,267.39247690570716,8.705297119621886,181819,302.44973475302317,-5.405747081354008,25
23040,-101.99177578998787,2.1903209051825843,181821,-104.7190727296112,3.8815952186994593,7
23041,-135.16094752759753,4.824564035228278,181843,-137.57400940459857,4.493303950559668,20
23042,-18.728119760009903,-0.12916603992231898,181846,-29.714479793685786,-1.264748112657314,8
23043,-24.40362771215488,-3.7464832439236866,181847,-29.714479793685786,-1.264748112657314,8
23044,9.375100049362468,0.1385223533671483,181884,18.937510567705566,1.034768221250525,27
23045,-77.01790836693375,3.1898164612341966,181892,-77.6204452281073,-4.536559244831727,5
23046,772.1008772231262,1.3189393306789237,181894,861.6475783799328,6.515082937232454,35
23047,-3.7616130051309997,0.8593372434648674,181913,-6.878718007946434,-1.0926682779646681,10
23048,168.55735496285052,2.9145384752823245,181915,172.66355239880147,-2.7112682595768685,38
23049,-17.89513206001976,3.0311753979263427,181939,-6.878718007946434,-1.0926682779646681,10
23050,12.311677262969832,1.5714766072357784,181965,18.937510567705566,1.034768221250525,27
23051,20.377653605949558,1.296194682387494,181966,18.937510567705566,1.034768221250525,27
23052,1299.1025597254622,5.163832458859656,181970,1342.5649032771717,32.04824045393157,32
23053,-135.33554094759563,7.131350757619222,181971,-132.1080396739421,5.887059356646324,17
23054,103.19982590863717,6.583970994355694,181972,104.96211155305676,-0.5414592591613776,31
23055,-136.2401033272361,5.521692892174504,181989,-137.57400940459857,4.493303950559668,20
23056,-58.52821237264686,-3.126387143291792,181994,-49.93530245157272,-0.19848027172185767,2
23057,-71.25385433018018,7.435287909578589,182003,-66.8889597803445,2.169628081691683,14
23058,-143.61897041294623,-4.6281521742037555,182004,-141.0346653257256,-1.1036168920026446,0
23059,-76.3858789920744,-6.028431132874785,182009,-77.6204452281073,-4.536559244831727,5
23060,207.3276153278957,7.5833570418783935,182022,227.03647807555316,-5.020718083634986,26
23061,-115.91108604751155,-1.3376096518189904,182030,-118.09857507912784,0.7103841694799473,11
23062,-141.14098580972347,2.7591720858631223,182032,-142.14616351708418,5.245197398204194,22
23063,-89.88837347912751,0.1507116943551407,182036,-85.91178621041317,3.2728237667350073,24
23064,-138.01907121159448,1.6799356040380498,182042,-137.57400940459857,4.493303950559668,20
23065,-116.12283906154894,3.275663767106829,182064,-114.33047638704419,5.73481138949136,19
23066,-97.27750137724396,7.511876676699975,182088,-96.6939343764425,2.7165835152131033,15
23067,-148.28219446604942,5.721039997679349,182089,-146.59606179012786,4.113086925586259,4
23068,-143.93498151845412,0.7635576510803183,182091,-141.0346653257256,-1.1036168920026446,0
23069,-127.05393343544064,2.6101160742434804,182105,-129.1025175244067,1.5488809909733745,1
23070,-54.26325744544816,-7.310577016733105,182109,-49.93530245157272,-0.19848027172185767,2
23071,-20.835732561952813,3.2095037327343325,182111,-29.714479793685786,-1.264748112657314,8
23072,12.189247745928032,3.2328326447293496,182113,18.937510567705566,1.034768221250525,27
23073,166.63676804935506,-41.4871415650992,182117,172.66355239880147,-2.7112682595768685,38
23074,76.68414738673435,-1.9092627213749434,182134,78.01149217232324,3.6022338347977136,6
23075,-119.2706568820984,5.955346870243091,182140,-123.80894152337959,5.566802721935252,23
23076,-72.17171402894758,5.6116936268128805,182156,-66.8889597803445,2.169628081691683,14
23077,-87.07387748645111,3.7208814421138228,182169,-85.91178621041317,3.2728237667350073,24
23078,-107.15449125606499,5.6634460937058675,182180,-104.7190727296112,3.8815952186994593,7
23079,161.5763416732528,1.8777770837609369,182190,172.66355239880147,-2.7112682595768685,38
23080,-154.30268417427322,6.071375292105603,182195,-152.23629829764135,4.213482038439798,37
23081,-116.48787106893577,-6.00793063754355,182200,-115.69510858146283,-11.595084171039186,39
23082,-4.234763345805398,-6.066326822502127,182203,-6.878718007946434,-1.0926682779646681,10
23083,1033.4008217738844,34.742485018145246,182205,861.6475783799328,6.515082937232454,35
23084,262.64862734407524,-23.86601564290744,182215,227.03647807555316,-5.020718083634986,26
23085,176.88293559005217,-1.5063880297554066,182216,172.66355239880147,-2.7112682595768685,38
23086,-130.03368908228884,1.6143308973300188,182226,-129.1025175244067,1.5488809909733745,1
23087,-122.06534051524393,-11.77802379901154,182241,-115.69510858146283,-11.595084171039186,39
23088,-112.96843121323064,2.5286342921952696,182246,-114.33047638704419,5.73481138949136,19
23089,-120.66877116528511,-2.625441480326419,182250,-123.94204162798616,-1.5144507595891967,3
23090,-140.34999958552237,7.339323821436049,182254,-142.14616351708418,5.245197398204194,22
23091,-134.08233267546018,3.6386097255446153,182261,-132.1080396739421,5.887059356646324,17
23092,84.58139814956884,-0.043648330152579407,182264,78.01149217232324,3.6022338347977136,6
23093,-145.97205074898673,-1.0480045271665879,182276,-148.09620948762597,-1.1157003398540595,36
23094,-104.73935499047023,-1.8493029054766514,182287,-109.71624596876933,-1.0040630408538558,16
23095,-114.12890397752452,3.9846627254118308,182294,-114.33047638704419,5.73481138949136,19
23096,192.35669289639333,-8.036877112663259,182303,172.66355239880147,-2.7112682595768685,38
23097,201.36525738416026,7.170238066717298,182304,227.03647807555316,-5.020718083634986,26
23098,62.90344203805025,9.830928329617748,182330,78.01149217232324,3.6022338347977136,6
23099,48.02115049064404,-8.239026296250566,182335,47.997068783449585,1.2679199422360634,13
23100,231.39350128098232,7.571321841025611,182357,227.03647807555316,-5.020718083634986,26
23101,51.13603459809033,5.048937731108935,182365,47.997068783449585,1.2679199422360634,13
23102,578.3384823000154,-8.686733994858818,182381,586.0312761189704,-1.722944617346204,30
23103,-136.04563444477756,0.7435762862403813,182382,-134.89656831690453,-0.030690791204986433,34
23104,-59.31288429135243,-6.815315386881717,182383,-49.93530245157272,-0.19848027172185767,2
23105,160.31098792368525,-22.809832860910312,182386,172.66355239880147,-2.7112682595768685,38
23106,-138.18713853607454,4.848787692017269,182387,-137.57400940459857,4.493303950559668,20
23107,-98.11072364112344,4.361109768199063,182389,-96.6939343764425,2.7165835152131033,15
23108,518.3989359569464,17.401315242682593,182397,586.0312761189704,-1.722944617346204,30
23109,7.998432068931806,6.309771972762132,182413,18.937510567705566,1.034768221250525,27
23110,-90.90016377112742,0.3781796398629086,182442,-85.91178621041317,3.2728237667350073,24
23111,-87.45595879848445,-6.217151438855235,182446,-95.36861679384212,-10.95784818293233,28
23112,86.27276424712427,4.699086713117859,182447,78.01149217232324,3.6022338347977136,6
23113,-37.45891715597909,11.97213937811763,182459,-29.714479793685786,-1.264748112657314,8
23114,-125.8865232624726,-1.0416957846586328,182468,-123.94204162798616,-1.5144507595891967,3
23115,-37.91650063828153,3.6788384699503616,182471,-29.714479793685786,-1.264748112657314,8
23116,-145.30096099002657,6.19400383738821,182478,-146.59606179012786,4.113086925586259,4
23117,574.1806703145135,7.885824001767465,182484,586.0312761189704,-1.722944617346204,30
23118,-136.35917660748123,7.620675477555451,182516,-137.57400940459857,4.493303950559668,20
23119,-87.87030183634661,0.8012863907039103,182518,-85.91178621041317,3.2728237667350073,24
23120,26.627254298990476,-17.775773605580103,182519,28.39696760572947,-22.91072472808294,12
23121,-86.09777125071992,4.776370809104177,182524,-85.91178621041317,3.2728237667350073,24
23122,-56.944395321841284,3.468064170583124,182529,-49.93530245157272,-0.19848027172185767,2
23123,-130.20210878124627,4.259028324568135,182538,-132.1080396739421,5.887059356646324,17
23124,-25.070548470390683,5.723801079750829,182541,-29.714479793685786,-1.264748112657314,8
23125,-120.12464253723091,-26.19362364037315,182547,-115.69510858146283,-11.595084171039186,39
23126,-130.74356800679013,-2.1908439166204,182555,-129.1025175244067,1.5488809909733745,1
23127,-130.94100444183084,0.6072295702474158,182557,-129.1025175244067,1.5488809909733745,1
23128,-39.874012906949005,1.6821709449898548,182562,-49.93530245157272,-0.19848027172185767,2
23129,-137.1692587473623,4.481484043469451,182565,-137.57400940459857,4.493303950559668,20
23130,65.87239998737735,-4.678883261616184,182571,70.166569844569,-14.692630117552799,9
23131,30.907847387533,-21.29260844952309,182582,28.39696760572947,-22.91072472808294,12
23132,-152.0927396288364,1.5041338075175277,182583,-152.23629829764135,4.213482038439798,37
23133,-111.07076762976435,1.7167620431150223,182585,-109.71624596876933,-1.0040630408538558,16
23134,-151.02370150606737,0.012850021474904444,182592,-148.09620948762597,-1.1157003398540595,36
23135,-96.15974082486568,5.985639393436254,182601,-96.6939343764425,2.7165835152131033,15
23136,-65.28279213649131,-21.805422426168203,182602,-77.6204452281073,-4.536559244831727,5
23137,93.56015913185311,-14.15613995519912,182616,104.96211155305676,-0.5414592591613776,31
23138,-125.93346708444763,0.005214097182995061,182623,-123.94204162798616,-1.5144507595891967,3
23139,97.04768689974274,8.27345516432214,182629,104.96211155305676,-0.5414592591613776,31
23140,171.12094570620673,-19.485909014812037,182632,172.66355239880147,-2.7112682595768685,38
23141,-46.145371701411534,5.470271487736414,182640,-49.93530245157272,-0.19848027172185767,2
23142,-44.65329496748268,-1.6838861687137197,182648,-49.93530245157272,-0.19848027172185767,2
23143,377.8183448102837,-36.78760105803411,182649,417.6915390220547,-4.11857226961515,29
23144,-108.2774678891172,6.815837484315765,182654,-104.7190727296112,3.8815952186994593,7
23145,-86.77705303883151,-0.7059446214118785,182662,-85.91178621041317,3.2728237667350073,24
23146,19.13722584462362,4.484032174704863,182664,18.937510567705566,1.034768221250525,27
23147,144.8689705522008,12.997119292236217,182670,135.4076551174278,-1.697351881935795,33
23148,389.0436722503976,-11.04946715842796,182689,417.6915390220547,-4.11857226961515,29
23149,-120.18992899759628,4.696711143359109,182703,-123.80894152337959,5.566802721935252,23
23150,461.69369015958154,-46.349045091532396,182717,417.6915390220547,-4.11857226961515,29
23151,-143.03899756572247,2.0203710228830905,182724,-142.14616351708418,5.245197398204194,22
23152,-150.25719169408177,5.666962230580525,182725,-152.23629829764135,4.213482038439798,37
23153,-52.1077773652582,6.088655185895048,182730,-49.93530245157272,-0.19848027172185767,2
23154,-82.85309154852008,1.01253777728059,182731,-85.91178621041317,3.2728237667350073,24
23155,-67.56855452163859,-2.907983926997497,182739,-66.8889597803445,2.169628081691683,14
23156,-64.0516193877355,4.144725817901517,182741,-66.8889597803445,2.169628081691683,14
23157,-16.916285025477816,-10.698802593434106,182750,-6.878718007946434,-1.0926682779646681,10
23158,-84.98783449764669,3.419396142022543,182751,-85.91178621041317,3.2728237667350073,24
23159,-134.36214955251995,7.714367268923537,182755,-132.1080396739421,5.887059356646324,17
23160,-10.099508244848309,7.648481306141129,182758,-6.878718007946434,-1.0926682779646681,10
23161,-99.0409081726598,3.321252929826207,182760,-96.6939343764425,2.7165835152131033,15
23162,-109.05795464736515,3.524105244349751,182762,-104.7190727296112,3.8815952186994593,7
23163,-152.2627280434523,5.243440754720689,182771,-152.23629829764135,4.213482038439798,37
23164,265.7674494605576,-11.175183780787453,182773,302.44973475302317,-5.405747081354008,25
23165,7.267229520760686,-27.511524766455043,182792,28.39696760572947,-22.91072472808294,12
23166,-37.73820740517737,-0.7392081349397998,182800,-29.714479793685786,-1.264748112657314,8
23167,-131.28336320343325,6.0446181102296235,182815,-132.1080396739421,5.887059356646324,17
23168,44.119274610743474,4.271579005092695,182816,47.997068783449585,1.2679199422360634,13
23169,-122.70922651004518,-3.837366601368903,182825,-123.94204162798616,-1.5144507595891967,3
23170,67.85572391317565,10.456068353270792,182841,78.01149217232324,3.6022338347977136,6
23171,-121.93544323572183,1.646854788285132,182851,-123.94204162798616,-1.5144507595891967,3
23172,-128.92629015080342,-0.7257036304698353,182862,-129.1025175244067,1.5488809909733745,1
23173,-101.96699337625624,1.6603280605552815,182878,-104.7190727296112,3.8815952186994593,7
23174,-105.99216279677756,1.6219263514504136,182883,-104.7190727296112,3.8815952186994593,7
23175,805.178519438255,1.2002107844348893,182896,861.6475783799328,6.515082937232454,35
23176,-125.19953682720342,4.836753675681786,182900,-123.80894152337959,5.566802721935252,23
23177,-110.8023404795992,-1.5784567510639829,182905,-109.71624596876933,-1.0040630408538558,16
23178,-68.54661557791812,-4.431246996879268,182907,-66.8889597803445,2.169628081691683,14
23179,19.801158723221846,-5.438332938824377,182912,18.937510567705566,1.034768221250525,27
23180,112.96354558068926,-5.3803304497350135,182916,104.96211155305676,-0.5414592591613776,31
23181,29.506343960274283,-58.754627112420486,182930,28.39696760572947,-22.91072472808294,12
23182,78.52718656074869,1.046082082704275,182934,78.01149217232324,3.6022338347977136,6
23183,-69.95390849517116,2.937073528439383,182944,-66.8889597803445,2.169628081691683,14
23184,36.739943679065085,10.925799841607278,182948,47.997068783449585,1.2679199422360634,13
23185,95.99547123923955,8.898382416085552,182955,104.96211155305676,-0.5414592591613776,31
23186,-116.83739241868055,-0.9171521394015305,182957,-118.09857507912784,0.7103841694799473,11
23187,-73.71462723219042,-1.3570119211473939,182962,-77.6204452281073,-4.536559244831727,5
23188,-141.27264841880736,6.151494306192032,182966,-142.14616351708418,5.245197398204194,22
23189,-93.93440465316608,1.5776845125288146,182976,-96.6939343764425,2.7165835152131033,15
23190,-81.5730958118192,-3.0337919631578867,182980,-77.6204452281073,-4.536559244831727,5
23191,-116.30216352866049,7.230329992106446,182989,-114.33047638704419,5.73481138949136,19
23192,273.9962024373746,0.21545622849552507,182995,302.44973475302317,-5.405747081354008,25
23193,-133.10206803725157,2.546556797698,182998,-134.89656831690453,-0.030690791204986433,34
23194,-135.1607650385156,3.8072160382037947,183008,-137.57400940459857,4.493303950559668,20
23195,-137.14128201645394,3.3480724865608877,183013,-137.57400940459857,4.493303950559668,20
23196,30.893314023325225,9.012095448231893,183028,18.937510567705566,1.034768221250525,27
23197,-80.76621701668586,-1.355888844440934,183031,-77.6204452281073,-4.536559244831727,5
23198,250.5382249807818,-65.83426251018155,183036,227.03647807555316,-5.020718083634986,26
23199,-153.06445035945328,1.3918095868764817,183039,-152.23629829764135,4.213482038439798,37
23200,213.20357608548977,-4.835625756915428,183055,227.03647807555316,-5.020718083634986,26
23201,-106.89125224993349,0.4192114372006889,183064,-109.71624596876933,-1.0040630408538558,16
23202,-108.23174560173813,5.812233207537598,183074,-104.7190727296112,3.8815952186994593,7
23203,18.165765220806946,-11.39719693575534,183078,18.937510567705566,1.034768221250525,27
23204,107.89661378890597,11.246868558910565,183124,104.96211155305676,-0.5414592591613776,31
23205,404.11217791514565,-11.791015589168802,183126,417.6915390220547,-4.11857226961515,29
23206,-61.82851439898865,1.8526382683585163,183132,-66.8889597803445,2.169628081691683,14
23207,-76.94087484925379,1.5040054957196236,183145,-77.6204452281073,-4.536559244831727,5
23208,-116.8540637998466,-1.0676992007959003,183153,-118.09857507912784,0.7103841694799473,11
23209,28.19905354718197,-25.65928537365973,183163,28.39696760572947,-22.91072472808294,12
23210,-107.22844575515379,6.792228341633282,183166,-104.7190727296112,3.8815952186994593,7
23211,-61.15533891771618,6.47503316002117,183167,-66.8889597803445,2.169628081691683,14
23212,707.5799962701462,-7.703132623003531,183169,586.0312761189704,-1.722944617346204,30
23213,65.28984840178074,-11.267795636855126,183170,70.166569844569,-14.692630117552799,9
23214,928.189130833834,5.599519344463647,183188,861.6475783799328,6.515082937232454,35
23215,-39.087665897005984,6.369892911536124,183189,-29.714479793685786,-1.264748112657314,8
23216,-2.597586639588849,-0.6623693418598152,183198,-6.878718007946434,-1.0926682779646681,10
23217,-25.084052452326354,7.055178305587774,183199,-29.714479793685786,-1.264748112657314,8
23218,69.05111631264586,-8.030038634641432,183201,70.166569844569,-14.692630117552799,9
23219,-69.02325856629129,3.959458090819573,183205,-66.8889597803445,2.169628081691683,14
23220,-136.10669039872107,3.121812076252874,183209,-137.57400940459857,4.493303950559668,20
23221,41.90104072422285,-6.2454589862272405,183210,47.997068783449585,1.2679199422360634,13
23222,-25.26377082048145,-21.034468241547945,183212,-29.714479793685786,-1.264748112657314,8
23223,-32.40573618043416,11.400722373765293,183216,-29.714479793685786,-1.264748112657314,8
23224,-65.96728386387805,3.287845661169419,183224,-66.8889597803445,2.169628081691683,14
23225,132.0055944465628,-19.1559644843909,183232,135.4076551174278,-1.697351881935795,33
23226,204.59147349567414,3.804355993200199,183237,227.03647807555316,-5.020718083634986,26
23227,-134.07133089776357,2.366685772309155,183243,-134.89656831690453,-0.030690791204986433,34
23228,-133.09069698547603,3.3110573670377788,183244,-132.1080396739421,5.887059356646324,17
23229,-84.89298302949632,0.8292993169457321,183245,-85.91178621041317,3.2728237667350073,24
23230,-148.99023685289237,0.3555384371545966,183251,-148.09620948762597,-1.1157003398540595,36
23231,4.432319896188546,-15.414470753486995,183257,-6.878718007946434,-1.0926682779646681,10
23232,-59.83238535195304,-14.286849207496909,183258,-49.93530245157272,-0.19848027172185767,2
23233,-116.40519374397864,8.95696401630868,183266,-114.33047638704419,5.73481138949136,19
23234,-30.48261918256605,-17.86726384892493,183278,-29.714479793685786,-1.264748112657314,8
23235,246.88540939486487,-14.085853669473064,183288,227.03647807555316,-5.020718083634986,26
23236,-147.16289224169597,3.13430587842103,183289,-146.59606179012786,4.113086925586259,4
23237,-117.00188888085192,0.11242411202059743,183294,-118.09857507912784,0.7103841694799473,11
23238,666.0717483534643,-1.8793872094707278,183299,586.0312761189704,-1.722944617346204,30
23239,111.76674951082974,-1.5916434345518926,183320,104.96211155305676,-0.5414592591613776,31
23240,-41.405959751855214,11.267535060066363,183322,-49.93530245157272,-0.19848027172185767,2
23241,-116.1771528263014,4.490732011573976,183337,-114.33047638704419,5.73481138949136,19
23242,-104.77953882106979,-1.4540015146936205,183339,-109.71624596876933,-1.0040630408538558,16
23243,114.45727628433302,2.1434258760986524,183344,104.96211155305676,-0.5414592591613776,31
23244,-155.08640763291632,1.307496197404247,183360,-152.23629829764135,4.213482038439798,37
23245,-133.2522204079281,5.311168911724157,183363,-132.1080396739421,5.887059356646324,17
23246,-100.9832179891678,2.5418712074640744,183368,-104.7190727296112,3.8815952186994593,7
23247,90.88928677788114,10.618617780536766,183375,78.01149217232324,3.6022338347977136,6
23248,-137.1286073466612,3.073067374344738,183378,-137.57400940459857,4.493303950559668,20
23249,-124.92917384389844,-1.0958423166963265,183389,-123.94204162798616,-1.5144507595891967,3
23250,-33.481153592071436,-3.2174227239183004,183391,-29.714479793685786,-1.264748112657314,8
23251,-81.6664613061069,-2.539747026204091,183397,-77.6204452281073,-4.536559244831727,5
23252,-140.8878658299458,-1.251625918905823,183398,-141.0346653257256,-1.1036168920026446,0
23253,-106.08791876048979,4.239496582493688,183400,-104.7190727296112,3.8815952186994593,7
23254,-108.19734631539441,5.061213749374725,183410,-104.7190727296112,3.8815952186994593,7
23255,-143.04397467288604,0.585001703944841,183415,-141.0346653257256,-1.1036168920026446,0
23256,-105.1375239629586,3.805485064075783,183426,-104.7190727296112,3.8815952186994593,7
23257,-116.1815789141099,5.61326972580101,183429,-114.33047638704419,5.73481138949136,19
23258,-36.64652603301799,-0.17054607734726843,183443,-29.714479793685786,-1.264748112657314,8
23259,-73.60048608708959,-2.8171714458713004,183444,-77.6204452281073,-4.536559244831727,5
23260,-4.026629100134559,4.594247762895692,183480,-6.878718007946434,-1.0926682779646681,10
23261,-50.83235330436294,-13.105967963267318,183484,-49.93530245157272,-0.19848027172185767,2
23262,61.14717219575022,-9.243331456318227,183489,70.166569844569,-14.692630117552799,9
23263,-141.34878849127594,7.315405889376352,183514,-142.14616351708418,5.245197398204194,22
23264,-34.19522392126078,-7.964874964783265,183516,-29.714479793685786,-1.264748112657314,8
23265,-121.0910371931388,3.031065090693186,183520,-123.80894152337959,5.566802721935252,23
23266,129.199419111559,-7.703730312376572,183523,135.4076551174278,-1.697351881935795,33
23267,-143.9760018878228,0.11328643552397547,183525,-141.0346653257256,-1.1036168920026446,0
23268,-137.02676938656344,0.8310843140272048,183529,-134.89656831690453,-0.030690791204986433,34
23269,-101.03497635135378,2.6622413902808786,183540,-104.7190727296112,3.8815952186994593,7
23270,-73.79868608806453,0.4862701006203772,183551,-77.6204452281073,-4.536559244831727,5
23271,-66.59438077284068,-17.051945980865344,183553,-77.6204452281073,-4.536559244831727,5
23272,-73.87458778012385,0.1000594229527592,183577,-77.6204452281073,-4.536559244831727,5
23273,300.77291358004476,4.529233840324572,183578,302.44973475302317,-5.405747081354008,25
23274,-112.91579343946195,-0.6646106216812346,183583,-109.71624596876933,-1.0040630408538558,16
23275,-138.11071866365134,2.656226542429503,183593,-137.57400940459857,4.493303950559668,20
23276,16.83622092029121,-35.198529605561625,183608,28.39696760572947,-22.91072472808294,12
23277,-126.80606318117908,-1.7784174112290887,183633,-123.94204162798616,-1.5144507595891967,3
23278,-122.26012727587741,6.7190693144150995,183637,-123.80894152337959,5.566802721935252,23
23279,15.430568824879531,-0.45401323083235845,183642,18.937510567705566,1.034768221250525,27
23280,-97.70238104150997,-3.0556155753313603,183644,-96.6939343764425,2.7165835152131033,15
23281,-34.70522132900049,-0.8987376868980071,183645,-29.714479793685786,-1.264748112657314,8
23282,671.3589296029994,8.69867429967574,183650,586.0312761189704,-1.722944617346204,30
23283,62.227932342960486,4.24287000316647,183652,47.997068783449585,1.2679199422360634,13
23284,-136.24824834549958,5.197245666033128,183655,-137.57400940459857,4.493303950559668,20
23285,-115.9736517265296,0.5294839367108543,183665,-118.09857507912784,0.7103841694799473,11
23286,-145.31187282220264,6.428200567441049,183666,-146.59606179012786,4.113086925586259,4
23287,-141.11164535947736,3.6381471485860803,183668,-142.14616351708418,5.245197398204194,22
23288,-118.34455021897928,-22.892858795824264,183677,-115.69510858146283,-11.595084171039186,39
23289,-148.32805816851737,6.713136259283278,183690,-146.59606179012786,4.113086925586259,4
23290,-131.00061165881166,1.4012125351993692,183691,-129.1025175244067,1.5488809909733745,1
23291,-11.301661402155828,11.03663711424959,183701,-6.878718007946434,-1.0926682779646681,10
23292,-87.77063274021803,-0.3439522245661822,183707,-85.91178621041317,3.2728237667350073,24
23293,-117.0299255863357,0.7403947066163618,183708,-118.09857507912784,0.7103841694799473,11
23294,-121.04051033858752,1.9219352174496538,183710,-118.09857507912784,0.7103841694799473,11
23295,-139.04872318722258,1.810687461283004,183715,-137.57400940459857,4.493303950559668,20
23296,-142.02151434457085,0.13170370235259554,183716,-141.0346653257256,-1.1036168920026446,0
23297,-114.11067197480796,2.553211445256685,183717,-114.33047638704419,5.73481138949136,19
23298,-119.21038876190026,5.1365142815104665,183718,-118.09857507912784,0.7103841694799473,11
23299,-63.04069021828033,2.89516206194344,183720,-66.8889597803445,2.169628081691683,14
23300,-143.70999882033738,-2.6334758800827025,183727,-141.0346653257256,-1.1036168920026446,0
23301,-114.34175967403604,8.12798230915741,183729,-114.33047638704419,5.73481138949136,19
23302,97.74673044312821,-2.402141533852552,183736,104.96211155305676,-0.5414592591613776,31
23303,73.0040952146917,-6.416378382287562,183737,70.166569844569,-14.692630117552799,9
23304,-100.67725171313423,-16.82988608026,183739,-95.36861679384212,-10.95784818293233,28
23305,-104.01696496463254,-12.537863879756715,183745,-95.36861679384212,-10.95784818293233,28
23306,-136.80809687894487,-2.908319604093968,183750,-134.89656831690453,-0.030690791204986433,34
23307,68.00438546473258,-6.5026936759893905,183754,70.166569844569,-14.692630117552799,9
23308,-13.096324771936326,7.020928592194374,183759,-6.878718007946434,-1.0926682779646681,10
23309,-127.0472922378685,0.9334840238328287,183774,-129.1025175244067,1.5488809909733745,1
23310,-98.6554046219914,-2.552389473640981,183775,-96.6939343764425,2.7165835152131033,15
23311,-139.26899261802836,5.58483021253492,183779,-137.57400940459857,4.493303950559668,20
23312,138.07568668630523,-20.08142717232726,183785,135.4076551174278,-1.697351881935795,33
23313,-91.48362124515455,-19.900966719119786,183799,-95.36861679384212,-10.95784818293233,28
23314,-123.07301012042706,2.0887011272858684,183814,-123.80894152337959,5.566802721935252,23
23315,224.85205754857049,14.187713743918628,183818,227.03647807555316,-5.020718083634986,26
23316,-47.04157544941429,3.1673951627459096,183826,-49.93530245157272,-0.19848027172185767,2
23317,96.71343500084716,-2.217752744130629,183828,104.96211155305676,-0.5414592591613776,31
23318,-82.77249991130451,-0.2331565440194357,183845,-85.91178621041317,3.2728237667350073,24
23319,-7.076635275934542,-8.565935173400971,183849,-6.878718007946434,-1.0926682779646681,10
23320,-154.04079605101572,0.330017900827902,183850,-152.23629829764135,4.213482038439798,37
23321,-23.928385529853223,-10.546748287558584,183855,-29.714479793685786,-1.264748112657314,8
23322,-108.05033153598579,3.8907232033579593,183857,-104.7190727296112,3.8815952186994593,7
23323,-105.12480679834395,4.047498228983168,183858,-104.7190727296112,3.8815952186994593,7
23324,116.20181136291535,-7.966244068026939,183889,104.96211155305676,-0.5414592591613776,31
23325,-96.59164853414345,-4.959869600299731,183897,-95.36861679384212,-10.95784818293233,28
23326,-74.86487899543546,1.4173124026465924,183899,-77.6204452281073,-4.536559244831727,5
23327,-134.11288647896177,3.2575514144310245,183902,-132.1080396739421,5.887059356646324,17
23328,-67.53411775841587,-18.396521150474964,183906,-77.6204452281073,-4.536559244831727,5
23329,107.86210538457624,10.451646837308761,183911,104.96211155305676,-0.5414592591613776,31
23330,-102.8259132584306,0.08443324217492419,183914,-104.7190727296112,3.8815952186994593,7
23331,-36.94687012572748,3.3308746988346254,183939,-29.714479793685786,-1.264748112657314,8
23332,129.4307524412931,-25.440695260346082,183948,110.19899446847099,-35.665903512662624,21
23333,-155.08797779909386,1.354701103678064,183950,-152.23629829764135,4.213482038439798,37
23334,-98.2253071362026,6.350317530465766,183957,-96.6939343764425,2.7165835152131033,15
23335,-150.13967595774753,3.590584766106885,183961,-152.23629829764135,4.213482038439798,37
23336,154.19183010411257,-7.124843458046687,183970,172.66355239880147,-2.7112682595768685,38
23337,620.0250049508089,26.286286622638254,183990,586.0312761189704,-1.722944617346204,30
23338,287.8869630441893,2.3258619447473032,183991,302.44973475302317,-5.405747081354008,25
23339,183.97493966262803,-2.367082478645118,184017,172.66355239880147,-2.7112682595768685,38
23340,296.90375719620454,-12.095006169252967,184018,302.44973475302317,-5.405747081354008,25
23341,692.8030515731766,2.91793646903033,184024,586.0312761189704,-1.722944617346204,30
23342,357.4951508870556,-18.91276565129582,184028,302.44973475302317,-5.405747081354008,25
23343,-112.54682928244432,-20.416905409767274,184036,-115.69510858146283,-11.595084171039186,39
23344,140.7068448414863,-14.521033929564721,184039,135.4076551174278,-1.697351881935795,33
23345,25.625207415131637,-3.016723869953117,184050,18.937510567705566,1.034768221250525,27
23346,-132.30028883015416,6.88606934459904,184053,-132.1080396739421,5.887059356646324,17
23347,39.65282137882886,-2.370708000337733,184061,47.997068783449585,1.2679199422360634,13
23348,-130.9805244117205,0.44763944500092845,184068,-129.1025175244067,1.5488809909733745,1
23349,-106.23199321017941,5.84757009155177,184078,-104.7190727296112,3.8815952186994593,7
23350,-129.03937479406315,1.7628744177323001,184084,-129.1025175244067,1.5488809909733745,1
23351,-123.6087379207189,-5.538417018824724,184088,-123.94204162798616,-1.5144507595891967,3
23352,78.75565698561779,-31.877668667559014,184089,70.166569844569,-14.692630117552799,9
23353,-20.683782205961947,0.41678566843333265,184098,-29.714479793685786,-1.264748112657314,8
23354,-87.02864202438275,3.2626832318933867,184115,-85.91178621041317,3.2728237667350073,24
23355,732.4187303132343,-33.20282126962077,184119,861.6475783799328,6.515082937232454,35
23356,-149.2594090957663,5.720401172850774,184145,-146.59606179012786,4.113086925586259,4
23357,200.06075809530628,11.773775827289185,184146,172.66355239880147,-2.7112682595768685,38
23358,-106.33282227205295,-7.696174509946973,184154,-109.71624596876933,-1.0040630408538558,16
23359,-117.09457306897455,3.687694816699813,184163,-118.09857507912784,0.7103841694799473,11
23360,-35.548173291249924,-2.289937159170379,184189,-29.714479793685786,-1.264748112657314,8
23361,108.89547910179522,-3.95461229082732,184190,104.96211155305676,-0.5414592591613776,31
23362,-120.39610113757658,8.713521286884665,184192,-123.80894152337959,5.566802721935252,23
23363,-57.04706780028089,5.1848404294606825,184201,-49.93530245157272,-0.19848027172185767,2
23364,-102.89463653069403,-0.9702526528156634,184204,-104.7190727296112,3.8815952186994593,7
23365,-57.78106463530786,-0.6546395176035976,184211,-49.93530245157272,-0.19848027172185767,2
23366,20.30061670728451,1.4267067848938606,184212,18.937510567705566,1.034768221250525,27
23367,244.64753853353164,4.2809578616404895,184219,227.03647807555316,-5.020718083634986,26
23368,25.062861684464007,5.704040975721074,184232,18.937510567705566,1.034768221250525,27
23369,421.011493139708,-9.816732765358704,184241,417.6915390220547,-4.11857226961515,29
23370,103.2454603138309,5.072946971497906,184247,104.96211155305676,-0.5414592591613776,31
23371,-18.700316084488364,0.7860538029809896,184250,-29.714479793685786,-1.264748112657314,8
23372,-144.84548301892718,-2.769646997754218,184257,-148.09620948762597,-1.1157003398540595,36
23373,-131.36896992940544,7.912883721437373,184261,-132.1080396739421,5.887059356646324,17
23374,-79.28667000669472,8.01852022028023,184266,-85.91178621041317,3.2728237667350073,24
23375,-12.678943022419213,-0.5878407452012243,184270,-6.878718007946434,-1.0926682779646681,10
23376,-103.10356351325434,4.6427065693285865,184279,-104.7190727296112,3.8815952186994593,7
23377,-143.20852716126856,5.208206845376083,184298,-142.14616351708418,5.245197398204194,22
23378,-134.25269415906578,5.81964546379078,184299,-132.1080396739421,5.887059356646324,17
23379,-124.24905623108666,5.930336048785307,184307,-123.80894152337959,5.566802721935252,23
23380,-116.15189447297563,4.945468373083243,184318,-114.33047638704419,5.73481138949136,19
23381,-122.39189044150669,8.574208046042678,184324,-123.80894152337959,5.566802721935252,23
23382,-21.04127120686404,-9.575162183618371,184326,-29.714479793685786,-1.264748112657314,8
23383,-102.14767389177936,3.5499805940934173,184330,-104.7190727296112,3.8815952186994593,7
23384,-76.06435800533227,3.6771839554940673,184333,-77.6204452281073,-4.536559244831727,5
23385,-108.35775598678035,8.56650241030928,184344,-104.7190727296112,3.8815952186994593,7
23386,-66.24590629026514,-8.41218464505961,184355,-66.8889597803445,2.169628081691683,14
23387,427.40502455015354,-14.731959781806566,184359,417.6915390220547,-4.11857226961515,29
23388,-42.96536124683781,2.6052531459187565,184374,-49.93530245157272,-0.19848027172185767,2
23389,-50.9357617498132,3.3754519429453755,184387,-49.93530245157272,-0.19848027172185767,2
23390,-120.16794322617167,4.197447534897599,184389,-123.80894152337959,5.566802721935252,23
23391,95.71496484819406,-30.697934060977744,184394,110.19899446847099,-35.665903512662624,21
23392,100.72214079270357,-1.311310182340693,184397,104.96211155305676,-0.5414592591613776,31
23393,-77.81772942841019,0.8470056888371132,184413,-77.6204452281073,-4.536559244831727,5
23394,279.5397708792052,7.228417724769767,184419,302.44973475302317,-5.405747081354008,25
23395,13.79422528735467,-6.398771780107149,184422,18.937510567705566,1.034768221250525,27
23396,-119.02606173123417,1.1300794964456518,184423,-118.09857507912784,0.7103841694799473,11
23397,-136.22794743470257,5.762912666348262,184428,-137.57400940459857,4.493303950559668,20
23398,-4.214041068688157,-6.017234115841835,184439,-6.878718007946434,-1.0926682779646681,10
23399,-116.14159209273768,3.7201853959500104,184452,-114.33047638704419,5.73481138949136,19
23400,-49.26565537736493,9.093816276311937,184460,-49.93530245157272,-0.19848027172185767,2
23401,-142.0010527806851,0.6940055568219564,184466,-141.0346653257256,-1.1036168920026446,0
23402,-66.71389686217461,-0.7155804900296654,184472,-66.8889597803445,2.169628081691683,14
23403,133.04802715928616,8.352823472970368,184473,135.4076551174278,-1.697351881935795,33
23404,-103.21270187603558,4.9740858686146,184474,-104.7190727296112,3.8815952186994593,7
23405,-128.48011049792035,-6.3742932822056275,184491,-130.75996572568545,-6.6137591708523855,18
23406,-42.36895538179569,10.44615764993359,184500,-49.93530245157272,-0.19848027172185767,2
23407,361.2648984013093,14.11252332219637,184509,417.6915390220547,-4.11857226961515,29
23408,-82.81505238780166,-14.533750642779976,184518,-77.6204452281073,-4.536559244831727,5
23409,43.41413982319588,-13.851158239785653,184536,47.997068783449585,1.2679199422360634,13
23410,192.75088050413677,1.1376793970444268,184538,172.66355239880147,-2.7112682595768685,38
23411,-60.95367574265836,-12.664060799332368,184549,-66.8889597803445,2.169628081691683,14
23412,-125.05940886042764,2.7757098049071955,184552,-123.80894152337959,5.566802721935252,23
23413,-150.20057992782944,4.41954271902149,184554,-152.23629829764135,4.213482038439798,37
23414,-130.14504799737546,3.051096849844183,184565,-129.1025175244067,1.5488809909733745,1
23415,-77.48847124824695,-4.306593411590126,184567,-77.6204452281073,-4.536559244831727,5
23416,3.6369499772422684,-3.647055056030831,184574,-6.878718007946434,-1.0926682779646681,10
23417,-103.17602930321918,5.186299675465065,184602,-104.7190727296112,3.8815952186994593,7
23418,27.0907549022377,-9.61186175204906,184608,28.39696760572947,-22.91072472808294,12
23419,-103.082457847404,4.167840779711815,184622,-104.7190727296112,3.8815952186994593,7
23420,130.7384449785403,14.065293892732432,184636,135.4076551174278,-1.697351881935795,33
23421,-78.56012136012406,-32.7318585431486,184643,-95.36861679384212,-10.95784818293233,28
23422,-111.0167613401388,1.5593303063800539,184647,-109.71624596876933,-1.0040630408538558,16
23423,159.60016144916452,1.8479610249254435,184649,172.66355239880147,-2.7112682595768685,38
23424,-93.92587678733183,1.4003714738734951,184661,-96.6939343764425,2.7165835152131033,15
23425,524.4910164191152,15.99953847465595,184667,586.0312761189704,-1.722944617346204,30
23426,-47.40352462617504,11.119203535205031,184689,-49.93530245157272,-0.19848027172185767,2
23427,280.75870593514463,19.23887051590764,184695,302.44973475302317,-5.405747081354008,25
23428,-123.02100468610979,0.9323802852255221,184698,-123.94204162798616,-1.5144507595891967,3
23429,3.481857875261786,-1.265085489934928,184704,-6.878718007946434,-1.0926682779646681,10
23430,-120.166340040632,4.165212500081911,184706,-123.80894152337959,5.566802721935252,23
23431,-139.35311386267216,7.457287554882811,184717,-137.57400940459857,4.493303950559668,20
23432,-115.10860136268302,2.994067799917255,184734,-114.33047638704419,5.73481138949136,19
23433,-102.75756473021373,-1.4213723309407478,184756,-104.7190727296112,3.8815952186994593,7
23434,283.0746860710848,14.395524734437753,184776,302.44973475302317,-5.405747081354008,25
23435,-99.13585757824461,4.8890842482979675,184779,-96.6939343764425,2.7165835152131033,15
23436,548.7656656726908,12.962872129851084,184780,586.0312761189704,-1.722944617346204,30
23437,-17.84659895331131,2.9963742547429053,184782,-6.878718007946434,-1.0926682779646681,10
23438,-70.87641627139823,0.18940129946015782,184797,-66.8889597803445,2.169628081691683,14
23439,238.58155697745968,-23.82536512529454,184805,227.03647807555316,-5.020718083634986,26
23440,-37.27334500758446,-35.23978777309646,184810,-29.714479793685786,-1.264748112657314,8
23441,-115.77499856869639,-2.2802385838177415,184815,-118.09857507912784,0.7103841694799473,11
23442,59.39658504686017,1.554671441452108,184819,47.997068783449585,1.2679199422360634,13
23443,6.331443937462277,1.5616937635685995,184820,18.937510567705566,1.034768221250525,27
23444,-138.1648176427296,3.822879991869867,184821,-137.57400940459857,4.493303950559668,20
23445,-78.05891244083487,3.056291423871473,184839,-77.6204452281073,-4.536559244831727,5
23446,835.164357160791,17.2645596126221,184844,861.6475783799328,6.515082937232454,35
23447,-134.36593350085525,7.814265828792082,184850,-132.1080396739421,5.887059356646324,17
23448,76.09335990579551,6.396575480373028,184851,78.01149217232324,3.6022338347977136,6
23449,-149.0854245337499,2.9428246243593117,184852,-146.59606179012786,4.113086925586259,4
23450,-45.24395153798301,8.672493576586817,184854,-49.93530245157272,-0.19848027172185767,2
23451,-117.04498604002923,1.5635095817211933,184868,-118.09857507912784,0.7103841694799473,11
23452,-153.31977292282733,6.469338041148609,184887,-152.23629829764135,4.213482038439798,37
23453,-102.62356608052205,-3.833013431359117,184894,-109.71624596876933,-1.0040630408538558,16
23454,-148.08116163864022,1.3294967095028825,184895,-148.09620948762597,-1.1157003398540595,36
23455,116.44575792367309,2.9571544314338434,184902,104.96211155305676,-0.5414592591613776,31
23456,694.4813889648883,-20.993661462741823,184917,586.0312761189704,-1.722944617346204,30
23457,-104.26989995414084,6.219967687791953,184921,-104.7190727296112,3.8815952186994593,7
23458,-127.18085431074026,3.836234164986867,184934,-129.1025175244067,1.5488809909733745,1
23459,-119.93575105779766,0.6660868936305702,184943,-118.09857507912784,0.7103841694799473,11
23460,-142.73672932784845,-4.072110807460591,184947,-141.0346653257256,-1.1036168920026446,0
23461,-139.1366360453576,3.2164787743591132,184949,-137.57400940459857,4.493303950559668,20
23462,-125.0540074585545,3.177778087229142,184961,-123.80894152337959,5.566802721935252,23
23463,-127.84237149227864,-1.0119106477808022,184973,-129.1025175244067,1.5488809909733745,1
23464,-97.44735401765605,10.195098529911425,184976,-96.6939343764425,2.7165835152131033,15
23465,-122.06702055838642,3.499148272316173,185007,-123.80894152337959,5.566802721935252,23
23466,39.116601752917276,-9.460953230289615,185011,47.997068783449585,1.2679199422360634,13
23467,-111.75002537645251,-0.6944412143028892,185013,-109.71624596876933,-1.0040630408538558,16
23468,-88.94956689354782,2.5270859234313896,185015,-85.91178621041317,3.2728237667350073,24
23469,5.877443244227073,-7.340236879404724,185020,-6.878718007946434,-1.0926682779646681,10
23470,-43.952090427598456,-11.907136246967442,185025,-49.93530245157272,-0.19848027172185767,2
23471,-146.04555137903822,1.0946927813264125,185040,-148.09620948762597,-1.1157003398540595,36
23472,335.0943469919781,1.1478954063893332,185044,302.44973475302317,-5.405747081354008,25
23473,152.7793230347424,-0.6644491411713641,185051,135.4076551174278,-1.697351881935795,33
23474,-6.374754182090151,-18.812759000003677,185054,-6.878718007946434,-1.0926682779646681,10
23475,-111.12570148729671,2.914440131240906,185058,-109.71624596876933,-1.0040630408538558,16
23476,-123.04055707049909,1.3786035999820672,185061,-123.94204162798616,-1.5144507595891967,3
23477,-132.11700035766995,2.9012246456499664,185067,-132.1080396739421,5.887059356646324,17
23478,1847.8236458222889,42.40035377713116,185080,1342.5649032771717,32.04824045393157,32
23479,44.926677091773755,-6.2169749399801875,185084,47.997068783449585,1.2679199422360634,13
23480,-145.12654766285797,3.9014736280220155,185099,-146.59606179012786,4.113086925586259,4
23481,-139.92008386414346,-0.5355487800757118,185102,-141.0346653257256,-1.1036168920026446,0
23482,437.099639099185,19.017122902826852,185104,417.6915390220547,-4.11857226961515,29
23483,789.2532860015164,-0.19374504283903446,185128,861.6475783799328,6.515082937232454,35
23484,43.65687964523173,-17.101275105140928,185131,28.39696760572947,-22.91072472808294,12
23485,-119.0701017486153,2.085908649217098,185133,-118.09857507912784,0.7103841694799473,11
23486,-43.74845040317792,-0.6247366926296543,185142,-49.93530245157272,-0.19848027172185767,2
23487,-20.146613535297814,-8.290733086937744,185151,-29.714479793685786,-1.264748112657314,8
23488,-142.1799645606989,4.118301802279916,185152,-142.14616351708418,5.245197398204194,22
23489,-139.92632990124923,0.6281530160098974,185153,-141.0346653257256,-1.1036168920026446,0
23490,363.8110015953112,5.775976213377576,185155,417.6915390220547,-4.11857226961515,29
23491,-106.73713617775314,-2.941539818085228,185156,-109.71624596876933,-1.0040630408538558,16
23492,-137.07381061074372,1.3501142120463245,185167,-134.89656831690453,-0.030690791204986433,34
23493,229.24848777614594,9.67242847624641,185183,227.03647807555316,-5.020718083634986,26
23494,-124.22969849349735,4.993452413624177,185202,-123.80894152337959,5.566802721935252,23
23495,-50.34808671965572,9.860574197424185,185203,-49.93530245157272,-0.19848027172185767,2
23496,-10.680397629013079,-13.718001550757975,185207,-6.878718007946434,-1.0926682779646681,10
23497,-142.3186511240799,6.620956594023967,185213,-142.14616351708418,5.245197398204194,22
23498,181.5826711322457,2.583376998864168,185215,172.66355239880147,-2.7112682595768685,38
23499,-65.77179617133778,-0.46550751717420774,185237,-66.8889597803445,2.169628081691683,14
23500,-112.35074898410937,7.833814657607995,185245,-114.33047638704419,5.73481138949136,19
23501,260.20823847142105,11.59637732431384,185247,227.03647807555316,-5.020718083634986,26
23502,-1.2997009914973359,10.631441029656921,185257,-6.878718007946434,-1.0926682779646681,10
23503,39.74170508899003,-33.25089249843649,185260,28.39696760572947,-22.91072472808294,12
23504,-119.26652964647721,6.914472903766254,185261,-123.80894152337959,5.566802721935252,23
23505,12.194873723807303,3.109332275231876,185263,18.937510567705566,1.034768221250525,27
23506,-75.74256373154827,-1.2841862583417163,185297,-77.6204452281073,-4.536559244831727,5
23507,-131.2054968120297,4.336073236263125,185306,-132.1080396739421,5.887059356646324,17
23508,-77.39952635686733,-6.757979583806526,185315,-77.6204452281073,-4.536559244831727,5
23509,-102.9073916660169,0.843412850720153,185326,-104.7190727296112,3.8815952186994593,7
23510,-46.4224610724461,-19.467380760340912,185332,-49.93530245157272,-0.19848027172185767,2
23511,58.86580764463856,-34.10892290558446,185335,70.166569844569,-14.692630117552799,9
23512,-103.96048643755547,2.4902812846904125,185337,-104.7190727296112,3.8815952186994593,7
23513,-135.2697644246107,5.681293440885619,185350,-137.57400940459857,4.493303950559668,20
23514,-134.27688517679726,5.858300226793114,185366,-132.1080396739421,5.887059356646324,17
23515,-141.34715599090896,7.269235981874579,185368,-142.14616351708418,5.245197398204194,22
23516,77.29724741904319,-11.238684112248341,185380,70.166569844569,-14.692630117552799,9
23517,-114.09121362951312,3.651002281635194,185388,-114.33047638704419,5.73481138949136,19
23518,55.358140929517134,2.3134192170229175,185416,47.997068783449585,1.2679199422360634,13
23519,-69.41203276223332,-5.333058812920184,185438,-66.8889597803445,2.169628081691683,14
23520,-63.22954783098705,7.026423520153279,185445,-66.8889597803445,2.169628081691683,14
23521,189.72349743492867,1.1911890353215995,185454,172.66355239880147,-2.7112682595768685,38
23522,-130.08112373044636,1.6229944078981247,185461,-129.1025175244067,1.5488809909733745,1
23523,-129.04130518111228,2.8208025613291556,185462,-129.1025175244067,1.5488809909733745,1
23524,-103.6407955208862,-3.472506468153083,185471,-109.71624596876933,-1.0040630408538558,16
23525,-113.96784835933417,-0.07066393689755064,185474,-118.09857507912784,0.7103841694799473,11
23526,-117.77909337559714,-1.694141855952003,185476,-118.09857507912784,0.7103841694799473,11
23527,86.87877427545435,-3.9542046289111323,185488,78.01149217232324,3.6022338347977136,6
23528,-0.7722739594362682,2.6860911579782956,185508,-6.878718007946434,-1.0926682779646681,10
23529,850.5182048305552,-1.8906947029489671,185512,861.6475783799328,6.515082937232454,35
23530,54.044361494817714,-7.618320560281534,185517,47.997068783449585,1.2679199422360634,13
23531,-125.17973103342271,3.8603454412298532,185522,-123.80894152337959,5.566802721935252,23
23532,-54.29297817219771,9.079771971072685,185523,-49.93530245157272,-0.19848027172185767,2
23533,4.21955961687271,-12.288733566529968,185525,-6.878718007946434,-1.0926682779646681,10
23534,175.9754891730268,11.689490854800097,185527,172.66355239880147,-2.7112682595768685,38
23535,-45.36987156679304,-4.83103560329135,185530,-49.93530245157272,-0.19848027172185767,2
23536,-107.12333272975764,2.9438249235161122,185535,-104.7190727296112,3.8815952186994593,7
23537,-128.28059839263057,6.547932845385712,185555,-132.1080396739421,5.887059356646324,17
23538,93.05666877206774,6.4723272251899635,185568,104.96211155305676,-0.5414592591613776,31
23539,-93.8442510255089,-14.606752549677179,185572,-95.36861679384212,-10.95784818293233,28
23540,81.48791809340021,0.9356370009861054,185574,78.01149217232324,3.6022338347977136,6
23541,168.53310988685865,3.4721197019728836,185600,172.66355239880147,-2.7112682595768685,38
23542,-129.1727832595308,3.672279621751546,185616,-129.1025175244067,1.5488809909733745,1
23543,-70.49892872221339,-4.485282054278263,185618,-77.6204452281073,-4.536559244831727,5
23544,-120.76921338712621,-1.461864313376282,185625,-123.94204162798616,-1.5144507595891967,3
23545,195.79934616411765,-14.074936611447804,185638,172.66355239880147,-2.7112682595768685,38
23546,-72.83342951694746,1.2564361750394728,185652,-66.8889597803445,2.169628081691683,14
23547,-109.05629081600588,2.97786571102982,185655,-109.71624596876933,-1.0040630408538558,16
23548,257.974934793502,-0.10375708601033896,185656,227.03647807555316,-5.020718083634986,26
23549,191.70346206890204,16.89216111740103,185668,172.66355239880147,-2.7112682595768685,38
23550,-83.07406470066074,4.308692880769518,185676,-85.91178621041317,3.2728237667350073,24
23551,-118.31862267462037,7.539962328311602,185680,-114.33047638704419,5.73481138949136,19
23552,-17.480504372576874,-2.948517635578419,185684,-6.878718007946434,-1.0926682779646681,10
23553,14.86760883555571,-21.190214140588914,185690,28.39696760572947,-22.91072472808294,12
23554,168.4223013341213,-9.873848756793352,185691,172.66355239880147,-2.7112682595768685,38
23555,-118.1337709629248,4.009858591523276,185702,-118.09857507912784,0.7103841694799473,11
23556,651.292545274626,8.774566376832277,185727,586.0312761189704,-1.722944617346204,30
23557,54.13876711942644,5.566831636651829,185753,47.997068783449585,1.2679199422360634,13
23558,90.32283960882708,3.6752412569901574,185777,78.01149217232324,3.6022338347977136,6
23559,-65.17946720136163,-9.341461149093254,185785,-66.8889597803445,2.169628081691683,14
23560,-39.32235330306069,9.991843102976796,185791,-49.93530245157272,-0.19848027172185767,2
23561,-24.373891959580785,-3.8836203696346705,185799,-29.714479793685786,-1.264748112657314,8
23562,-100.34402535452223,-6.8418562867159185,185813,-95.36861679384212,-10.95784818293233,28
23563,-46.19780577230379,6.620694631292713,185817,-49.93530245157272,-0.19848027172185767,2
23564,23.854929487702705,-6.536776223041212,185826,18.937510567705566,1.034768221250525,27
23565,-104.3443067498083,-7.9287136353952885,185827,-109.71624596876933,-1.0040630408538558,16
23566,73.83671388711404,-4.274219758280844,185831,78.01149217232324,3.6022338347977136,6
23567,123.07481724766492,8.118265179365327,185833,135.4076551174278,-1.697351881935795,33
23568,-38.90830070008007,2.970591064028733,185835,-29.714479793685786,-1.264748112657314,8
23569,-113.07675998630832,3.89198326442692,185839,-114.33047638704419,5.73481138949136,19
23570,387.14844971722505,16.58934750812285,185841,417.6915390220547,-4.11857226961515,29
23571,-125.9211360139679,-0.7861056515106046,185854,-123.94204162798616,-1.5144507595891967,3
23572,169.28282901141054,-7.315257325750229,185855,172.66355239880147,-2.7112682595768685,38
23573,-55.11182835568007,-10.141330778065644,185857,-49.93530245157272,-0.19848027172185767,2
23574,209.2770763979455,7.692329636206703,185858,227.03647807555316,-5.020718083634986,26
23575,-101.2161229295463,6.624952783919258,185887,-104.7190727296112,3.8815952186994593,7
23576,-80.43882558420607,10.302266468908433,185888,-85.91178621041317,3.2728237667350073,24
23577,-72.64689145085863,-2.81636300919621,185899,-77.6204452281073,-4.536559244831727,5
23578,672.7454387636856,17.539387231856107,185910,586.0312761189704,-1.722944617346204,30
23579,29.400964243032252,-0.10107303636129726,185911,18.937510567705566,1.034768221250525,27
23580,94.91079737100429,-76.61989352236857,185912,110.19899446847099,-35.665903512662624,21
23581,-6.81730087426657,2.5471855151294327,185937,-6.878718007946434,-1.0926682779646681,10
23582,215.75357792201163,-12.754126884026414,185940,227.03647807555316,-5.020718083634986,26
23583,95.78539581137166,-18.020040039225094,185942,104.96211155305676,-0.5414592591613776,31
23584,-112.3723356377854,8.318535837444074,185943,-114.33047638704419,5.73481138949136,19
23585,-78.30838558552256,7.990474193327017,185948,-85.91178621041317,3.2728237667350073,24
23586,-120.04032581596144,2.9498599828501444,185949,-118.09857507912784,0.7103841694799473,11
23587,-75.8502597444793,1.0658023654374884,185955,-77.6204452281073,-4.536559244831727,5
23588,-100.32614027158641,8.015078248257314,185956,-104.7190727296112,3.8815952186994593,7
23589,-131.9156175545397,-1.520353987849781,185957,-134.89656831690453,-0.030690791204986433,34
23590,197.0211735417243,12.066903278920186,185961,172.66355239880147,-2.7112682595768685,38
23591,292.7758969615604,-10.405212781800998,185977,302.44973475302317,-5.405747081354008,25
23592,-135.22692816011997,5.766091450866187,185978,-137.57400940459857,4.493303950559668,20
23593,-130.37182522244137,8.0080257183034,185981,-132.1080396739421,5.887059356646324,17
23594,51.309428947730055,3.3105678469972606,185986,47.997068783449585,1.2679199422360634,13
23595,-121.30770174909844,6.745932596862742,185989,-123.80894152337959,5.566802721935252,23
23596,-23.939573475453614,3.394000078832557,185992,-29.714479793685786,-1.264748112657314,8
23597,-137.13645527829095,3.75379138738788,185994,-137.57400940459857,4.493303950559668,20
23598,87.94573972498762,8.81508527939503,186005,78.01149217232324,3.6022338347977136,6
23599,260.5293065782199,-65.4791238764041,186006,227.03647807555316,-5.020718083634986,26
23600,-111.96466106023666,1.4255801831861556,186028,-109.71624596876933,-1.0040630408538558,16
23601,-150.93533380658573,-0.9125173020146742,186048,-148.09620948762597,-1.1157003398540595,36
23602,153.33908767675325,5.913170044053962,186065,135.4076551174278,-1.697351881935795,33
23603,-125.11798335224731,4.565558131443544,186077,-123.80894152337959,5.566802721935252,23
23604,-115.01520366918723,0.9532132773543808,186081,-118.09857507912784,0.7103841694799473,11
23605,-138.0851350220064,1.5777452928030535,186083,-137.57400940459857,4.493303950559668,20
23606,33.32342240932378,-13.05452693712355,186091,28.39696760572947,-22.91072472808294,12
23607,246.17328292723792,11.62074025641953,186114,227.03647807555316,-5.020718083634986,26
23608,-119.17062369412321,4.28849246763468,186120,-118.09857507912784,0.7103841694799473,11
23609,-115.04093959533418,1.5153695423516713,186130,-118.09857507912784,0.7103841694799473,11
23610,-110.23311923994662,5.80919741677481,186135,-114.33047638704419,5.73481138949136,19
23611,-43.72677934001573,0.44678942236688296,186139,-49.93530245157272,-0.19848027172185767,2
23612,-127.72940275955132,-1.9468842992448638,186146,-129.1025175244067,1.5488809909733745,1
23613,-141.34569377546916,7.232940583365234,186151,-142.14616351708418,5.245197398204194,22
23614,-83.73918747101598,-2.0010423159706408,186172,-85.91178621041317,3.2728237667350073,24
23615,-61.68561002939203,-1.2576644370420293,186177,-66.8889597803445,2.169628081691683,14
23616,-83.11701141224657,4.222648271875009,186190,-85.91178621041317,3.2728237667350073,24
23617,115.28096896307444,5.008067614712455,186193,104.96211155305676,-0.5414592591613776,31
23618,-112.17430472385043,4.4853699668301195,186194,-114.33047638704419,5.73481138949136,19
23619,75.52451289451525,0.022917790662991475,186219,78.01149217232324,3.6022338347977136,6
23620,-141.1563377435215,3.0678912703876966,186220,-142.14616351708418,5.245197398204194,22
23621,-45.67920868831384,-0.12116827580841219,186222,-49.93530245157272,-0.19848027172185767,2
23622,289.5372902135793,7.45452699866629,186230,302.44973475302317,-5.405747081354008,25
23623,-0.09899808932402068,6.793258959824572,186245,-6.878718007946434,-1.0926682779646681,10
23624,15.243410775232665,2.085492775261781,186249,18.937510567705566,1.034768221250525,27
23625,235.6060353270021,-38.62863077023871,186260,227.03647807555316,-5.020718083634986,26
23626,-132.09828225930403,1.9666092297360365,186263,-129.1025175244067,1.5488809909733745,1
23627,-23.21724414150252,8.461342865683278,186276,-29.714479793685786,-1.264748112657314,8
23628,-62.809430202701165,1.425242434976795,186277,-66.8889597803445,2.169628081691683,14
23629,-47.13152138292855,5.661936730690175,186280,-49.93530245157272,-0.19848027172185767,2
23630,-45.05542901717265,5.556946465373655,186281,-49.93530245157272,-0.19848027172185767,2
23631,175.4188899872543,5.555980284250237,186282,172.66355239880147,-2.7112682595768685,38
23632,-93.286267472862,-8.505424697465608,186289,-95.36861679384212,-10.95784818293233,28
23633,-45.1959974077583,-22.354384089343917,186296,-49.93530245157272,-0.19848027172185767,2
23634,-140.02503924284144,0.2362998453041941,186300,-141.0346653257256,-1.1036168920026446,0
23635,-74.86942210304963,-28.969424451867955,186317,-77.6204452281073,-4.536559244831727,5
23636,-111.18002313080312,5.65041115537756,186342,-114.33047638704419,5.73481138949136,19
23637,776.2297038917906,-28.830985146599115,186354,861.6475783799328,6.515082937232454,35
23638,-107.97631903291501,1.752968446851949,186389,-109.71624596876933,-1.0040630408538558,16
23639,-137.89632872105028,0.010640230181240244,186403,-134.89656831690453,-0.030690791204986433,34
23640,-15.33585846531411,-5.070906815640346,186417,-6.878718007946434,-1.0926682779646681,10
23641,600.8761885208331,27.69150805956453,186440,586.0312761189704,-1.722944617346204,30
23642,125.51298964012074,-26.80058053986828,186448,110.19899446847099,-35.665903512662624,21
23643,191.3837403349499,-37.0718937041576,186471,172.66355239880147,-2.7112682595768685,38
23644,109.7854866213793,13.203917663547646,186475,104.96211155305676,-0.5414592591613776,31
23645,-99.01744979597407,2.833044535686101,186476,-96.6939343764425,2.7165835152131033,15
23646,104.54534664213743,-13.642158382627814,186481,104.96211155305676,-0.5414592591613776,31
23647,-127.24936982282944,-9.37489571034717,186483,-130.75996572568545,-6.6137591708523855,18
23648,100.00070615291713,9.352833107953813,186490,104.96211155305676,-0.5414592591613776,31
23649,-80.07340908051219,2.29698635661673,186491,-85.91178621041317,3.2728237667350073,24
23650,-138.28629997602044,6.478841449332543,186492,-137.57400940459857,4.493303950559668,20
23651,124.3242535791583,5.235842561698318,186495,135.4076551174278,-1.697351881935795,33
23652,-132.53733584717142,-5.193468783622089,186499,-130.75996572568545,-6.6137591708523855,18
23653,81.10744230524267,-51.20155927550117,186506,110.19899446847099,-35.665903512662624,21
23654,-106.42725050095335,9.616792723692642,186535,-104.7190727296112,3.8815952186994593,7
23655,802.5158129810994,39.4925406272102,186544,861.6475783799328,6.515082937232454,35
23656,-65.31308036590426,8.829225373004522,186547,-66.8889597803445,2.169628081691683,14
23657,-97.94683857883847,1.7866158394806628,186552,-96.6939343764425,2.7165835152131033,15
23658,64.3864868046187,2.3565046043050626,186557,78.01149217232324,3.6022338347977136,6
23659,39.988063637687844,7.584773939525142,186559,47.997068783449585,1.2679199422360634,13
23660,-96.83980464371254,-1.0398349890821685,186562,-96.6939343764425,2.7165835152131033,15
23661,-62.87233906855861,1.7715628940462955,186565,-66.8889597803445,2.169628081691683,14
23662,-19.059332576303596,6.09944140567383,186570,-29.714479793685786,-1.264748112657314,8
23663,-144.11969625496897,3.7706811037548165,186586,-142.14616351708418,5.245197398204194,22
23664,-135.9066801648078,-0.7470381791547216,186592,-134.89656831690453,-0.030690791204986433,34
23665,135.05407232379045,9.794013010095812,186597,135.4076551174278,-1.697351881935795,33
23666,-118.79444504505514,-0.874788227752966,186601,-118.09857507912784,0.7103841694799473,11
23667,163.16883678686688,-34.88242345708128,186603,172.66355239880147,-2.7112682595768685,38
23668,-68.78682707574352,0.3245350320106561,186604,-66.8889597803445,2.169628081691683,14
23669,-36.54043775993534,-2.4877692539442164,186613,-29.714479793685786,-1.264748112657314,8
23670,-108.81647634935958,-1.240782247908984,186618,-109.71624596876933,-1.0040630408538558,16
23671,36.681362569084165,12.728525384975818,186628,47.997068783449585,1.2679199422360634,13
23672,-36.04776578403911,5.557871052150502,186639,-29.714479793685786,-1.264748112657314,8
23673,-126.02200863063607,2.452871761432525,186641,-129.1025175244067,1.5488809909733745,1
23674,81.6494403728373,-1.5945413798209258,186642,78.01149217232324,3.6022338347977136,6
23675,-111.96003402243791,-0.22259626148076794,186643,-109.71624596876933,-1.0040630408538558,16
23676,-62.579621600886796,-17.31276956286986,186666,-77.6204452281073,-4.536559244831727,5
23677,-119.36532601257412,8.042943778661702,186668,-123.80894152337959,5.566802721935252,23
23678,-76.50742752058473,-4.396899231629095,186676,-77.6204452281073,-4.536559244831727,5
23679,3.3506306359572173,0.5711489459960836,186677,-6.878718007946434,-1.0926682779646681,10
23680,-126.69586197947811,-2.1385072490336454,186679,-123.94204162798616,-1.5144507595891967,3
23681,-139.19286179429835,4.95870331651069,186682,-137.57400940459857,4.493303950559668,20
23682,-33.69870369419738,0.009374052537854123,186684,-29.714479793685786,-1.264748112657314,8
23683,-101.21261030819078,6.016084075424879,186697,-104.7190727296112,3.8815952186994593,7
23684,-128.78311186274414,-1.2935541984886358,186699,-129.1025175244067,1.5488809909733745,1
23685,-140.72391821195518,-4.314029042908374,186702,-141.0346653257256,-1.1036168920026446,0
23686,-112.777821350275,-1.1255510489697225,186713,-109.71624596876933,-1.0040630408538558,16
23687,-122.22031440275785,5.323227161662636,186716,-123.80894152337959,5.566802721935252,23
23688,-93.9232391361592,1.34228182954516,186720,-96.6939343764425,2.7165835152131033,15
23689,-69.5555567624357,-3.7411258669125536,186722,-66.8889597803445,2.169628081691683,14
23690,-57.0429690965313,-11.160810395368342,186733,-49.93530245157272,-0.19848027172185767,2
23691,-74.50797810313152,-5.36760312690633,186734,-77.6204452281073,-4.536559244831727,5
23692,-120.30138227599575,6.632471278271243,186738,-123.80894152337959,5.566802721935252,23
23693,-125.7888069819951,-1.6210568255943072,186739,-123.94204162798616,-1.5144507595891967,3
23694,-103.43533509208326,9.846676798903111,186742,-104.7190727296112,3.8815952186994593,7
23695,-82.53674570743175,-3.852305543621913,186746,-77.6204452281073,-4.536559244831727,5
23696,-129.37608416144923,8.119501190500216,186748,-132.1080396739421,5.887059356646324,17
23697,-132.65249485256945,-4.221495747560463,186787,-130.75996572568545,-6.6137591708523855,18
23698,0.9583472119801143,6.568865504039838,186793,-6.878718007946434,-1.0926682779646681,10
23699,-81.01538359177358,3.5944559028421175,186805,-85.91178621041317,3.2728237667350073,24
23700,-90.1586315867593,5.041319626496096,186811,-85.91178621041317,3.2728237667350073,24
23701,-85.82729658947974,-0.09842280764993673,186819,-85.91178621041317,3.2728237667350073,24
23702,-38.13441500523557,6.40195461761249,186824,-29.714479793685786,-1.264748112657314,8
23703,0.038872998484666396,-9.43719027239971,186825,-6.878718007946434,-1.0926682779646681,10
23704,-84.02288375550327,4.207124127146617,186845,-85.91178621041317,3.2728237667350073,24
23705,166.20690086095772,-20.94093233881606,186854,172.66355239880147,-2.7112682595768685,38
23706,27.788578992802606,-5.525906941992773,186870,18.937510567705566,1.034768221250525,27
23707,104.07992086347602,-21.259370445117987,186873,110.19899446847099,-35.665903512662624,21
23708,25.761346258768697,-4.462132572639789,186889,18.937510567705566,1.034768221250525,27
23709,-129.2121633332712,5.540140824949058,186898,-132.1080396739421,5.887059356646324,17
23710,-61.035329840935134,4.8573136370573335,186899,-66.8889597803445,2.169628081691683,14
23711,-119.89957744528748,-0.6262536616339854,186909,-118.09857507912784,0.7103841694799473,11
23712,92.14306217538899,7.122732703608694,186914,78.01149217232324,3.6022338347977136,6
23713,800.8915169061582,5.354868968257431,186915,861.6475783799328,6.515082937232454,35
23714,-52.84127626394053,1.2642327362327537,186926,-49.93530245157272,-0.19848027172185767,2
23715,69.10633448790291,6.005594087283894,186928,78.01149217232324,3.6022338347977136,6
23716,-133.19446667506637,4.053421839520146,186929,-132.1080396739421,5.887059356646324,17
23717,-154.31843585773035,6.429714995323234,186943,-152.23629829764135,4.213482038439798,37
23718,27.832067440353025,8.236352920878756,186949,18.937510567705566,1.034768221250525,27
23719,-147.1867827882842,3.647997698953619,186953,-146.59606179012786,4.113086925586259,4
23720,-116.66694117165544,-3.6298636029457807,186954,-118.09857507912784,0.7103841694799473,11
23721,614.9456441754503,12.686142209652846,186955,586.0312761189704,-1.722944617346204,30
23722,119.7186761911894,14.838012761201316,186960,104.96211155305676,-0.5414592591613776,31
23723,165.796880285748,14.925302243489508,186962,172.66355239880147,-2.7112682595768685,38
23724,-111.34938105110582,8.336017787270483,186978,-114.33047638704419,5.73481138949136,19
23725,-142.0695695803308,3.226583247768936,186988,-142.14616351708418,5.245197398204194,22
23726,-113.86482925652999,-0.27118600159285094,187009,-109.71624596876933,-1.0040630408538558,16
23727,-27.065039099878454,-38.09519652857385,187010,-29.714479793685786,-1.264748112657314,8
23728,-141.6629948388067,-5.160440711661768,187013,-141.0346653257256,-1.1036168920026446,0
23729,-97.13359946286211,4.869124409753531,187016,-96.6939343764425,2.7165835152131033,15
23730,-127.34544257433967,7.472293614958811,187022,-123.80894152337959,5.566802721935252,23
23731,330.85213568003144,-24.623712231295237,187027,302.44973475302317,-5.405747081354008,25
23732,-137.99384215418775,0.11100291674169256,187042,-134.89656831690453,-0.030690791204986433,34
23733,-88.13753977558672,5.629351676922308,187047,-85.91178621041317,3.2728237667350073,24
23734,-101.98588872681266,2.580794005986018,187053,-104.7190727296112,3.8815952186994593,7
23735,-146.77919916847512,-1.6844223052830856,187073,-148.09620948762597,-1.1157003398540595,36
23736,-65.74334791871684,-1.6218574839987985,187077,-66.8889597803445,2.169628081691683,14
23737,-130.95873235934488,-0.552188316545119,187095,-129.1025175244067,1.5488809909733745,1
23738,-108.01561517837622,-12.630521910028076,187102,-115.69510858146283,-11.595084171039186,39
23739,-81.97491299409407,-12.569572777826103,187103,-77.6204452281073,-4.536559244831727,5
23740,-115.92932491258235,0.5922501145366026,187104,-118.09857507912784,0.7103841694799473,11
23741,-129.03476372359103,1.1591952480231424,187112,-129.1025175244067,1.5488809909733745,1
23742,-106.31847011644923,7.23822915375449,187119,-104.7190727296112,3.8815952186994593,7
23743,-5.187881808009411,-21.338274684999792,187130,-6.878718007946434,-1.0926682779646681,10
23744,-101.08398271257867,3.716494853691599,187138,-104.7190727296112,3.8815952186994593,7
23745,-86.1176520894003,4.198495822430485,187142,-85.91178621041317,3.2728237667350073,24
23746,-31.776482569565584,1.2406236428465305,187147,-29.714479793685786,-1.264748112657314,8
23747,3.0756459187811203,3.5072751951174053,187167,-6.878718007946434,-1.0926682779646681,10
23748,144.73468267503043,-0.33752820930285793,187175,135.4076551174278,-1.697351881935795,33
23749,-123.85485662568347,-2.1855310195227147,187185,-123.94204162798616,-1.5144507595891967,3
23750,-51.25299370180792,8.256854219269194,187186,-49.93530245157272,-0.19848027172185767,2
23751,-151.1690354898633,4.2224481736142385,187201,-152.23629829764135,4.213482038439798,37
23752,-111.60624088606708,-4.341081964828165,187207,-109.71624596876933,-1.0040630408538558,16
23753,604.4209827002535,19.91141797640095,187210,586.0312761189704,-1.722944617346204,30
23754,-120.66809758933648,-4.17253349521911,187212,-123.94204162798616,-1.5144507595891967,3
23755,658.574465965014,-23.63532499702497,187226,586.0312761189704,-1.722944617346204,30
23756,-138.12480632570896,3.9944109965327628,187227,-137.57400940459857,4.493303950559668,20
23757,-90.96418343451933,1.2672489225079622,187233,-85.91178621041317,3.2728237667350073,24
23758,85.32909754480671,3.9630750684722553,187235,78.01149217232324,3.6022338347977136,6
23759,-1.7428334240378665,1.5046410768040976,187248,-6.878718007946434,-1.0926682779646681,10
23760,-125.12839731121,3.7866483266102624,187252,-123.80894152337959,5.566802721935252,23
23761,38.288631636141155,2.516285663781037,187257,47.997068783449585,1.2679199422360634,13
23762,-130.834385643929,-1.2195064841054373,187258,-129.1025175244067,1.5488809909733745,1
23763,-122.15810107997245,4.475161858055622,187262,-123.80894152337959,5.566802721935252,23
23764,-86.5420528043608,-4.83038593273658,187264,-85.91178621041317,3.2728237667350073,24
23765,-120.06845980870413,2.0532851492104984,187267,-118.09857507912784,0.7103841694799473,11
23766,119.04907140448888,-5.598250586663752,187272,104.96211155305676,-0.5414592591613776,31
23767,123.18717355999438,-7.534282342138542,187288,135.4076551174278,-1.697351881935795,33
23768,-82.90995764857846,1.2355308508893326,187292,-85.91178621041317,3.2728237667350073,24
23769,-90.65116846415464,-1.9920024342793499,187294,-85.91178621041317,3.2728237667350073,24
23770,-12.80840793192723,-12.480060152136883,187296,-6.878718007946434,-1.0926682779646681,10
23771,-3.1969086133477074,-6.87953834979429,187301,-6.878718007946434,-1.0926682779646681,10
23772,-149.9668856714685,-1.1965854932467936,187316,-148.09620948762597,-1.1157003398540595,36
23773,-135.55442411458117,-6.4202641324287715,187321,-130.75996572568545,-6.6137591708523855,18
23774,-85.02194563906095,2.102673520751197,187322,-85.91178621041317,3.2728237667350073,24
23775,-2.7531192839737324,-27.234857562932856,187324,-6.878718007946434,-1.0926682779646681,10
23776,267.4144155108967,8.23425310511418,187332,302.44973475302317,-5.405747081354008,25
23777,-59.276485551838505,8.125120698114543,187336,-66.8889597803445,2.169628081691683,14
23778,-4.658397914212241,0.6318861193040732,187346,-6.878718007946434,-1.0926682779646681,10
23779,29.767414999237825,10.22631585972763,187347,18.937510567705566,1.034768221250525,27
23780,-76.92632095931312,1.70353274244779,187349,-77.6204452281073,-4.536559244831727,5
23781,-124.12474717690132,3.196781656783266,187353,-123.80894152337959,5.566802721935252,23
23782,-29.49235955223764,-2.9155068149637913,187360,-29.714479793685786,-1.264748112657314,8
23783,-131.9814455967968,0.9609434464580984,187385,-129.1025175244067,1.5488809909733745,1
23784,-118.69115225880792,-2.6075216016195677,187391,-118.09857507912784,0.7103841694799473,11
23785,-141.26536839636066,5.471868221585466,187401,-142.14616351708418,5.245197398204194,22
23786,-93.22476533007061,5.919591614852443,187409,-96.6939343764425,2.7165835152131033,15
23787,-127.149840927991,4.215216068803192,187424,-129.1025175244067,1.5488809909733745,1
23788,-36.3732735439357,-4.609862280078126,187430,-29.714479793685786,-1.264748112657314,8
23789,-122.04168508493514,1.4219706891520758,187435,-123.94204162798616,-1.5144507595891967,3
23790,41.40221063310858,0.5962808377729979,187457,47.997068783449585,1.2679199422360634,13
23791,33.161022442823906,-24.7436027973392,187482,28.39696760572947,-22.91072472808294,12
23792,281.63246051650447,-8.983326292653707,187485,302.44973475302317,-5.405747081354008,25
23793,69.19269257569933,4.628040669051401,187487,78.01149217232324,3.6022338347977136,6
23794,-23.466838344147938,-2.837892688722992,187489,-29.714479793685786,-1.264748112657314,8
23795,-60.166021982611454,6.69240636338848,187525,-66.8889597803445,2.169628081691683,14
23796,-56.2180370180115,7.924698043280762,187532,-49.93530245157272,-0.19848027172185767,2
23797,-117.32562504226915,7.1830493943563924,187536,-114.33047638704419,5.73481138949136,19
23798,-118.44692872239891,-6.430568184206673,187538,-115.69510858146283,-11.595084171039186,39
23799,-22.693774748040095,0.07607424689853312,187547,-29.714479793685786,-1.264748112657314,8
23800,-150.3246678928248,6.62126552071876,187555,-152.23629829764135,4.213482038439798,37
23801,-103.16605392229842,5.4710083757288785,187565,-104.7190727296112,3.8815952186994593,7
23802,-87.02765869408942,3.7542941921872943,187566,-85.91178621041317,3.2728237667350073,24
23803,-84.78045630262788,-0.6131083757001956,187574,-85.91178621041317,3.2728237667350073,24
23804,0.4744186728235918,-2.210612731781937,187580,-6.878718007946434,-1.0926682779646681,10
23805,-84.08589329980566,4.063122471732316,187597,-85.91178621041317,3.2728237667350073,24
23806,-139.13105749267345,3.597670758258238,187600,-137.57400940459857,4.493303950559668,20
23807,-97.73689671022781,-1.2675695992489489,187603,-96.6939343764425,2.7165835152131033,15
23808,-139.9173868266089,0.433219525420604,187648,-141.0346653257256,-1.1036168920026446,0
23809,-83.15242185296152,5.002895124061436,187651,-85.91178621041317,3.2728237667350073,24
23810,15.149085072010463,4.1513495133178955,187655,18.937510567705566,1.034768221250525,27
23811,-152.32461606683236,6.604552508218195,187664,-152.23629829764135,4.213482038439798,37
23812,-107.01668842095512,0.5961648184953287,187675,-109.71624596876933,-1.0040630408538558,16
23813,-120.1815857090324,4.51973924548357,187676,-123.80894152337959,5.566802721935252,23
23814,348.64589626588815,-6.610004321183644,187681,302.44973475302317,-5.405747081354008,25
23815,-128.73271245934845,-1.8873601282409556,187682,-129.1025175244067,1.5488809909733745,1
23816,-81.5871181277496,-4.285699530578565,187690,-77.6204452281073,-4.536559244831727,5
23817,-80.9273155224962,0.09899980530857011,187699,-77.6204452281073,-4.536559244831727,5
23818,-87.34081364095202,8.036856046410078,187702,-85.91178621041317,3.2728237667350073,24
23819,82.89022613261096,-4.284196984456012,187714,78.01149217232324,3.6022338347977136,6
23820,-87.72022436266622,-1.9810920956280065,187722,-85.91178621041317,3.2728237667350073,24
23821,-122.07496361958272,2.1401564570454705,187730,-123.80894152337959,5.566802721935252,23
23822,-73.98849132156514,2.080464106553863,187749,-66.8889597803445,2.169628081691683,14
23823,507.9376894517638,-48.3330826588958,187755,586.0312761189704,-1.722944617346204,30
23824,39.58798900320224,-1.9696473023055328,187765,47.997068783449585,1.2679199422360634,13
23825,-146.9925534185481,0.4446225120756218,187767,-148.09620948762597,-1.1157003398540595,36
23826,10.460569250749206,15.071435129260303,187768,18.937510567705566,1.034768221250525,27
23827,-120.8773455852829,-0.12322828350628988,187769,-118.09857507912784,0.7103841694799473,11
23828,-74.8181335170513,0.9050319479147544,187773,-77.6204452281073,-4.536559244831727,5
23829,183.4841485942503,4.265841058687875,187774,172.66355239880147,-2.7112682595768685,38
23830,-56.172401924113856,-8.837235586918418,187787,-49.93530245157272,-0.19848027172185767,2
23831,-7.054278979163907,6.710110910083654,187796,-6.878718007946434,-1.0926682779646681,10
23832,44.02517754919456,-7.887288315545843,187810,47.997068783449585,1.2679199422360634,13
23833,-135.36259671676314,7.722464528695901,187818,-132.1080396739421,5.887059356646324,17
23834,64.0413863079036,-22.10462489030667,187822,70.166569844569,-14.692630117552799,9
23835,-54.964007416979776,3.3954026277309435,187857,-49.93530245157272,-0.19848027172185767,2
23836,-10.113714576573337,5.907962386944344,187865,-6.878718007946434,-1.0926682779646681,10
23837,92.30410762859665,-10.61522605619758,187879,104.96211155305676,-0.5414592591613776,31
23838,-111.03910401655317,3.076789904698661,187886,-114.33047638704419,5.73481138949136,19
23839,592.20393534533,22.413514244111727,187890,586.0312761189704,-1.722944617346204,30
23840,128.29873430689403,4.837007354410011,187895,135.4076551174278,-1.697351881935795,33
23841,-2.8050622937734806,2.33661317817408,187914,-6.878718007946434,-1.0926682779646681,10
23842,-42.97037990222115,3.7512327465507114,187921,-49.93530245157272,-0.19848027172185767,2
23843,-87.00259042944863,3.211767819413021,187924,-85.91178621041317,3.2728237667350073,24
23844,85.24875447444744,-9.522156945269117,187931,78.01149217232324,3.6022338347977136,6
23845,-104.43073170935583,9.7221400962342,187939,-104.7190727296112,3.8815952186994593,7
23846,114.05614971765236,8.881971315140245,187953,104.96211155305676,-0.5414592591613776,31
23847,-90.19726759789681,5.874531412433956,187954,-85.91178621041317,3.2728237667350073,24
23848,-97.0100125143952,1.6478327293772839,187968,-96.6939343764425,2.7165835152131033,15
23849,834.1944449967519,-26.587494979353583,187972,861.6475783799328,6.515082937232454,35
23850,-123.22652520130607,4.946811999734558,187988,-123.80894152337959,5.566802721935252,23
23851,-31.001846184049626,5.678265231900335,187990,-29.714479793685786,-1.264748112657314,8
23852,29.77380886914012,10.586468026841398,188009,18.937510567705566,1.034768221250525,27
23853,-136.89392571660645,-2.066502362448308,188019,-134.89656831690453,-0.030690791204986433,34
23854,-56.982148552895396,2.212504833026376,188025,-49.93530245157272,-0.19848027172185767,2
23855,641.5127900861748,5.347454662984689,188029,586.0312761189704,-1.722944617346204,30
23856,-85.1165837003894,3.6650064806692697,188038,-85.91178621041317,3.2728237667350073,24
23857,-77.23329897006317,-7.838579773256855,188050,-77.6204452281073,-4.536559244831727,5
23858,-103.87955934100397,0.7364915767262922,188062,-104.7190727296112,3.8815952186994593,7
23859,-136.35743642446138,7.584772186953,188076,-137.57400940459857,4.493303950559668,20
23860,542.4557152524587,2.8702889159592826,188078,586.0312761189704,-1.722944617346204,30
23861,-76.22824476930172,7.283610047870038,188083,-85.91178621041317,3.2728237667350073,24
23862,32.157258955919424,3.755726701497788,188090,18.937510567705566,1.034768221250525,27
23863,-90.00927108959327,2.265803980365675,188101,-85.91178621041317,3.2728237667350073,24
23864,-139.95785800833076,-1.215685259931273,188103,-141.0346653257256,-1.1036168920026446,0
23865,-143.33988416643942,7.074352554906502,188104,-142.14616351708418,5.245197398204194,22
23866,-113.91165937184194,0.2455445695932804,188105,-118.09857507912784,0.7103841694799473,11
23867,-143.34161629722666,7.113370420996639,188111,-142.14616351708418,5.245197398204194,22
23868,137.60297732084794,-13.332381231076376,188112,135.4076551174278,-1.697351881935795,33
23869,-123.38879500053463,8.491946233005358,188116,-123.80894152337959,5.566802721935252,23
23870,-143.27133353586882,6.080767873648791,188123,-142.14616351708418,5.245197398204194,22
23871,-109.33710713672633,7.579817941544798,188136,-114.33047638704419,5.73481138949136,19
23872,-25.27169414177384,-5.62980067005475,188148,-29.714479793685786,-1.264748112657314,8
23873,-146.3360097670386,6.944130268046312,188166,-146.59606179012786,4.113086925586259,4
23874,299.5705264249084,-21.538061507546818,188169,302.44973475302317,-5.405747081354008,25
23875,333.844207235327,4.552647806001182,188189,302.44973475302317,-5.405747081354008,25
23876,-89.27472379984472,7.587230465267498,188198,-85.91178621041317,3.2728237667350073,24
23877,84.4831090401283,1.600779393136209,188204,78.01149217232324,3.6022338347977136,6
23878,21.935993558540954,-7.3259742542462405,188206,18.937510567705566,1.034768221250525,27
23879,508.87609101292645,9.878657540215023,188207,586.0312761189704,-1.722944617346204,30
23880,-146.69881585495526,-4.4667946399209,188211,-148.09620948762597,-1.1157003398540595,36
23881,491.6082766458443,-1.3266618807277222,188212,417.6915390220547,-4.11857226961515,29
23882,-106.26463940854114,7.077025136734853,188227,-104.7190727296112,3.8815952186994593,7
23883,-62.99685746891594,4.497026495872284,188229,-66.8889597803445,2.169628081691683,14
23884,-153.27684584139973,5.535290417620682,188239,-152.23629829764135,4.213482038439798,37
23885,52.078109359042664,-8.379562212996495,188258,47.997068783449585,1.2679199422360634,13
23886,-115.19315807028393,4.835908579708508,188262,-114.33047638704419,5.73481138949136,19
23887,-70.38243304913395,9.766584570634121,188263,-66.8889597803445,2.169628081691683,14
23888,-72.27965965861243,7.982469521364858,188265,-66.8889597803445,2.169628081691683,14
23889,-99.16662915351682,5.034642470512177,188279,-96.6939343764425,2.7165835152131033,15
23890,68.01061205721457,7.568956913094464,188281,78.01149217232324,3.6022338347977136,6
23891,82.93084758983696,9.579767528178142,188295,78.01149217232324,3.6022338347977136,6
23892,-73.7232386648838,-1.1568854586539148,188302,-77.6204452281073,-4.536559244831727,5
23893,-54.93754525193541,3.3404391978166452,188303,-49.93530245157272,-0.19848027172185767,2
23894,162.0860945455494,-4.657342099633662,188307,172.66355239880147,-2.7112682595768685,38
23895,48.97060762532064,-7.120503002112606,188310,47.997068783449585,1.2679199422360634,13
23896,-49.778949128323,0.979402380686934,188322,-49.93530245157272,-0.19848027172185767,2
23897,-103.70923068277277,-1.9653372379626577,188330,-104.7190727296112,3.8815952186994593,7
23898,-124.08347182860098,2.81599160480785,188338,-123.80894152337959,5.566802721935252,23
23899,275.016066352665,14.535936458677076,188339,302.44973475302317,-5.405747081354008,25
23900,-56.43491298936887,-4.612380899595279,188341,-49.93530245157272,-0.19848027172185767,2
23901,-56.99590093549421,2.519962012341188,188354,-49.93530245157272,-0.19848027172185767,2
23902,-99.17794598513255,5.815192154866642,188355,-96.6939343764425,2.7165835152131033,15
23903,-113.01687018788058,1.0160075103400035,188364,-109.71624596876933,-1.0040630408538558,16
23904,-150.91776417665088,-1.7765238265139733,188369,-148.09620948762597,-1.1157003398540595,36
23905,478.92157196337473,8.367491250273744,188372,417.6915390220547,-4.11857226961515,29
23906,-115.32016916310965,7.608105790740887,188393,-114.33047638704419,5.73481138949136,19
23907,71.8320816080962,11.025444533450472,188394,78.01149217232324,3.6022338347977136,6
23908,-17.935288131844718,4.932580706335535,188398,-6.878718007946434,-1.0926682779646681,10
23909,-139.20102064489257,4.09395412350912,188399,-137.57400940459857,4.493303950559668,20
23910,-121.10825644443311,2.3712644021202745,188404,-118.09857507912784,0.7103841694799473,11
23911,239.41104964352672,7.331679855581697,188405,227.03647807555316,-5.020718083634986,26
23912,594.076182593769,10.00037747245368,188413,586.0312761189704,-1.722944617346204,30
23913,99.75630031028525,-16.800262761252405,188422,104.96211155305676,-0.5414592591613776,31
23914,-138.35309406906777,7.452688604452205,188423,-137.57400940459857,4.493303950559668,20
23915,-90.04883063851746,3.642972426946352,188427,-85.91178621041317,3.2728237667350073,24
23916,-146.33775452422236,6.994490097890342,188435,-146.59606179012786,4.113086925586259,4
23917,-54.154501948931426,-9.191252021675073,188443,-49.93530245157272,-0.19848027172185767,2
23918,-124.99404425511436,1.8568029893940465,188452,-123.94204162798616,-1.5144507595891967,3
23919,-137.09330228277136,3.3101679709316114,188453,-137.57400940459857,4.493303950559668,20
23920,-135.24723633278907,5.179186559325496,188455,-137.57400940459857,4.493303950559668,20
23921,-38.72388962388916,-15.28825530676505,188463,-29.714479793685786,-1.264748112657314,8
23922,78.1730892021214,6.244516392860799,188466,78.01149217232324,3.6022338347977136,6
23923,-104.43391270678697,9.808300194089796,188469,-104.7190727296112,3.8815952186994593,7
23924,-44.83774318044862,1.3079681828693999,188475,-49.93530245157272,-0.19848027172185767,2
23925,124.49991485405903,2.413067535852815,188483,135.4076551174278,-1.697351881935795,33
23926,-50.12341385975836,5.438976032253738,188488,-49.93530245157272,-0.19848027172185767,2
23927,-103.81420999202496,0.3159631432475083,188489,-104.7190727296112,3.8815952186994593,7
23928,-80.06088833301524,3.5670677766442385,188491,-85.91178621041317,3.2728237667350073,24
23929,-7.783197811599633,1.796051802190805,188493,-6.878718007946434,-1.0926682779646681,10
23930,-98.56873545256593,-4.4512628541118255,188498,-95.36861679384212,-10.95784818293233,28
23931,500.1117884354932,-8.114260226056325,188499,417.6915390220547,-4.11857226961515,29
23932,116.14508614504032,-36.69976594182245,188513,110.19899446847099,-35.665903512662624,21
23933,-47.27381552889541,9.309086235898478,188518,-49.93530245157272,-0.19848027172185767,2
23934,-37.23337629261786,8.071343135407561,188524,-29.714479793685786,-1.264748112657314,8
23935,-124.17000647323333,4.702661531104834,188533,-123.80894152337959,5.566802721935252,23
23936,-85.68468443344737,-2.218736344823022,188545,-85.91178621041317,3.2728237667350073,24
23937,-85.58029083901502,-3.9889047027875044,188554,-85.91178621041317,3.2728237667350073,24
23938,-57.21267980872533,-7.957365677714428,188557,-49.93530245157272,-0.19848027172185767,2
23939,1327.0135270042183,21.792543153427268,188573,1342.5649032771717,32.04824045393157,32
23940,17.77737867877018,9.798721079373973,188599,18.937510567705566,1.034768221250525,27
23941,110.25303546783029,5.016632042143179,188605,104.96211155305676,-0.5414592591613776,31
23942,-152.2034913856826,3.948578802499101,188614,-152.23629829764135,4.213482038439798,37
23943,256.6925548631527,4.007816422559945,188618,227.03647807555316,-5.020718083634986,26
23944,-111.76344213885346,-1.9663228241169295,188621,-109.71624596876933,-1.0040630408538558,16
23945,-103.13197206011094,5.238159913353955,188622,-104.7190727296112,3.8815952186994593,7
23946,131.77937591043357,13.704106169177912,188643,135.4076551174278,-1.697351881935795,33
23947,-140.98158241856058,1.3245138120272324,188651,-141.0346653257256,-1.1036168920026446,0
23948,-105.3628347820213,8.73524783429906,188652,-104.7190727296112,3.8815952186994593,7
23949,-110.0828241991671,3.019921841144956,188672,-109.71624596876933,-1.0040630408538558,16
23950,-66.59245138479935,-3.9147851741580197,188675,-66.8889597803445,2.169628081691683,14
23951,1005.2926612131932,-7.534759236501126,188677,861.6475783799328,6.515082937232454,35
23952,202.43222594141054,-8.484964527697269,188678,227.03647807555316,-5.020718083634986,26
23953,-71.0024724032228,2.4413914398906114,188689,-66.8889597803445,2.169628081691683,14
23954,-115.06231216391294,2.9952309642070274,188694,-114.33047638704419,5.73481138949136,19
23955,-33.359347194446734,-4.859147065055684,188696,-29.714479793685786,-1.264748112657314,8
23956,-133.0134897401979,2.147905523681293,188714,-134.89656831690453,-0.030690791204986433,34
23957,-86.75276825462281,-0.7322466883669513,188716,-85.91178621041317,3.2728237667350073,24
23958,81.56133696043521,0.353796756709463,188728,78.01149217232324,3.6022338347977136,6
23959,-146.2369096491098,4.7658229073654175,188729,-146.59606179012786,4.113086925586259,4
23960,-91.23711777935873,6.7165653066990165,188738,-85.91178621041317,3.2728237667350073,24
23961,-113.03882170330306,2.029042707707689,188741,-114.33047638704419,5.73481138949136,19
23962,-98.90247824019679,-0.23943447804892526,188747,-96.6939343764425,2.7165835152131033,15
23963,126.9093556525945,-3.432358313323298,188753,135.4076551174278,-1.697351881935795,33
23964,-57.72915781478125,-0.7576392022137558,188755,-49.93530245157272,-0.19848027172185767,2
23965,-122.20744962939115,5.563033268370499,188760,-123.80894152337959,5.566802721935252,23
23966,-59.15808458222243,5.549354984189526,188768,-66.8889597803445,2.169628081691683,14
23967,-131.27077437332565,5.767960000562651,188773,-132.1080396739421,5.887059356646324,17
23968,-92.09671073264948,4.132665955913492,188778,-96.6939343764425,2.7165835152131033,15
23969,-120.07760840918124,2.242406325560626,188787,-118.09857507912784,0.7103841694799473,11
23970,-74.15116945362327,4.603498892551482,188789,-66.8889597803445,2.169628081691683,14
23971,-23.978096599386046,3.7204078118778248,188792,-29.714479793685786,-1.264748112657314,8
23972,-93.73429878870371,-16.50115379370358,188795,-95.36861679384212,-10.95784818293233,28
23973,-99.38044606789025,9.229873778582958,188798,-96.6939343764425,2.7165835152131033,15
23974,-74.78110217375907,-0.9348528434936102,188802,-77.6204452281073,-4.536559244831727,5
23975,71.40347555381608,2.1033315366400474,188804,78.01149217232324,3.6022338347977136,6
23976,355.05255950781395,1.8806109665385382,188807,302.44973475302317,-5.405747081354008,25
23977,-145.1037106184156,1.8718060394273124,188813,-146.59606179012786,4.113086925586259,4
23978,220.79606770374602,1.1324406742087392,188823,227.03647807555316,-5.020718083634986,26
23979,291.22345440344566,11.805848878143276,188832,302.44973475302317,-5.405747081354008,25
23980,-21.025440572358796,4.294036414716203,188840,-29.714479793685786,-1.264748112657314,8
23981,-142.0492787244441,2.257758361195688,188842,-142.14616351708418,5.245197398204194,22
23982,320.5009021098977,9.288314619011196,188844,302.44973475302317,-5.405747081354008,25
23983,-138.05234167351827,0.8638830910479357,188897,-134.89656831690453,-0.030690791204986433,34
23984,144.35575020758193,4.87161994164837,188905,135.4076551174278,-1.697351881935795,33
23985,-98.04081529134733,3.3312885305565745,188906,-96.6939343764425,2.7165835152131033,15
23986,-138.26544694457485,6.043842486729792,188909,-137.57400940459857,4.493303950559668,20
23987,-148.10541067628463,1.8590794915884685,188918,-146.59606179012786,4.113086925586259,4
23988,-108.8447508969403,-0.12003849343735008,188924,-109.71624596876933,-1.0040630408538558,16
23989,-111.02626412564639,2.2898676973458376,188956,-109.71624596876933,-1.0040630408538558,16
23990,-109.4197253568932,9.408939120974834,188962,-114.33047638704419,5.73481138949136,19
23991,-63.896514734471246,1.7856147741152353,188973,-66.8889597803445,2.169628081691683,14
23992,99.09342960780418,7.293607413467217,188977,104.96211155305676,-0.5414592591613776,31
23993,-154.96191582927992,-1.4034607577727418,188979,-152.23629829764135,4.213482038439798,37
23994,-140.26659513410397,5.52773219738748,188985,-142.14616351708418,5.245197398204194,22
23995,16.654432295523293,-3.2858354469517934,188996,18.937510567705566,1.034768221250525,27
23996,76.16620841172899,-8.893437956763268,189003,70.166569844569,-14.692630117552799,9
23997,-114.93090890920946,0.13015919654327673,189007,-118.09857507912784,0.7103841694799473,11
23998,-50.84465401105238,0.34662150412703885,189011,-49.93530245157272,-0.19848027172185767,2
23999,-103.13557851066722,5.338853904839698,189023,-104.7190727296112,3.8815952186994593,7
24000,-89.09964360653673,4.774603098053383,189027,-85.91178621041317,3.2728237667350073,24
24001,-19.996570672741655,5.728103243325615,189028,-29.714479793685786,-1.264748112657314,8
24002,-126.12755260483948,3.226799140181774,189041,-123.80894152337959,5.566802721935252,23
24003,147.54568262427242,-11.887871648647431,189058,135.4076551174278,-1.697351881935795,33
24004,-98.0418758715449,3.366008952541279,189071,-96.6939343764425,2.7165835152131033,15
24005,-131.07530245885545,1.5008719690106582,189076,-129.1025175244067,1.5488809909733745,1
24006,-35.9303916127209,2.488429817929219,189082,-29.714479793685786,-1.264748112657314,8
24007,-87.03292398991825,4.366969087598234,189085,-85.91178621041317,3.2728237667350073,24
24008,-143.31621804693776,6.583746952974639,189086,-142.14616351708418,5.245197398204194,22
24009,-55.22507383276227,6.556011722109101,189087,-49.93530245157272,-0.19848027172185767,2
24010,-126.66183233443184,-3.911618113222567,189090,-123.94204162798616,-1.5144507595891967,3
24011,-4.511208209716064,-16.813304316528935,189095,-6.878718007946434,-1.0926682779646681,10
24012,79.06172452185528,-8.086396204034381,189098,70.166569844569,-14.692630117552799,9
24013,-92.87320634907974,1.2984611174453722,189102,-96.6939343764425,2.7165835152131033,15
24014,-31.00778517843423,3.757867891141012,189109,-29.714479793685786,-1.264748112657314,8
24015,288.33836342083924,-4.479394807142138,189129,302.44973475302317,-5.405747081354008,25
24016,-102.84783035193068,-0.4430406060375622,189131,-104.7190727296112,3.8815952186994593,7
24017,42.04067085361138,5.449561250048377,189153,47.997068783449585,1.2679199422360634,13
24018,-127.22880234518036,-9.815341182005728,189160,-130.75996572568545,-6.6137591708523855,18
24019,-133.3634207058746,7.754194565452566,189163,-132.1080396739421,5.887059356646324,17
24020,-87.38903446096269,-6.656080503780063,189169,-95.36861679384212,-10.95784818293233,28
24021,-92.7577400835288,-1.2381768291534279,189187,-96.6939343764425,2.7165835152131033,15
24022,-65.04433053121686,-10.24800314785327,189197,-66.8889597803445,2.169628081691683,14
24023,-124.32026342936602,7.488215652898784,189199,-123.80894152337959,5.566802721935252,23
24024,-125.97764141486834,-0.5575597324144045,189210,-123.94204162798616,-1.5144507595891967,3
24025,-130.9447484858401,-0.8759303740581348,189236,-129.1025175244067,1.5488809909733745,1
24026,-118.08532457889028,2.971535150333587,189237,-118.09857507912784,0.7103841694799473,11
24027,148.06123456758672,10.370544757990752,189239,135.4076551174278,-1.697351881935795,33
24028,-85.13160029169308,6.057871827090318,189252,-85.91178621041317,3.2728237667350073,24
24029,-114.04124848736146,1.0404746384664039,189253,-118.09857507912784,0.7103841694799473,11
24030,986.6577904980903,15.144631564623175,189257,861.6475783799328,6.515082937232454,35
24031,-151.11001239686126,3.4463676499185762,189260,-152.23629829764135,4.213482038439798,37
24032,-134.9365410439061,-1.0920319651571833,189265,-134.89656831690453,-0.030690791204986433,34
24033,236.7471504826664,-11.735358026719254,189274,227.03647807555316,-5.020718083634986,26
24034,-71.10268823642421,4.614882269677674,189279,-66.8889597803445,2.169628081691683,14
24035,111.22581022707179,-8.590873846946023,189280,104.96211155305676,-0.5414592591613776,31
24036,-99.99000960008627,2.7135082960375545,189282,-96.6939343764425,2.7165835152131033,15
24037,-138.08019424659966,1.9875447230568837,189285,-137.57400940459857,4.493303950559668,20
24038,168.66553980723327,1.5832454129822506,189295,172.66355239880147,-2.7112682595768685,38
24039,-39.97591899464863,4.941073604317699,189317,-49.93530245157272,-0.19848027172185767,2
24040,890.0322850713687,-22.082044955934965,189327,861.6475783799328,6.515082937232454,35
24041,-138.2580759376925,5.865112003527852,189332,-137.57400940459857,4.493303950559668,20
24042,-144.9799347091532,0.70841289025784,189345,-148.09620948762597,-1.1157003398540595,36
24043,-149.9429766822535,-0.6982278003965734,189358,-148.09620948762597,-1.1157003398540595,36
24044,81.29025701479152,4.237556451623543,189362,78.01149217232324,3.6022338347977136,6
24045,-109.09016914890753,2.705372435752813,189365,-109.71624596876933,-1.0040630408538558,16
24046,246.980370210455,-29.35672860803339,189388,227.03647807555316,-5.020718083634986,26
24047,0.5062194411048071,-17.10323581823282,189390,-6.878718007946434,-1.0926682779646681,10
24048,194.09101043947678,10.485831403191304,189401,172.66355239880147,-2.7112682595768685,38
24049,-149.27895944712907,5.622195686181902,189407,-146.59606179012786,4.113086925586259,4
24050,-35.364729710366895,-19.5031021481324,189409,-29.714479793685786,-1.264748112657314,8
24051,-120.9551859843236,1.5750009446964515,189420,-118.09857507912784,0.7103841694799473,11
24052,-11.213607713345224,8.06587142062189,189429,-6.878718007946434,-1.0926682779646681,10
24053,179.52022066476744,-10.812853100929582,189432,172.66355239880147,-2.7112682595768685,38
24054,-43.04720640803748,-9.81567790762533,189444,-49.93530245157272,-0.19848027172185767,2
24055,-115.12863504072463,2.9167210301720887,189450,-114.33047638704419,5.73481138949136,19
24056,-101.1215722184401,4.543906079863782,189458,-104.7190727296112,3.8815952186994593,7
24057,-139.32546232400875,6.8299312648360075,189461,-137.57400940459857,4.493303950559668,20
24058,-49.15699123727166,6.695639263349337,189464,-49.93530245157272,-0.19848027172185767,2
24059,-132.8714106050545,0.06678575038204858,189467,-134.89656831690453,-0.030690791204986433,34
24060,363.4622837058543,11.374237489993783,189481,417.6915390220547,-4.11857226961515,29
24061,-90.76707665111249,-1.5018734387459327,189487,-85.91178621041317,3.2728237667350073,24
24062,-107.78434259864635,-1.4246579369752261,189488,-109.71624596876933,-1.0040630408538558,16
24063,-56.13476593211282,6.630987954209569,189490,-49.93530245157272,-0.19848027172185767,2
24064,-73.968342005587,1.6452713750447825,189497,-66.8889597803445,2.169628081691683,14
24065,-134.8715209515963,0.02993478484397191,189504,-134.89656831690453,-0.030690791204986433,34
24066,-151.1043887735453,1.7812539927625974,189508,-152.23629829764135,4.213482038439798,37
24067,-54.89928743924978,1.9985981197990483,189515,-49.93530245157272,-0.19848027172185767,2
24068,21.508111307690378,-1.0376769854206576,189521,18.937510567705566,1.034768221250525,27
24069,-35.8954899883835,3.2495927982341852,189525,-29.714479793685786,-1.264748112657314,8
24070,459.092834993415,-23.627755974111167,189527,417.6915390220547,-4.11857226961515,29
24071,309.0863195452473,-14.365452845164798,189546,302.44973475302317,-5.405747081354008,25
24072,-110.54177897857139,-6.278521277117584,189550,-109.71624596876933,-1.0040630408538558,16
24073,-89.98240373865455,2.195604945040405,189564,-85.91178621041317,3.2728237667350073,24
24074,-109.15993888461635,4.223408795916294,189575,-104.7190727296112,3.8815952186994593,7
24075,-137.0575455808889,1.506000244463159,189580,-134.89656831690453,-0.030690791204986433,34
24076,-102.86543532398493,-0.06648374258988726,189590,-104.7190727296112,3.8815952186994593,7
24077,20.995536454949374,6.0775434954482535,189601,18.937510567705566,1.034768221250525,27
24078,-45.36698070791855,10.863321851593044,189604,-49.93530245157272,-0.19848027172185767,2
24079,-128.88609792313875,-1.6033045240618637,189615,-129.1025175244067,1.5488809909733745,1
24080,-26.55384145036503,-2.034202868888134,189629,-29.714479793685786,-1.264748112657314,8
24081,-57.461940377922204,-19.292324265756623,189633,-49.93530245157272,-0.19848027172185767,2
24082,-24.13672346576647,7.712804514462259,189639,-29.714479793685786,-1.264748112657314,8
24083,-7.23802146732626,9.69764937675189,189647,-6.878718007946434,-1.0926682779646681,10
24084,205.15778701547117,10.240059138192262,189650,227.03647807555316,-5.020718083634986,26
24085,-124.95369878698327,0.46046856423877663,189651,-123.94204162798616,-1.5144507595891967,3
24086,124.85838529778395,-31.818437687227743,189664,110.19899446847099,-35.665903512662624,21
24087,-133.25613322224774,5.908235913438118,189668,-132.1080396739421,5.887059356646324,17
24088,-74.15925494547662,5.326879611228611,189672,-66.8889597803445,2.169628081691683,14
24089,-119.16415283490987,4.128546416203452,189678,-118.09857507912784,0.7103841694799473,11
24090,-122.14932436753831,3.7664402537344244,189689,-123.80894152337959,5.566802721935252,23
24091,-121.63388743732928,-4.951126260717803,189695,-123.94204162798616,-1.5144507595891967,3
24092,-22.24457234197989,-7.189402190007638,189711,-29.714479793685786,-1.264748112657314,8
24093,-82.94064641987647,3.4570856441674898,189719,-85.91178621041317,3.2728237667350073,24
24094,-125.11902113306088,2.539095948830221,189722,-123.80894152337959,5.566802721935252,23
24095,-109.96863561161936,1.569500671146076,189723,-109.71624596876933,-1.0040630408538558,16
24096,-45.43735829254399,-4.387521040297876,189725,-49.93530245157272,-0.19848027172185767,2
24097,-92.04894295726416,-11.625959344354918,189727,-95.36861679384212,-10.95784818293233,28
24098,-134.06435840434509,2.743433143079728,189734,-134.89656831690453,-0.030690791204986433,34
24099,30.018744981117607,7.266858969256771,189760,18.937510567705566,1.034768221250525,27
24100,-82.83434444915001,0.6113284796501022,189762,-85.91178621041317,3.2728237667350073,24
24101,-70.35984469888429,-5.99444425354292,189768,-77.6204452281073,-4.536559244831727,5
24102,-27.382430720924763,-4.261793067947415,189784,-29.714479793685786,-1.264748112657314,8
24103,47.66815002630398,-3.601048445895515,189788,47.997068783449585,1.2679199422360634,13
24104,-115.05376218843358,1.2892397894554863,189798,-118.09857507912784,0.7103841694799473,11
24105,-26.265282898856363,-5.777021505788793,189805,-29.714479793685786,-1.264748112657314,8
24106,-110.62137426839168,-3.50373587444439,189806,-109.71624596876933,-1.0040630408538558,16
24107,-138.93612490297355,-1.7105985104333947,189807,-141.0346653257256,-1.1036168920026446,0
24108,-148.06938776272312,1.0898202125507739,189821,-148.09620948762597,-1.1157003398540595,36
24109,-44.05283225948602,-24.442827993544565,189822,-49.93530245157272,-0.19848027172185767,2
24110,-64.14076506435939,6.107948737600791,189826,-66.8889597803445,2.169628081691683,14
24111,-1.353820859716061,-3.9450956785694493,189835,-6.878718007946434,-1.0926682779646681,10
24112,-104.53346420999539,-4.799446799236963,189839,-109.71624596876933,-1.0040630408538558,16
24113,-139.3501537341364,7.347530494843277,189846,-137.57400940459857,4.493303950559668,20
24114,216.56353124859413,4.623991053665745,189851,227.03647807555316,-5.020718083634986,26
24115,-30.632352728346007,-15.612532363308153,189862,-29.714479793685786,-1.264748112657314,8
24116,-35.522633093341085,-2.8589824847365892,189873,-29.714479793685786,-1.264748112657314,8
24117,-28.52790200154912,-3.6653104724387044,189877,-29.714479793685786,-1.264748112657314,8
24118,-107.09798458408032,2.385445858107849,189879,-104.7190727296112,3.8815952186994593,7
24119,-131.05619743075835,1.0757652525713064,189882,-129.1025175244067,1.5488809909733745,1
24120,-34.73113661315351,-0.32184254960480513,189898,-29.714479793685786,-1.264748112657314,8
24121,139.77977098990397,-0.8957277499508987,189915,135.4076551174278,-1.697351881935795,33
24122,-141.74053488761987,-3.9838594014803825,189919,-141.0346653257256,-1.1036168920026446,0
24123,-148.00827530048014,0.7591449484474796,189933,-148.09620948762597,-1.1157003398540595,36
24124,-152.12965916337183,2.2990721122479525,189967,-152.23629829764135,4.213482038439798,37
24125,-31.140179554270702,7.669182974624442,189971,-29.714479793685786,-1.264748112657314,8
24126,-29.45880770519593,-4.151235092472047,189979,-29.714479793685786,-1.264748112657314,8
24127,-98.92420905319382,0.2590879452097426,189982,-96.6939343764425,2.7165835152131033,15
24128,102.09343128740939,-6.862224128099296,189986,104.96211155305676,-0.5414592591613776,31
24129,-100.5331833241428,-4.225859520983118,190000,-96.6939343764425,2.7165835152131033,15
24130,-21.013887959019655,6.093478479106758,190005,-29.714479793685786,-1.264748112657314,8
24131,-101.07878359129965,2.077737904351238,190022,-104.7190727296112,3.8815952186994593,7
24132,-64.37935163240296,10.296192148674617,190026,-66.8889597803445,2.169628081691683,14
24133,190.79404983448492,15.400228849983797,190032,172.66355239880147,-2.7112682595768685,38
24134,197.6707089480597,-12.263591528254697,190036,172.66355239880147,-2.7112682595768685,38
24135,-39.90993057408515,2.4638733965612256,190041,-49.93530245157272,-0.19848027172185767,2
24136,-48.796648162340134,-13.863444918627703,190043,-49.93530245157272,-0.19848027172185767,2
24137,-108.04252264683427,1.1625125088525914,190048,-109.71624596876933,-1.0040630408538558,16
24138,364.9721411220424,3.823811175366363,190051,417.6915390220547,-4.11857226961515,29
24139,-35.49672135119489,-3.4313467347525135,190052,-29.714479793685786,-1.264748112657314,8
24140,27.92988057998602,-79.19813589116532,190056,28.39696760572947,-22.91072472808294,12
24141,-91.25117554472396,6.530587896498766,190066,-85.91178621041317,3.2728237667350073,24
24142,-135.230131731011,5.338315145976444,190072,-137.57400940459857,4.493303950559668,20
24143,-68.67644950727521,-2.615367325759844,190081,-66.8889597803445,2.169628081691683,14
24144,89.09311219333007,7.661966908359129,190093,78.01149217232324,3.6022338347977136,6
24145,-127.92167529261333,-1.3191986850947,190094,-129.1025175244067,1.5488809909733745,1
24146,283.31138185525265,10.25086915068276,190097,302.44973475302317,-5.405747081354008,25
24147,-137.97030564346662,-0.4019093539049148,190102,-134.89656831690453,-0.030690791204986433,34
24148,25.052072171783315,4.912592867619854,190125,18.937510567705566,1.034768221250525,27
24149,-139.35196229324364,7.414333080955444,190128,-137.57400940459857,4.493303950559668,20
24150,-106.59575253148202,-4.508234425187305,190129,-109.71624596876933,-1.0040630408538558,16
24151,-149.8626388708201,-2.992523260389573,190130,-148.09620948762597,-1.1157003398540595,36
24152,-139.91282353894385,-0.6781816413596891,190141,-141.0346653257256,-1.1036168920026446,0
24153,436.34952720615354,15.054905319631859,190145,417.6915390220547,-4.11857226961515,29
24154,-83.96114636261161,1.3238331516077615,190151,-85.91178621041317,3.2728237667350073,24
24155,-78.1158999219828,4.28882354096443,190165,-85.91178621041317,3.2728237667350073,24
24156,-131.07135886697745,1.4054232349893434,190173,-129.1025175244067,1.5488809909733745,1
24157,10.259970593932886,2.167218211043468,190175,18.937510567705566,1.034768221250525,27
24158,345.85167270550176,-9.63161451197627,190205,302.44973475302317,-5.405747081354008,25
24159,-115.1889182701597,4.2546044239851,190214,-114.33047638704419,5.73481138949136,19
24160,-93.22847972386518,5.4792169807698015,190220,-96.6939343764425,2.7165835152131033,15
24161,-98.6460589609894,-2.24738777170631,190223,-96.6939343764425,2.7165835152131033,15
24162,-120.59288185678304,-5.315188793987474,190224,-123.94204162798616,-1.5144507595891967,3
24163,38.81666385779764,-48.60628502868758,190231,28.39696760572947,-22.91072472808294,12
24164,78.19839012205671,-9.575886257398421,190246,70.166569844569,-14.692630117552799,9
24165,97.84876154089095,10.578522610649449,190252,104.96211155305676,-0.5414592591613776,31
24166,646.192945674172,-4.357443281632855,190259,586.0312761189704,-1.722944617346204,30
24167,284.72827433865103,4.723532269823027,190260,302.44973475302317,-5.405747081354008,25
24168,89.95852480293993,9.601635916825327,190265,78.01149217232324,3.6022338347977136,6
24169,-106.09587034003314,3.8887506206666314,190271,-104.7190727296112,3.8815952186994593,7
24170,-131.05800642592817,1.1000424996021096,190285,-129.1025175244067,1.5488809909733745,1
24171,-96.84271264870908,0.045659601972111274,190316,-96.6939343764425,2.7165835152131033,15
24172,-121.31232039888816,6.85698450574486,190332,-123.80894152337959,5.566802721935252,23
24173,-65.78663424741504,-0.6604739939497476,190339,-66.8889597803445,2.169628081691683,14
24174,-132.13495761137997,2.763145828445191,190350,-132.1080396739421,5.887059356646324,17
24175,302.91242345796917,16.754025852851107,190363,302.44973475302317,-5.405747081354008,25
24176,74.5544942809912,-0.15062679593729644,190367,78.01149217232324,3.6022338347977136,6
24177,-139.34416642088274,7.2200807386283214,190375,-137.57400940459857,4.493303950559668,20
24178,24.097249825397462,5.444968646541805,190380,18.937510567705566,1.034768221250525,27
24179,-133.16165401923618,3.3608329533727126,190397,-132.1080396739421,5.887059356646324,17
24180,21.304062179217834,1.8885915321287308,190401,18.937510567705566,1.034768221250525,27
24181,-18.947872649825456,4.166154322869914,190410,-29.714479793685786,-1.264748112657314,8
24182,-93.08781994051648,-10.787650835617086,190411,-95.36861679384212,-10.95784818293233,28
24183,-122.19053675189832,5.193689219069049,190425,-123.80894152337959,5.566802721935252,23
24184,7.202304452409926,1.8304334645283307,190444,18.937510567705566,1.034768221250525,27
24185,-115.86978160607535,-1.7407772253598075,190452,-118.09857507912784,0.7103841694799473,11
24186,-89.14706627493824,4.283194751409763,190461,-85.91178621041317,3.2728237667350073,24
24187,-106.95278216489675,1.261241201662521,190465,-104.7190727296112,3.8815952186994593,7
24188,-8.84800421921239,-12.062615747101544,190478,-6.878718007946434,-1.0926682779646681,10
24189,-83.43621660244804,-6.075629326500873,190494,-77.6204452281073,-4.536559244831727,5
24190,-76.89115251374461,-28.01660955808533,190500,-77.6204452281073,-4.536559244831727,5
24191,48.49946638976629,15.876394604796598,190527,47.997068783449585,1.2679199422360634,13
24192,-100.62121703576229,-4.365137423533255,190528,-96.6939343764425,2.7165835152131033,15
24193,-144.2756983859275,6.174086355128834,190529,-142.14616351708418,5.245197398204194,22
24194,-95.6976056870768,-2.0860839704849,190530,-96.6939343764425,2.7165835152131033,15
24195,-130.75594184151487,-1.9232045305407122,190558,-129.1025175244067,1.5488809909733745,1
24196,-106.65108602968685,-2.28376262021131,190560,-109.71624596876933,-1.0040630408538558,16
24197,-144.10860007429608,3.026415506623498,190565,-146.59606179012786,4.113086925586259,4
24198,28.629665984476045,-17.797431797186505,190574,28.39696760572947,-22.91072472808294,12
24199,351.4167056372273,-3.0807435090728092,190576,302.44973475302317,-5.405747081354008,25
24200,-132.22552984520055,4.757736579892755,190583,-132.1080396739421,5.887059356646324,17
24201,-33.02889853328236,4.67649346550346,190586,-29.714479793685786,-1.264748112657314,8
24202,-141.2752762413484,5.721263281886972,190610,-142.14616351708418,5.245197398204194,22
24203,-46.270005858041216,-6.518733639711359,190621,-49.93530245157272,-0.19848027172185767,2
24204,-150.2132242218925,4.690387547881914,190630,-152.23629829764135,4.213482038439798,37
24205,-110.85627351153533,-1.4469589118807757,190636,-109.71624596876933,-1.0040630408538558,16
24206,-99.9433704000993,0.6737626235149651,190643,-96.6939343764425,2.7165835152131033,15
24207,-118.7585690797893,-2.67895802068596,190657,-118.09857507912784,0.7103841694799473,11
24208,-146.25812647910982,5.2330694552118295,190669,-146.59606179012786,4.113086925586259,4
24209,-136.16932019706624,4.48446031399137,190670,-137.57400940459857,4.493303950559668,20
24210,-132.12586353400638,4.119984300406518,190677,-132.1080396739421,5.887059356646324,17
24211,-123.20425138892635,-10.804703983763256,190715,-115.69510858146283,-11.595084171039186,39
24212,172.11723018581043,-19.395697853297044,190716,172.66355239880147,-2.7112682595768685,38
24213,144.59098675632237,1.7709879904184307,190729,135.4076551174278,-1.697351881935795,33
24214,-131.75310416671718,-2.5080373532537164,190732,-134.89656831690453,-0.030690791204986433,34
24215,73.10756224230195,7.077398022783459,190733,78.01149217232324,3.6022338347977136,6
24216,24.940802190826638,6.32466698900489,190749,18.937510567705566,1.034768221250525,27
24217,-85.22837490945209,6.141579681773039,190750,-85.91178621041317,3.2728237667350073,24
24218,-144.00403193822814,-0.2971816088707807,190763,-141.0346653257256,-1.1036168920026446,0
24219,-86.76291063349613,-1.5401305343249967,190769,-85.91178621041317,3.2728237667350073,24
24220,-25.700235856730952,0.677124551484241,190771,-29.714479793685786,-1.264748112657314,8
24221,-120.11728088962728,-11.632354482277444,190772,-115.69510858146283,-11.595084171039186,39
24222,-128.17975940049834,4.330968541091889,190778,-129.1025175244067,1.5488809909733745,1
24223,-145.18208578494378,3.6067352294972777,190783,-146.59606179012786,4.113086925586259,4
24224,-113.76341078212492,-2.4823862862342474,190786,-109.71624596876933,-1.0040630408538558,16
24225,-77.87588792324935,0.5689176609301835,190790,-77.6204452281073,-4.536559244831727,5
24226,328.4278548059678,-4.221999377740913,190800,302.44973475302317,-5.405747081354008,25
24227,-140.75999349091063,-3.030364606803605,190802,-141.0346653257256,-1.1036168920026446,0
24228,-154.92216432516037,-2.2843677624319367,190803,-148.09620948762597,-1.1157003398540595,36
24229,-68.18966126854129,6.0528706586843875,190819,-66.8889597803445,2.169628081691683,14
24230,-118.0210871873346,1.0341471806025742,190831,-118.09857507912784,0.7103841694799473,11
24231,84.45489525603456,2.218749588760084,190853,78.01149217232324,3.6022338347977136,6
24232,321.46005448219347,24.932731770504397,190858,302.44973475302317,-5.405747081354008,25
24233,243.99635287239462,13.918342845163306,190861,227.03647807555316,-5.020718083634986,26
24234,28.35713941850057,0.843781602202868,190874,18.937510567705566,1.034768221250525,27
24235,-138.28585492790532,6.476756516804247,190879,-137.57400940459857,4.493303950559668,20
24236,-109.03552716623987,3.024771059814594,190880,-109.71624596876933,-1.0040630408538558,16
24237,-46.06467035233377,5.752387927455263,190897,-49.93530245157272,-0.19848027172185767,2
24238,1080.3199339085113,23.09235066010858,190898,861.6475783799328,6.515082937232454,35
24239,259.1357649230594,-59.95600974443396,190904,227.03647807555316,-5.020718083634986,26
24240,93.59978615629556,-15.01758583055133,190907,104.96211155305676,-0.5414592591613776,31
24241,-108.17705690825167,4.119852798079156,190914,-104.7190727296112,3.8815952186994593,7
24242,71.5164471611835,-0.38142617519545013,190918,78.01149217232324,3.6022338347977136,6
24243,-121.39564783146861,8.684404848256321,190927,-123.80894152337959,5.566802721935252,23
24244,534.6255046367118,0.050829881157953234,190930,586.0312761189704,-1.722944617346204,30
24245,-131.04852652243738,0.9160224287245491,190942,-129.1025175244067,1.5488809909733745,1
24246,135.8128547318061,-1.6830028393875915,190950,135.4076551174278,-1.697351881935795,33
24247,-16.590727216866096,-1.5663388016638722,190966,-6.878718007946434,-1.0926682779646681,10
24248,-153.31791918972428,6.416799568812999,190967,-152.23629829764135,4.213482038439798,37
24249,-99.96092894466295,2.0823979811652737,190968,-96.6939343764425,2.7165835152131033,15
24250,-69.19348698793435,6.121914658949077,190970,-66.8889597803445,2.169628081691683,14
24251,-62.48434196234775,-5.1827110605923234,190974,-66.8889597803445,2.169628081691683,14
24252,18.84150559852545,8.924740749155323,190978,18.937510567705566,1.034768221250525,27
24253,-97.95183771569813,2.4212271329379944,190980,-96.6939343764425,2.7165835152131033,15
24254,-89.8283041174511,-0.6629071891425173,190996,-85.91178621041317,3.2728237667350073,24
24255,335.2031210064227,-58.10565067290599,191004,302.44973475302317,-5.405747081354008,25
24256,-98.99959806092365,2.9409028428282316,191018,-96.6939343764425,2.7165835152131033,15
24257,-53.84336802643963,1.8125447717546301,191025,-49.93530245157272,-0.19848027172185767,2
24258,-28.956492455940083,-25.2577640627568,191028,-29.714479793685786,-1.264748112657314,8
24259,-104.03232138666883,-12.707637738039507,191031,-95.36861679384212,-10.95784818293233,28
24260,-138.5380533931025,-6.308911052284369,191047,-141.0346653257256,-1.1036168920026446,0
24261,154.75209829802978,14.693035531055212,191058,172.66355239880147,-2.7112682595768685,38
24262,-76.12554911755242,5.050335121209298,191061,-66.8889597803445,2.169628081691683,14
24263,-135.12649454244914,3.5881756072694477,191072,-137.57400940459857,4.493303950559668,20
24264,206.15732545425283,9.768418580871623,191074,227.03647807555316,-5.020718083634986,26
24265,157.5415004110111,2.566042017757438,191080,172.66355239880147,-2.7112682595768685,38
24266,17.804684721090677,10.206150806413444,191085,18.937510567705566,1.034768221250525,27
24267,-102.04733272901413,3.4303416649319103,191086,-104.7190727296112,3.8815952186994593,7
24268,-154.09478627448306,1.513582664758936,191093,-152.23629829764135,4.213482038439798,37
24269,346.50020873683104,-4.481537896122436,191102,302.44973475302317,-5.405747081354008,25
24270,266.1995032062182,-31.776142938705377,191114,302.44973475302317,-5.405747081354008,25
24271,31.78415557718327,-4.84688902381315,191126,18.937510567705566,1.034768221250525,27
24272,-74.21557496066274,6.053056197497742,191136,-66.8889597803445,2.169628081691683,14
24273,-138.14538949384206,3.9166572675914306,191141,-137.57400940459857,4.493303950559668,20
24274,389.92567856128284,19.978301845119613,191142,417.6915390220547,-4.11857226961515,29
24275,22.279996679243997,0.8998556235632914,191151,18.937510567705566,1.034768221250525,27
24276,-78.99795870239973,3.761072911103356,191152,-85.91178621041317,3.2728237667350073,24
24277,-147.2650282643914,5.867734761924195,191157,-146.59606179012786,4.113086925586259,4
24278,362.84153804625265,20.3411634191351,191161,417.6915390220547,-4.11857226961515,29
24279,-111.30508659839849,6.842754120396362,191166,-114.33047638704419,5.73481138949136,19
24280,26.51241889710129,-1.0391378968254164,191182,18.937510567705566,1.034768221250525,27
24281,349.1911353539314,-14.432512971549002,191191,302.44973475302317,-5.405747081354008,25
24282,458.0784505238468,19.3135404322743,191193,417.6915390220547,-4.11857226961515,29
24283,-29.07382811895014,6.264001199132949,191195,-29.714479793685786,-1.264748112657314,8
24284,-136.19512016351715,4.012432047362523,191201,-137.57400940459857,4.493303950559668,20
24285,-45.303859033432516,-5.765132679086443,191202,-49.93530245157272,-0.19848027172185767,2
24286,-97.376823376131,9.154937016932607,191226,-96.6939343764425,2.7165835152131033,15
24287,216.25157853490128,-34.2793602790455,191233,227.03647807555316,-5.020718083634986,26
24288,-154.31554097458758,6.37120131424091,191234,-152.23629829764135,4.213482038439798,37
24289,-71.26304924623219,7.621906657044614,191257,-66.8889597803445,2.169628081691683,14
24290,122.75822984708175,-1.7377761767432773,191261,135.4076551174278,-1.697351881935795,33
24291,-127.31375570786113,7.288153739121308,191262,-123.80894152337959,5.566802721935252,23
24292,-27.651169971558758,-1.4532136393023256,191276,-29.714479793685786,-1.264748112657314,8
24293,-97.31775609385791,8.404076867238748,191295,-96.6939343764425,2.7165835152131033,15
24294,240.6290296866463,4.105517964046722,191301,227.03647807555316,-5.020718083634986,26
24295,-114.27640899226137,6.19386171827676,191303,-114.33047638704419,5.73481138949136,19
24296,-125.03708912692582,1.7816905029341534,191315,-123.94204162798616,-1.5144507595891967,3
24297,-71.03846133384357,2.6969940754236594,191316,-66.8889597803445,2.169628081691683,14
24298,-86.18790584922267,-9.51037020332159,191329,-95.36861679384212,-10.95784818293233,28
24299,-131.33382800652845,-8.598389936069434,191340,-130.75996572568545,-6.6137591708523855,18
24300,-124.24928395900248,5.412534445044391,191342,-123.80894152337959,5.566802721935252,23
24301,296.47495998773206,-5.794257352604035,191344,302.44973475302317,-5.405747081354008,25
24302,-97.8749740992009,0.7402162083431209,191345,-96.6939343764425,2.7165835152131033,15
24303,-97.31436028460038,7.285101772603946,191369,-96.6939343764425,2.7165835152131033,15
24304,-125.14727855954104,3.1683459723630722,191374,-123.80894152337959,5.566802721935252,23
24305,36.149359671641726,-9.705749697759707,191388,28.39696760572947,-22.91072472808294,12
24306,-129.29013013842345,6.746277033795009,191392,-132.1080396739421,5.887059356646324,17
24307,-147.02098613946853,0.015697767461198567,191402,-148.09620948762597,-1.1157003398540595,36
24308,-138.0462496800696,2.247672576413796,191422,-137.57400940459857,4.493303950559668,20
24309,-0.9511239882209002,4.043280917751376,191423,-6.878718007946434,-1.0926682779646681,10
24310,-136.11813742761646,2.841002653807006,191435,-137.57400940459857,4.493303950559668,20
24311,-91.94301326077957,0.2817668249324764,191438,-96.6939343764425,2.7165835152131033,15
24312,-107.85370002194828,-0.40310067433645835,191458,-109.71624596876933,-1.0040630408538558,16
24313,-146.02108386965446,1.0568836105969242,191472,-148.09620948762597,-1.1157003398540595,36
24314,-144.92522700197713,0.003992301360462639,191478,-148.09620948762597,-1.1157003398540595,36
24315,118.71245411008253,-0.7949356371684347,191482,104.96211155305676,-0.5414592591613776,31
24316,4.137561713613495,-11.020352533890788,191484,-6.878718007946434,-1.0926682779646681,10
24317,-128.10095021378692,3.12101556052555,191496,-129.1025175244067,1.5488809909733745,1
24318,-106.76418579315312,-1.8509856606535315,191497,-109.71624596876933,-1.0040630408538558,16
24319,72.60318441546487,-1.2419205015936539,191505,78.01149217232324,3.6022338347977136,6
24320,-150.31875806784115,6.478838469832608,191514,-152.23629829764135,4.213482038439798,37
24321,-126.755629717718,-1.8680215946650103,191515,-123.94204162798616,-1.5144507595891967,3
24322,62.27635930234208,-11.536147138363878,191524,70.166569844569,-14.692630117552799,9
24323,-132.9146976594463,1.0166861290125657,191526,-134.89656831690453,-0.030690791204986433,34
24324,-64.14589514636498,5.716128654630357,191537,-66.8889597803445,2.169628081691683,14
24325,-121.38083336003558,8.342138880741771,191539,-123.80894152337959,5.566802721935252,23
24326,-22.136805717987514,7.263890409464492,191543,-29.714479793685786,-1.264748112657314,8
24327,-93.13093797822393,4.895152034144835,191555,-96.6939343764425,2.7165835152131033,15
24328,-88.94934225007303,2.508468149875798,191563,-85.91178621041317,3.2728237667350073,24
24329,-89.34440656169258,-7.161961044071277,191578,-95.36861679384212,-10.95784818293233,28
24330,-46.899911680798034,2.1263232745727496,191592,-49.93530245157272,-0.19848027172185767,2
24331,-35.86989174995848,3.19300347829739,191593,-29.714479793685786,-1.264748112657314,8
24332,-55.903828908246126,2.5958869068959327,191599,-49.93530245157272,-0.19848027172185767,2
24333,1282.6536580466136,11.136200081768926,191600,1342.5649032771717,32.04824045393157,32
24334,-106.36303038945202,8.723777460266673,191604,-104.7190727296112,3.8815952186994593,7
24335,-131.14096592332405,3.9497387499358116,191608,-132.1080396739421,5.887059356646324,17
24336,-125.76612977973733,-3.1521118376866952,191622,-123.94204162798616,-1.5144507595891967,3
24337,91.98593476542956,-6.209492946469365,191623,104.96211155305676,-0.5414592591613776,31
24338,44.84793641630347,9.724852613624064,191629,47.997068783449585,1.2679199422360634,13
24339,-125.94652013699306,-0.22988563468062503,191650,-123.94204162798616,-1.5144507595891967,3
24340,147.66348645647048,-13.95154248989416,191672,135.4076551174278,-1.697351881935795,33
24341,-34.715839136968654,-1.195261184791713,191673,-29.714479793685786,-1.264748112657314,8
24342,-39.97556573797485,-10.822369205887236,191676,-29.714479793685786,-1.264748112657314,8
24343,-76.98603941488767,1.9718443689983605,191677,-77.6204452281073,-4.536559244831727,5
24344,-150.94219810943474,-1.7628908738894193,191678,-148.09620948762597,-1.1157003398540595,36
24345,-139.21889067036935,4.4757709804668036,191687,-137.57400940459857,4.493303950559668,20
24346,-120.59414113666023,-3.7582517484217735,191696,-123.94204162798616,-1.5144507595891967,3
24347,55.753709975738786,11.9581343851451,191699,47.997068783449585,1.2679199422360634,13
24348,-122.31880607533951,7.494576764221753,191700,-123.80894152337959,5.566802721935252,23
24349,-134.08542451488913,2.67411781892008,191710,-134.89656831690453,-0.030690791204986433,34
24350,506.1822089305834,-23.25553258556907,191715,586.0312761189704,-1.722944617346204,30
24351,-122.21565193069861,5.219870762758077,191728,-123.80894152337959,5.566802721935252,23
24352,-104.87928364490094,-0.8287865674814836,191737,-104.7190727296112,3.8815952186994593,7
24353,339.1537446502603,14.63831804512453,191750,302.44973475302317,-5.405747081354008,25
24354,-103.11854181179999,4.453252146051905,191754,-104.7190727296112,3.8815952186994593,7
24355,1649.328332416739,28.015193999161802,191755,1342.5649032771717,32.04824045393157,32
24356,45.37386648392647,1.7956980989255802,191772,47.997068783449585,1.2679199422360634,13
24357,8.286073666149347,1.5544408102646459,191776,18.937510567705566,1.034768221250525,27
24358,-153.06961072280558,2.0254365265355916,191784,-152.23629829764135,4.213482038439798,37
24359,-84.30814354623263,8.41514449513003,191789,-85.91178621041317,3.2728237667350073,24
24360,126.98520875983209,-4.580898152913406,191791,135.4076551174278,-1.697351881935795,33
24361,-120.58220459015716,-5.040312025696373,191819,-123.94204162798616,-1.5144507595891967,3
24362,530.9097947500754,-47.36284759116655,191829,586.0312761189704,-1.722944617346204,30
24363,567.8503064747006,12.462245907704654,191842,586.0312761189704,-1.722944617346204,30
24364,-129.9739336071157,-0.7184203283908396,191852,-129.1025175244067,1.5488809909733745,1
24365,-123.75978358706584,-1.7229516841606072,191860,-123.94204162798616,-1.5144507595891967,3
24366,-114.12874470692138,3.9867108823951725,191863,-114.33047638704419,5.73481138949136,19
24367,-76.30721166192279,-7.751377962739283,191865,-77.6204452281073,-4.536559244831727,5
24368,440.4777514762763,13.3578613404653,191877,417.6915390220547,-4.11857226961515,29
24369,-42.58991684294763,-3.0489909987192396,191880,-49.93530245157272,-0.19848027172185767,2
24370,-103.81478076705764,-0.18125567107514212,191904,-104.7190727296112,3.8815952186994593,7
24371,-138.01958941253315,1.1555102398762045,191906,-134.89656831690453,-0.030690791204986433,34
24372,-48.88840007346817,2.3533884109111987,191921,-49.93530245157272,-0.19848027172185767,2
24373,-119.73820091969536,-1.6167554096226286,191922,-118.09857507912784,0.7103841694799473,11
24374,-74.2573728597842,6.4212524888716045,191938,-66.8889597803445,2.169628081691683,14
24375,-138.35165940991917,7.417465529022498,191942,-137.57400940459857,4.493303950559668,20
24376,298.43501218224014,-5.908801298196902,191948,302.44973475302317,-5.405747081354008,25
24377,71.74165272016538,-3.7622016898373984,191951,78.01149217232324,3.6022338347977136,6
24378,98.43365168524257,2.408604944890261,191961,104.96211155305676,-0.5414592591613776,31
24379,315.4470443490873,-4.858605591579865,191962,302.44973475302317,-5.405747081354008,25
24380,-76.94290644190643,1.5465575372754632,191980,-77.6204452281073,-4.536559244831727,5
24381,-98.40946881153482,-5.8816998537903675,191993,-95.36861679384212,-10.95784818293233,28
24382,-88.20421348517627,6.056974776038657,191997,-85.91178621041317,3.2728237667350073,24
24383,-74.94511887673309,2.6635160454448643,191998,-77.6204452281073,-4.536559244831727,5
24384,290.12038051426293,-0.6931298039898554,192009,302.44973475302317,-5.405747081354008,25
24385,-92.89374367979612,-0.32806388298139944,192017,-96.6939343764425,2.7165835152131033,15
24386,277.1554386107813,-16.407332071926593,192019,302.44973475302317,-5.405747081354008,25
24387,-2.68197873106673,0.6783395813452024,192024,-6.878718007946434,-1.0926682779646681,10
24388,822.3363956070285,-14.645219129129899,192025,861.6475783799328,6.515082937232454,35
24389,-132.02808116223986,2.4816372235837187,192028,-129.1025175244067,1.5488809909733745,1
24390,-106.07935690766858,4.053212944865613,192041,-104.7190727296112,3.8815952186994593,7
24391,-135.25891593069747,5.428159487295634,192053,-137.57400940459857,4.493303950559668,20
24392,-28.971156026112187,4.49591207713947,192061,-29.714479793685786,-1.264748112657314,8
24393,-8.534026197379752,-2.1511825308171946,192085,-6.878718007946434,-1.0926682779646681,10
24394,-101.45987339012088,-6.885683144513719,192088,-95.36861679384212,-10.95784818293233,28
24395,-49.559003613053015,-1.786115339853081,192094,-49.93530245157272,-0.19848027172185767,2
24396,-59.05610765900221,4.8613409431866605,192102,-66.8889597803445,2.169628081691683,14
24397,-105.6529859455083,-17.458667877343178,192110,-115.69510858146283,-11.595084171039186,39
24398,-72.86459894868014,0.9364354915469212,192111,-66.8889597803445,2.169628081691683,14
24399,-73.3786714655199,-20.862869434451344,192128,-77.6204452281073,-4.536559244831727,5
24400,128.09127607248246,-5.858334006830374,192130,135.4076551174278,-1.697351881935795,33
24401,-48.76051548494728,0.5860421920682668,192143,-49.93530245157272,-0.19848027172185767,2
24402,-84.87641873514222,0.4646405286990586,192146,-85.91178621041317,3.2728237667350073,24
24403,-102.98339166635137,0.9789313366935305,192149,-104.7190727296112,3.8815952186994593,7
24404,-73.43736056253532,-4.3376403143455375,192150,-77.6204452281073,-4.536559244831727,5
24405,-125.28232393266205,6.634093815861958,192164,-123.80894152337959,5.566802721935252,23
24406,22.156199289772342,-10.606815279845874,192168,18.937510567705566,1.034768221250525,27
24407,427.14280717459496,3.1691288530841177,192171,417.6915390220547,-4.11857226961515,29
24408,-82.74162572514834,-2.445405206423356,192192,-77.6204452281073,-4.536559244831727,5
24409,100.86208669302731,-3.8597624349712407,192194,104.96211155305676,-0.5414592591613776,31
24410,-136.21293507849597,4.423112838943912,192202,-137.57400940459857,4.493303950559668,20
24411,-76.11083632545144,4.729392526492839,192206,-77.6204452281073,-4.536559244831727,5
24412,314.7025752224145,-8.930692322049769,192211,302.44973475302317,-5.405747081354008,25
24413,186.13117513290405,-33.68067581167598,192217,172.66355239880147,-2.7112682595768685,38
24414,-151.0527291922133,1.1631497237578747,192219,-152.23629829764135,4.213482038439798,37
24415,29.22969615700565,3.6540907729632486,192220,18.937510567705566,1.034768221250525,27
24416,161.4530487221367,-10.150655261483296,192223,172.66355239880147,-2.7112682595768685,38
24417,-21.760063116266007,2.0611293172580902,192228,-29.714479793685786,-1.264748112657314,8
24418,168.84227016370252,-1.263297574751131,192232,172.66355239880147,-2.7112682595768685,38
24419,467.1115787916952,5.033090197949056,192237,417.6915390220547,-4.11857226961515,29
24420,-134.9648507150419,-0.49427256098151456,192239,-134.89656831690453,-0.030690791204986433,34
24421,-89.09751522712033,3.1944880072137267,192253,-85.91178621041317,3.2728237667350073,24
24422,-143.1239723239062,3.359873902056035,192260,-142.14616351708418,5.245197398204194,22
24423,-83.91209351921601,2.2916812805150855,192269,-85.91178621041317,3.2728237667350073,24
24424,-130.09027232913235,2.879044932533619,192278,-129.1025175244067,1.5488809909733745,1
24425,-75.3761686411713,9.539860033041453,192284,-66.8889597803445,2.169628081691683,14
24426,-41.426042416603146,11.20067263134672,192285,-49.93530245157272,-0.19848027172185767,2
24427,228.43442004632553,-7.594966718267911,192288,227.03647807555316,-5.020718083634986,26
24428,191.51428268056813,4.779343836521188,192292,172.66355239880147,-2.7112682595768685,38
24429,-108.21293672398664,5.900409450566172,192306,-104.7190727296112,3.8815952186994593,7
24430,59.59537057053981,-1.2917709063351581,192317,47.997068783449585,1.2679199422360634,13
24431,-19.978990803692763,4.835709503437461,192320,-29.714479793685786,-1.264748112657314,8
24432,285.1763084146102,-2.0188514955460195,192323,302.44973475302317,-5.405747081354008,25
24433,26.259044847971904,2.9575000776510656,192340,18.937510567705566,1.034768221250525,27
24434,-30.437878539205773,12.155296261254417,192346,-29.714479793685786,-1.264748112657314,8
24435,23.124456738130792,4.838877634134425,192348,18.937510567705566,1.034768221250525,27
24436,-101.94553357336277,1.2021163380834774,192362,-104.7190727296112,3.8815952186994593,7
24437,26.28317333114896,-41.23439406995986,192367,28.39696760572947,-22.91072472808294,12
24438,-75.5184654901936,-4.6551969715260375,192375,-77.6204452281073,-4.536559244831727,5
24439,-14.970873229337656,4.227676006752687,192387,-6.878718007946434,-1.0926682779646681,10
24440,-135.9619558667683,0.4563266339352666,192391,-134.89656831690453,-0.030690791204986433,34
24441,-46.67869270251909,-0.6605434858483943,192424,-49.93530245157272,-0.19848027172185767,2
24442,56.419405688703456,0.9883323976317216,192434,47.997068783449585,1.2679199422360634,13
24443,-96.31909804039988,7.922642785777534,192440,-96.6939343764425,2.7165835152131033,15
24444,19.666958440620718,11.713784910254134,192443,18.937510567705566,1.034768221250525,27
24445,-104.06754764904018,3.3099087583027798,192449,-104.7190727296112,3.8815952186994593,7
24446,-145.3350650309391,6.9312232170058445,192454,-146.59606179012786,4.113086925586259,4
24447,-137.35510900240521,7.515003978909831,192465,-137.57400940459857,4.493303950559668,20
24448,10.044523313758432,-24.11027679012876,192479,28.39696760572947,-22.91072472808294,12
24449,225.51160736537463,-8.815930218436867,192481,227.03647807555316,-5.020718083634986,26
24450,71.0353408327278,7.0830667106992315,192487,78.01149217232324,3.6022338347977136,6
24451,46.952301631438324,7.981067409304714,192490,47.997068783449585,1.2679199422360634,13
24452,-90.6508681627537,-17.755504197346404,192497,-95.36861679384212,-10.95784818293233,28
24453,426.84161907470263,7.7055406817886185,192498,417.6915390220547,-4.11857226961515,29
24454,-72.92878124155732,2.337581605560657,192503,-66.8889597803445,2.169628081691683,14
24455,53.20560787822995,-10.142001216534082,192507,47.997068783449585,1.2679199422360634,13
24456,-78.9870347887879,4.039772291859458,192515,-85.91178621041317,3.2728237667350073,24
24457,-100.52740546362529,-20.12230517507514,192517,-95.36861679384212,-10.95784818293233,28
24458,31.6799223941558,-3.0922465600438236,192522,18.937510567705566,1.034768221250525,27
24459,350.50587095348436,10.18243082389306,192525,302.44973475302317,-5.405747081354008,25
24460,101.73636770312326,-16.33421613735954,192533,104.96211155305676,-0.5414592591613776,31
24461,536.872248739269,10.940175415758114,192535,586.0312761189704,-1.722944617346204,30
24462,-52.18232931560326,6.187353113534031,192537,-49.93530245157272,-0.19848027172185767,2
24463,-150.04961775367843,0.6043553077961721,192548,-148.09620948762597,-1.1157003398540595,36
24464,-77.39859566001155,-5.263722424794134,192553,-77.6204452281073,-4.536559244831727,5
24465,-40.21164156428486,7.0426269689473555,192564,-49.93530245157272,-0.19848027172185767,2
24466,-111.84965904419957,-2.1018014141207835,192570,-109.71624596876933,-1.0040630408538558,16
24467,-34.16009473041315,7.034331164039019,192577,-29.714479793685786,-1.264748112657314,8
24468,-134.05720846444936,1.0299586304999395,192580,-134.89656831690453,-0.030690791204986433,34
24469,-65.50068620411918,-4.874717220980778,192585,-66.8889597803445,2.169628081691683,14
24470,-144.82213614814958,-0.6927413463952131,192586,-148.09620948762597,-1.1157003398540595,36
24471,-135.94353225446932,0.047822398055428754,192588,-134.89656831690453,-0.030690791204986433,34
24472,-131.74752509358018,-3.1509434236293457,192594,-130.75996572568545,-6.6137591708523855,18
24473,-25.263514390364914,-6.828537218282566,192635,-29.714479793685786,-1.264748112657314,8
24474,-114.78404603524437,-1.5505053411015373,192649,-118.09857507912784,0.7103841694799473,11
24475,-75.39465632909781,9.419119154030327,192651,-66.8889597803445,2.169628081691683,14
24476,3.567172650732144,-3.138439500004766,192664,-6.878718007946434,-1.0926682779646681,10
24477,-109.49076562052456,-6.34594550252222,192674,-109.71624596876933,-1.0040630408538558,16
24478,-151.00101786626618,-0.5017325107200052,192676,-148.09620948762597,-1.1157003398540595,36
24479,463.6832492198455,-17.662144156659046,192681,417.6915390220547,-4.11857226961515,29
24480,-71.95080595698856,1.2921494960721922,192684,-66.8889597803445,2.169628081691683,14
24481,-92.02270733203714,1.5026387616212054,192693,-96.6939343764425,2.7165835152131033,15
24482,-104.53174704431865,-4.336482185692811,192694,-109.71624596876933,-1.0040630408538558,16
24483,111.35928376663115,-10.475854254226114,192696,104.96211155305676,-0.5414592591613776,31
24484,0.36915476581233897,-0.41027159839374394,192699,-6.878718007946434,-1.0926682779646681,10
24485,-98.24484217023556,6.283554509760034,192704,-96.6939343764425,2.7165835152131033,15
24486,26.843878028104104,-6.252244673077078,192715,18.937510567705566,1.034768221250525,27
24487,-59.40293864746502,-5.3696246157218654,192723,-66.8889597803445,2.169628081691683,14
24488,225.05164131128592,-2.8491955245287635,192726,227.03647807555316,-5.020718083634986,26
24489,-110.41748105555789,9.338281606101942,192732,-114.33047638704419,5.73481138949136,19
24490,577.4559103949231,3.960756882922607,192734,586.0312761189704,-1.722944617346204,30
24491,-76.71208249497568,-1.9723936162933324,192735,-77.6204452281073,-4.536559244831727,5
24492,-127.95100481052405,-0.14985579134530352,192753,-129.1025175244067,1.5488809909733745,1
24493,30.225036961449614,-40.40677279825052,192778,28.39696760572947,-22.91072472808294,12
24494,16.964215714448684,-37.485376298301084,192790,28.39696760572947,-22.91072472808294,12
24495,87.01969452138025,8.191620548377264,192798,78.01149217232324,3.6022338347977136,6
24496,-103.70431579697996,-2.5855330633949394,192807,-109.71624596876933,-1.0040630408538558,16
24497,-1.5107904845711082,-3.0709279096961786,192814,-6.878718007946434,-1.0926682779646681,10
24498,-92.60248790857888,-4.638604759761928,192817,-95.36861679384212,-10.95784818293233,28
24499,-53.00650401964507,-10.867817106224148,192828,-49.93530245157272,-0.19848027172185767,2
24500,-39.31166470157717,10.260663922210437,192845,-49.93530245157272,-0.19848027172185767,2
24501,-139.1736152019863,3.480828932261153,192857,-137.57400940459857,4.493303950559668,20
24502,-55.69544022082564,-0.43417095613515855,192860,-49.93530245157272,-0.19848027172185767,2
24503,63.219956885620526,4.941028341353946,192865,78.01149217232324,3.6022338347977136,6
24504,-99.89394385945252,-14.128239713566666,192868,-95.36861679384212,-10.95784818293233,28
24505,446.40409280683406,29.79966571319774,192882,417.6915390220547,-4.11857226961515,29
24506,-25.126578474076652,-23.01393660989859,192884,-29.714479793685786,-1.264748112657314,8
24507,-81.3542099563739,9.468092411872727,192887,-85.91178621041317,3.2728237667350073,24
24508,-72.13469850670538,6.365570005794957,192895,-66.8889597803445,2.169628081691683,14
24509,-144.94242123736564,-1.126912634407232,192896,-148.09620948762597,-1.1157003398540595,36
24510,136.0450428667274,-5.237081188555692,192903,135.4076551174278,-1.697351881935795,33
24511,-107.90888911235344,-0.24786248729196025,192907,-109.71624596876933,-1.0040630408538558,16
24512,127.49624601274063,2.5453719650605717,192929,135.4076551174278,-1.697351881935795,33
24513,754.076147992043,-13.172031911661895,192941,861.6475783799328,6.515082937232454,35
24514,-138.379249946185,-7.723631346976035,192958,-141.0346653257256,-1.1036168920026446,0
24515,-101.1341842084357,4.8247306418264815,192966,-104.7190727296112,3.8815952186994593,7
24516,129.149670632273,-21.346570347051053,192976,135.4076551174278,-1.697351881935795,33
24517,45.577321017861244,-1.1246700987675369,192983,47.997068783449585,1.2679199422360634,13
24518,-6.905506590300251,4.486757210862651,193006,-6.878718007946434,-1.0926682779646681,10
24519,811.5718597042878,-4.234984256311062,193014,861.6475783799328,6.515082937232454,35
24520,-129.18660397942776,4.978562094978766,193020,-132.1080396739421,5.887059356646324,17
24521,-39.856952899161804,1.8211409386093718,193024,-49.93530245157272,-0.19848027172185767,2
24522,-104.09503277353944,4.425454505456222,193036,-104.7190727296112,3.8815952186994593,7
24523,212.07271060241564,11.728592627465268,193042,227.03647807555316,-5.020718083634986,26
24524,-76.94678342734042,2.666108253034686,193047,-77.6204452281073,-4.536559244831727,5
24525,-118.21912220797702,5.39120768822719,193049,-114.33047638704419,5.73481138949136,19
24526,-151.2547468083149,5.085374470080219,193055,-152.23629829764135,4.213482038439798,37
24527,-137.91678413686452,-0.5654254260568523,193062,-134.89656831690453,-0.030690791204986433,34
24528,23.71991250556745,-4.100741250194635,193065,18.937510567705566,1.034768221250525,27
24529,-132.06659271824424,1.2807896237787946,193069,-129.1025175244067,1.5488809909733745,1
24530,-59.65726194726161,-1.34135432259042,193071,-66.8889597803445,2.169628081691683,14
24531,55.01650958316207,-8.539447799919861,193073,47.997068783449585,1.2679199422360634,13
24532,47.735810708748,-3.532419242972235,193075,47.997068783449585,1.2679199422360634,13
24533,-119.8695407022794,-1.2884220808476268,193076,-118.09857507912784,0.7103841694799473,11
24534,118.22494681041186,6.287476300003874,193081,104.96211155305676,-0.5414592591613776,31
24535,-42.36588567197259,10.890992541260085,193088,-49.93530245157272,-0.19848027172185767,2
24536,-106.55231723898368,-4.4247609164801,193089,-109.71624596876933,-1.0040630408538558,16
24537,0.9344948464250751,6.571105816681225,193099,-6.878718007946434,-1.0926682779646681,10
24538,-131.16400232099767,3.404735546051302,193102,-132.1080396739421,5.887059356646324,17
24539,-125.296795947517,6.425136538896142,193109,-123.80894152337959,5.566802721935252,23
24540,-21.983738739978737,4.3895045772200145,193115,-29.714479793685786,-1.264748112657314,8
24541,-87.9822994236944,-12.505771375394668,193121,-95.36861679384212,-10.95784818293233,28
24542,14.899083892711078,-7.158138698408991,193123,18.937510567705566,1.034768221250525,27
24543,310.99697750629105,-12.894978342733062,193134,302.44973475302317,-5.405747081354008,25
24544,-111.2028329214898,5.641280738884075,193152,-114.33047638704419,5.73481138949136,19
24545,-121.77649581872518,-3.384030719040184,193161,-123.94204162798616,-1.5144507595891967,3
24546,-59.94074673287984,1.7609036762549222,193165,-66.8889597803445,2.169628081691683,14
24547,60.368682177722825,2.1660495626033787,193181,47.997068783449585,1.2679199422360634,13
24548,-49.3615930749725,-6.628757047202289,193197,-49.93530245157272,-0.19848027172185767,2
24549,-150.2474356956615,5.458497742041818,193201,-152.23629829764135,4.213482038439798,37
24550,-125.09227679307062,4.002278589925666,193224,-123.80894152337959,5.566802721935252,23
24551,78.93284756761314,8.951689088093715,193229,78.01149217232324,3.6022338347977136,6
24552,130.72247349857832,-43.96891365540328,193244,110.19899446847099,-35.665903512662624,21
24553,49.16742991379999,5.370188449710979,193259,47.997068783449585,1.2679199422360634,13
24554,246.47267673467823,21.842645535814967,193272,227.03647807555316,-5.020718083634986,26
24555,9.370548244010624,-0.28315685557986464,193278,18.937510567705566,1.034768221250525,27
24556,-91.65487485810378,-1.9323418001416517,193283,-96.6939343764425,2.7165835152131033,15
24557,-57.003129398169506,2.6922467551098417,193299,-49.93530245157272,-0.19848027172185767,2
24558,830.408279863167,42.31527220864834,193304,861.6475783799328,6.515082937232454,35
24559,-84.8506240827764,0.4133435190523885,193308,-85.91178621041317,3.2728237667350073,24
24560,75.56554327568898,-15.09646402557256,193311,70.166569844569,-14.692630117552799,9
24561,-55.203275173423656,7.62900242903904,193313,-49.93530245157272,-0.19848027172185767,2
24562,-117.25709322280566,6.729191401601807,193323,-114.33047638704419,5.73481138949136,19
24563,107.72764667060547,-16.050510800150867,193340,104.96211155305676,-0.5414592591613776,31
24564,0.1464537458698986,-11.791783080053737,193377,-6.878718007946434,-1.0926682779646681,10
24565,-131.27407103572142,6.334224297811338,193384,-132.1080396739421,5.887059356646324,17
24566,-138.26084985475023,5.943827049714652,193386,-137.57400940459857,4.493303950559668,20
24567,-89.11573159330007,3.5867032775294385,193391,-85.91178621041317,3.2728237667350073,24
24568,-117.26905641379794,6.988928475663439,193394,-114.33047638704419,5.73481138949136,19
24569,-105.08461518822143,-11.055023085638338,193397,-95.36861679384212,-10.95784818293233,28
24570,248.15187314066586,-17.33802189157022,193404,227.03647807555316,-5.020718083634986,26
24571,743.726088717488,20.1947142191084,193406,861.6475783799328,6.515082937232454,35
24572,-111.13153952163829,3.0623659807923085,193415,-114.33047638704419,5.73481138949136,19
24573,-22.086568127240582,-37.53028678357301,193423,-29.714479793685786,-1.264748112657314,8
24574,99.54215315016438,1.0742640995332837,193425,104.96211155305676,-0.5414592591613776,31
24575,-5.709350044409944,1.2334769247663298,193432,-6.878718007946434,-1.0926682779646681,10
24576,-131.29439855628968,6.292590865201395,193436,-132.1080396739421,5.887059356646324,17
24577,150.18827378271934,7.11235684153835,193438,135.4076551174278,-1.697351881935795,33
24578,48.834288143093154,-34.611508681054076,193441,28.39696760572947,-22.91072472808294,12
24579,-78.78980270931629,-0.30533850626060766,193445,-77.6204452281073,-4.536559244831727,5
24580,194.09157587709498,10.486769573395204,193463,172.66355239880147,-2.7112682595768685,38
24581,-55.48316844699947,-4.062131607210596,193478,-49.93530245157272,-0.19848027172185767,2
24582,-79.27452144660815,7.25436505389091,193492,-85.91178621041317,3.2728237667350073,24
24583,39.35919255015626,2.0177191896125075,193493,47.997068783449585,1.2679199422360634,13
24584,-88.56316559831262,-3.8835103514057066,193497,-85.91178621041317,3.2728237667350073,24
24585,-55.914719625106265,2.8249041121366187,193510,-49.93530245157272,-0.19848027172185767,2
24586,19.951320130238837,-8.204374214078145,193513,18.937510567705566,1.034768221250525,27
24587,-118.18334079583093,4.596519948985652,193516,-118.09857507912784,0.7103841694799473,11
24588,-105.15315677954158,4.161522671927838,193524,-104.7190727296112,3.8815952186994593,7
24589,1415.3343545498003,48.788799788945006,193539,1342.5649032771717,32.04824045393157,32
24590,-144.2022712124656,4.568486517344027,193543,-142.14616351708418,5.245197398204194,22
24591,429.33256466955305,15.319012380253023,193570,417.6915390220547,-4.11857226961515,29
24592,-137.03205086226842,0.4444330991924034,193590,-134.89656831690453,-0.030690791204986433,34
24593,-119.89437576576697,-0.7483242498053702,193610,-118.09857507912784,0.7103841694799473,11
24594,-52.10977385121594,6.140572439716055,193616,-49.93530245157272,-0.19848027172185767,2
24595,-138.9948696845165,0.11698576356830591,193617,-141.0346653257256,-1.1036168920026446,0
24596,-104.0673057115904,3.8167508822564087,193618,-104.7190727296112,3.8815952186994593,7
24597,38.85175480752419,-5.709662019063156,193645,47.997068783449585,1.2679199422360634,13
24598,-104.7515193417743,-2.091067122022443,193652,-109.71624596876933,-1.0040630408538558,16
24599,-108.6761397095861,-1.7546142095936896,193661,-109.71624596876933,-1.0040630408538558,16
24600,-143.25877417616235,5.806724221112898,193668,-142.14616351708418,5.245197398204194,22
24601,62.11578636770108,5.680774328089691,193673,47.997068783449585,1.2679199422360634,13
24602,99.15297524535896,6.520559870953292,193679,104.96211155305676,-0.5414592591613776,31
24603,-124.15065041484667,4.790828613069236,193687,-123.80894152337959,5.566802721935252,23
24604,-31.876219135447602,3.4070323481543006,193690,-29.714479793685786,-1.264748112657314,8
24605,192.90293409148586,-1.1497205549278018,193698,172.66355239880147,-2.7112682595768685,38
24606,-65.83024312433903,-0.22302927733270503,193710,-66.8889597803445,2.169628081691683,14
24607,39.26911556006115,-11.763603291858821,193715,28.39696760572947,-22.91072472808294,12
24608,-3.548247656343299,-15.972462286107499,193730,-6.878718007946434,-1.0926682779646681,10
24609,-80.37204943307736,9.347757584404933,193741,-85.91178621041317,3.2728237667350073,24
24610,125.00209925758588,10.256492304316971,193743,135.4076551174278,-1.697351881935795,33
24611,-108.22076752170805,-9.15339026712796,193745,-115.69510858146283,-11.595084171039186,39
24612,-116.84683775819576,-1.2587152246372886,193755,-118.09857507912784,0.7103841694799473,11
24613,-31.935050297742013,4.197655730204248,193765,-29.714479793685786,-1.264748112657314,8
24614,-108.10076083793003,2.43729338808592,193776,-104.7190727296112,3.8815952186994593,7
24615,-107.30987287454064,-8.205837586538022,193784,-109.71624596876933,-1.0040630408538558,16
24616,-137.85761695809768,-2.885950627416932,193795,-141.0346653257256,-1.1036168920026446,0
24617,-23.686037071849466,-0.10895511316445103,193798,-29.714479793685786,-1.264748112657314,8
24618,378.10307980350984,2.1797155902976644,193808,417.6915390220547,-4.11857226961515,29
24619,-129.99054565590268,0.6653545418406686,193821,-129.1025175244067,1.5488809909733745,1
24620,-136.35600850144738,7.530934297265272,193833,-137.57400940459857,4.493303950559668,20
24621,-104.60426181227186,-3.2649012991703987,193841,-109.71624596876933,-1.0040630408538558,16
24622,159.6307662472327,-27.785718923322218,193852,172.66355239880147,-2.7112682595768685,38
24623,-141.96444688168313,-0.11481496016836266,193854,-141.0346653257256,-1.1036168920026446,0
24624,108.21535954373775,6.326743464264509,193855,104.96211155305676,-0.5414592591613776,31
24625,-138.1953391297762,4.008899510964879,193860,-137.57400940459857,4.493303950559668,20
24626,-101.21805841485953,5.638273785556466,193863,-104.7190727296112,3.8815952186994593,7
24627,-97.08404135810024,4.300699629026128,193885,-96.6939343764425,2.7165835152131033,15
24628,-111.67529656365673,-4.400630542574338,193893,-109.71624596876933,-1.0040630408538558,16
24629,-53.09835488704216,5.362681172627689,193899,-49.93530245157272,-0.19848027172185767,2
24630,223.68409583412793,3.1247950903788713,193901,227.03647807555316,-5.020718083634986,26
24631,-92.92628630835637,0.39689951351965314,193921,-96.6939343764425,2.7165835152131033,15
24632,7.435985140180573,-0.7127840337834865,193929,18.937510567705566,1.034768221250525,27
24633,-136.7441246396019,-2.7784994021875318,193932,-134.89656831690453,-0.030690791204986433,34
24634,-116.98270102533803,2.2636557290438737,193937,-118.09857507912784,0.7103841694799473,11
24635,-149.05818784028628,1.8290202552662966,193940,-148.09620948762597,-1.1157003398540595,36
24636,33.86439410651417,7.621786993411133,193953,47.997068783449585,1.2679199422360634,13
24637,-114.9473841693994,-1.0480626568207771,193958,-118.09857507912784,0.7103841694799473,11
24638,-143.18202250447683,4.145833310796749,193961,-142.14616351708418,5.245197398204194,22
24639,-80.05688754963968,3.9907284066723143,193966,-85.91178621041317,3.2728237667350073,24
24640,-134.29034267870202,6.146283692663217,193972,-132.1080396739421,5.887059356646324,17
24641,74.65440637109613,-16.022882403885365,193975,70.166569844569,-14.692630117552799,9
24642,-51.5243346022725,-18.32000486824379,193982,-49.93530245157272,-0.19848027172185767,2
24643,-109.22773897710708,6.197294007657163,193983,-104.7190727296112,3.8815952186994593,7
24644,-64.21440772074618,7.20494125998861,193985,-66.8889597803445,2.169628081691683,14
24645,-100.55682113777753,-3.7175041351752802,193986,-96.6939343764425,2.7165835152131033,15
24646,-83.30672570699679,-7.363363824962519,193989,-77.6204452281073,-4.536559244831727,5
24647,130.8513811987584,-2.089065401054865,193992,135.4076551174278,-1.697351881935795,33
24648,-94.0431355586301,3.4606650158590555,194005,-96.6939343764425,2.7165835152131033,15
24649,396.32001598183825,-0.20456522123200227,194014,417.6915390220547,-4.11857226961515,29
24650,-119.73765407979037,-3.1618470166499155,194019,-118.09857507912784,0.7103841694799473,11
24651,-51.26946698228955,9.135127625156292,194023,-49.93530245157272,-0.19848027172185767,2
24652,-99.00287721194462,1.9635179777558351,194035,-96.6939343764425,2.7165835152131033,15
24653,368.532114099138,-4.29920213777551,194037,417.6915390220547,-4.11857226961515,29
24654,-27.78690834311801,2.5431187257442005,194047,-29.714479793685786,-1.264748112657314,8
24655,-71.83397364828886,0.7949998542771912,194052,-66.8889597803445,2.169628081691683,14
24656,98.30200700725321,-10.473676409439001,194054,104.96211155305676,-0.5414592591613776,31
24657,-112.81927700367825,-1.2480017194935087,194055,-109.71624596876933,-1.0040630408538558,16
24658,53.83806102674226,-4.64282845633853,194061,47.997068783449585,1.2679199422360634,13
24659,-141.92970982097424,-0.8639772721245661,194064,-141.0346653257256,-1.1036168920026446,0
24660,-120.07582874059236,2.69965244536127,194066,-118.09857507912784,0.7103841694799473,11
24661,-101.01770454592491,3.284418428810909,194075,-104.7190727296112,3.8815952186994593,7
24662,-106.852890110849,-1.4342925044250887,194085,-109.71624596876933,-1.0040630408538558,16
24663,133.0643491906928,-19.912135984877782,194090,135.4076551174278,-1.697351881935795,33
24664,-140.96997614482245,-0.4811108679901339,194091,-141.0346653257256,-1.1036168920026446,0
24665,-0.5808457817814746,-0.4880482178633207,194098,-6.878718007946434,-1.0926682779646681,10
24666,-62.253445512970366,7.583700466762447,194101,-66.8889597803445,2.169628081691683,14
24667,-50.93163781717632,2.774317783295924,194123,-49.93530245157272,-0.19848027172185767,2
24668,248.85892542902323,-27.675134810056484,194133,227.03647807555316,-5.020718083634986,26
24669,-25.622860767885996,-0.490700656274317,194144,-29.714479793685786,-1.264748112657314,8
24670,609.0583112325945,10.646359498052115,194146,586.0312761189704,-1.722944617346204,30
24671,295.04677530875273,-14.243320661284248,194152,302.44973475302317,-5.405747081354008,25
24672,-92.64654606103947,-3.6738373661097734,194170,-96.6939343764425,2.7165835152131033,15
24673,-125.91947909524869,-0.8025267834817864,194172,-123.94204162798616,-1.5144507595891967,3
24674,-135.03488466273012,1.5689044128424574,194184,-134.89656831690453,-0.030690791204986433,34
24675,-124.35754126906427,7.7539298233232525,194185,-123.80894152337959,5.566802721935252,23
24676,133.37095757134296,4.372074331953417,194194,135.4076551174278,-1.697351881935795,33
24677,344.91234539551283,3.7591657164220003,194197,302.44973475302317,-5.405747081354008,25
24678,-124.30619527817342,6.674814803982107,194202,-123.80894152337959,5.566802721935252,23
24679,58.50678809146304,0.12424433008180463,194213,47.997068783449585,1.2679199422360634,13
24680,-6.943641788271487,4.282249022536168,194215,-6.878718007946434,-1.0926682779646681,10
24681,-134.0934576353783,2.3474249172296813,194227,-134.89656831690453,-0.030690791204986433,34
24682,-118.59973793950259,-3.5938767700938317,194245,-118.09857507912784,0.7103841694799473,11
24683,-140.1943050354123,4.973606232657872,194260,-142.14616351708418,5.245197398204194,22
24684,-130.1283278441177,3.18021073254593,194263,-129.1025175244067,1.5488809909733745,1
24685,-143.97926935442305,0.703678649362306,194265,-141.0346653257256,-1.1036168920026446,0
24686,7.275952359414556,0.7286168620666904,194267,18.937510567705566,1.034768221250525,27
24687,-148.29369751462778,5.972017073582177,194282,-146.59606179012786,4.113086925586259,4
24688,-128.91175988883467,-1.55309988456672,194289,-129.1025175244067,1.5488809909733745,1
24689,-7.815641889756629,2.9999795166857286,194294,-6.878718007946434,-1.0926682779646681,10
24690,-153.24877078030667,5.420915447092942,194296,-152.23629829764135,4.213482038439798,37
24691,-7.795255150758535,2.0482061844445214,194305,-6.878718007946434,-1.0926682779646681,10
24692,-148.01949881170313,-0.02005480854648435,194312,-148.09620948762597,-1.1157003398540595,36
24693,-126.22032781648133,5.254753313198545,194314,-123.80894152337959,5.566802721935252,23
24694,9.919347583746445,6.534628549574377,194331,18.937510567705566,1.034768221250525,27
24695,-106.77916798102434,-2.5520986060238195,194339,-109.71624596876933,-1.0040630408538558,16
24696,-150.2567963194292,5.630246398019801,194349,-152.23629829764135,4.213482038439798,37
24697,-135.22992829073223,5.311036301085401,194354,-137.57400940459857,4.493303950559668,20
24698,-81.10937465104301,5.127078386812966,194361,-85.91178621041317,3.2728237667350073,24
24699,-86.85463409744678,0.9744843248257783,194366,-85.91178621041317,3.2728237667350073,24
24700,97.37142407312909,-25.707330586360047,194378,110.19899446847099,-35.665903512662624,21
24701,-47.77223460375825,0.8650233107537937,194388,-49.93530245157272,-0.19848027172185767,2
24702,346.39779394912824,-3.2687805914864723,194390,302.44973475302317,-5.405747081354008,25
24703,-111.32116432957628,7.211693978519865,194391,-114.33047638704419,5.73481138949136,19
24704,-137.10578955020526,2.0300316635008486,194396,-137.57400940459857,4.493303950559668,20
24705,18.25329780202755,1.4075400671622826,194397,18.937510567705566,1.034768221250525,27
24706,-145.14359289761302,2.759856445104836,194398,-146.59606179012786,4.113086925586259,4
24707,58.4591710976236,0.6628492544286508,194399,47.997068783449585,1.2679199422360634,13
24708,-95.72562788583937,-0.9754559777120652,194405,-96.6939343764425,2.7165835152131033,15
24709,9.247921565575243,2.4156451972364668,194408,18.937510567705566,1.034768221250525,27
24710,58.56933956489261,-0.726397181872332,194411,47.997068783449585,1.2679199422360634,13
24711,-113.29003528119878,7.013807175006502,194413,-114.33047638704419,5.73481138949136,19
24712,-112.13233413409358,3.5744120655358795,194415,-114.33047638704419,5.73481138949136,19
24713,-40.98177581233788,4.03480374436115,194419,-49.93530245157272,-0.19848027172185767,2
24714,-112.41433962119139,9.216647883338148,194426,-114.33047638704419,5.73481138949136,19
24715,-58.85498815655215,1.9728073322514648,194431,-66.8889597803445,2.169628081691683,14
24716,-72.72078016759312,-1.2004006963606186,194437,-77.6204452281073,-4.536559244831727,5
24717,75.52734960342495,0.4950860024958576,194439,78.01149217232324,3.6022338347977136,6
24718,-98.25970749422434,-9.154431328473253,194445,-95.36861679384212,-10.95784818293233,28
24719,-80.16062825664821,5.2419407553654365,194461,-85.91178621041317,3.2728237667350073,24
24720,247.39136950819866,-6.318527708440069,194471,227.03647807555316,-5.020718083634986,26
24721,565.1047554260446,-5.850700219376232,194495,586.0312761189704,-1.722944617346204,30
24722,-128.9919081407858,-0.3142267171944137,194496,-129.1025175244067,1.5488809909733745,1
24723,-112.28560009336387,-8.82979629505655,194506,-115.69510858146283,-11.595084171039186,39
24724,341.0669926022401,-12.887331677426525,194512,302.44973475302317,-5.405747081354008,25
24725,-120.07008869386091,2.5812902670878772,194517,-118.09857507912784,0.7103841694799473,11
24726,4.950786960910591,-8.441982408416136,194538,-6.878718007946434,-1.0926682779646681,10
24727,3.735167528434905,-4.762491961799014,194545,-6.878718007946434,-1.0926682779646681,10
24728,-145.06178712266615,1.9783132025040981,194551,-146.59606179012786,4.113086925586259,4
24729,-120.07496260731986,2.6795906994146472,194554,-118.09857507912784,0.7103841694799473,11
24730,78.0963913036113,7.398248349271693,194565,78.01149217232324,3.6022338347977136,6
24731,116.84624175662576,-74.84065386225481,194567,110.19899446847099,-35.665903512662624,21
24732,-129.0380325508918,-12.479694473237812,194570,-130.75996572568545,-6.6137591708523855,18
24733,-104.9979936798547,0.7417856623672645,194577,-104.7190727296112,3.8815952186994593,7
24734,358.28070791581155,13.724354711295016,194589,302.44973475302317,-5.405747081354008,25
24735,-136.88302648916675,-2.3044321884027785,194598,-134.89656831690453,-0.030690791204986433,34
24736,-50.10123817450794,6.499004592470704,194600,-49.93530245157272,-0.19848027172185767,2
24737,162.83763528608196,-30.20157575808337,194605,172.66355239880147,-2.7112682595768685,38
24738,-133.95435538215744,1.3403375481252031,194606,-134.89656831690453,-0.030690791204986433,34
24739,-81.02456430712427,4.293817507730962,194625,-85.91178621041317,3.2728237667350073,24
24740,-133.9920439446148,1.1485546750466087,194626,-134.89656831690453,-0.030690791204986433,34
24741,-140.94581662967516,0.020416613565801447,194640,-141.0346653257256,-1.1036168920026446,0
24742,-86.60514570455015,-2.9282153229900754,194648,-85.91178621041317,3.2728237667350073,24
24743,-110.13149155946381,4.620089946643974,194649,-114.33047638704419,5.73481138949136,19
24744,-129.9216253635456,-1.8507205828545366,194662,-129.1025175244067,1.5488809909733745,1
24745,-90.89652195688109,0.29894300621482855,194667,-85.91178621041317,3.2728237667350073,24
24746,278.19959691742446,11.576010577557042,194669,302.44973475302317,-5.405747081354008,25
24747,66.81306217707389,-4.381007118442969,194679,70.166569844569,-14.692630117552799,9
24748,1159.4731054939305,9.426567987431444,194688,1342.5649032771717,32.04824045393157,32
24749,-115.22964451381854,5.636306481447139,194692,-114.33047638704419,5.73481138949136,19
24750,-42.64797595110824,-15.997953624316088,194693,-49.93530245157272,-0.19848027172185767,2
24751,-41.89413384296047,-26.85025251445987,194697,-49.93530245157272,-0.19848027172185767,2
24752,-103.79744941832301,-0.03455620607822332,194706,-104.7190727296112,3.8815952186994593,7
24753,-54.8223929180103,0.8355354361943312,194714,-49.93530245157272,-0.19848027172185767,2
24754,-89.53025139744625,-4.124901140675355,194722,-85.91178621041317,3.2728237667350073,24
24755,-96.14878215986958,5.7326156817200955,194723,-96.6939343764425,2.7165835152131033,15
24756,-120.23012179053947,5.555780546154585,194731,-123.80894152337959,5.566802721935252,23
24757,-115.82362518414826,-0.6889822739587966,194763,-118.09857507912784,0.7103841694799473,11
24758,-117.66246984511221,-4.771461093491656,194764,-118.09857507912784,0.7103841694799473,11
24759,-61.34663545822356,9.631906549338536,194767,-66.8889597803445,2.169628081691683,14
24760,-30.19941047807537,7.956496836319551,194772,-29.714479793685786,-1.264748112657314,8
24761,182.31306759189414,7.494914802863757,194781,172.66355239880147,-2.7112682595768685,38
24762,57.33422106090035,-26.587471799232965,194783,70.166569844569,-14.692630117552799,9
24763,-144.14157454744205,4.251697894030352,194789,-142.14616351708418,5.245197398204194,22
24764,-39.01429094761747,-9.953908916305545,194795,-29.714479793685786,-1.264748112657314,8
24765,-93.79485760343195,-1.471349203251466,194797,-96.6939343764425,2.7165835152131033,15
24766,150.2697226918088,-8.37459061741477,194799,135.4076551174278,-1.697351881935795,33
24767,59.95667941135792,-20.831249677934604,194800,70.166569844569,-14.692630117552799,9
24768,-133.05385950940845,1.497461533939035,194809,-134.89656831690453,-0.030690791204986433,34
24769,0.08116262917036354,3.33102255981647,194823,-6.878718007946434,-1.0926682779646681,10
24770,-135.31647368356448,6.708007619961725,194827,-137.57400940459857,4.493303950559668,20
24771,47.07841509595765,-9.510481908471808,194829,47.997068783449585,1.2679199422360634,13
24772,-36.39877082723967,10.674855736954257,194832,-29.714479793685786,-1.264748112657314,8
24773,-143.25045386006374,5.620670017831931,194842,-142.14616351708418,5.245197398204194,22
24774,215.70287892639942,2.5829029434044575,194848,227.03647807555316,-5.020718083634986,26
24775,-154.10707344957237,1.7934681823566725,194852,-152.23629829764135,4.213482038439798,37
24776,91.31686450909176,-10.918899891458638,194861,104.96211155305676,-0.5414592591613776,31
24777,156.96392823546662,-17.818895885640345,194862,172.66355239880147,-2.7112682595768685,38
24778,-92.99420090688369,2.9021270550750904,194870,-96.6939343764425,2.7165835152131033,15
24779,-126.63075359390392,-4.586784745401934,194871,-123.94204162798616,-1.5144507595891967,3
24780,-74.75691128780285,-1.461455845659012,194878,-77.6204452281073,-4.536559244831727,5
24781,99.04556275600325,-7.398550408366618,194880,104.96211155305676,-0.5414592591613776,31
24782,-138.3030384351029,-8.88759900125018,194881,-130.75996572568545,-6.6137591708523855,18
24783,-8.290049415934687,10.303346135342387,194883,-6.878718007946434,-1.0926682779646681,10
24784,48.91581521986476,9.329284663010334,194886,47.997068783449585,1.2679199422360634,13
24785,-80.93829115109858,0.8573521277438361,194889,-85.91178621041317,3.2728237667350073,24
24786,-21.755257899900354,0.4175349909147617,194896,-29.714479793685786,-1.264748112657314,8
24787,-35.00386475312902,5.122872803371522,194897,-29.714479793685786,-1.264748112657314,8
24788,-136.29212085800154,6.6691835002252216,194913,-137.57400940459857,4.493303950559668,20
24789,86.49231284187057,1.4232765464046393,194914,78.01149217232324,3.6022338347977136,6
24790,-132.46591014101523,-6.24776895094656,194925,-130.75996572568545,-6.6137591708523855,18
24791,-104.6202851242335,-3.9413934196285743,194942,-109.71624596876933,-1.0040630408538558,16
24792,240.51827631787384,-22.925817233866066,194945,227.03647807555316,-5.020718083634986,26
24793,-138.04574998431565,1.2248802371100216,194958,-137.57400940459857,4.493303950559668,20
24794,-149.1745592842065,4.3869166951245075,194970,-146.59606179012786,4.113086925586259,4
24795,572.9289868192626,26.06404454972733,194980,586.0312761189704,-1.722944617346204,30
24796,382.5261505213612,-32.34629535665796,194994,417.6915390220547,-4.11857226961515,29
24797,-133.01829855757057,0.19776510895571783,195011,-134.89656831690453,-0.030690791204986433,34
24798,114.70638692477439,-1.2368968231671706,195020,104.96211155305676,-0.5414592591613776,31
24799,-133.17383853165552,4.111344046802617,195022,-132.1080396739421,5.887059356646324,17
24800,-121.04748025565155,2.0721310879608206,195035,-118.09857507912784,0.7103841694799473,11
24801,126.28831484645248,-9.187459194211394,195049,135.4076551174278,-1.697351881935795,33
24802,14.54551615967833,-30.917729051781595,195096,28.39696760572947,-22.91072472808294,12
24803,-129.24868751915227,5.846979240886914,195101,-132.1080396739421,5.887059356646324,17
24804,-131.36918885634327,7.9175205692961725,195102,-132.1080396739421,5.887059356646324,17
24805,-119.17645152474141,4.431078637524363,195113,-118.09857507912784,0.7103841694799473,11
24806,-89.46590691845591,10.732892124685023,195124,-85.91178621041317,3.2728237667350073,24
24807,-118.02948757342116,1.729314461461093,195130,-118.09857507912784,0.7103841694799473,11
24808,-130.61285869050053,-4.543244731568292,195148,-130.75996572568545,-6.6137591708523855,18
24809,-142.96916827932904,0.48926901399733325,195149,-141.0346653257256,-1.1036168920026446,0
24810,-56.323032926617856,9.193624125759454,195156,-49.93530245157272,-0.19848027172185767,2
24811,-136.9702174561682,-0.4062311688753433,195164,-134.89656831690453,-0.030690791204986433,34
24812,-132.83216447883157,-2.3231750495256094,195165,-134.89656831690453,-0.030690791204986433,34
24813,-118.1983951545653,4.92246602269694,195167,-114.33047638704419,5.73481138949136,19
24814,39.903307420050695,7.91544773957788,195191,47.997068783449585,1.2679199422360634,13
24815,-38.07055819977596,5.524847639875832,195201,-29.714479793685786,-1.264748112657314,8
24816,21.319867098226776,1.541994664941764,195207,18.937510567705566,1.034768221250525,27
24817,-79.0127770304956,-11.682086084153541,195208,-77.6204452281073,-4.536559244831727,5
24818,-134.36472281849032,7.786177787156141,195229,-132.1080396739421,5.887059356646324,17
24819,-45.67859944156616,0.3968516982785459,195231,-49.93530245157272,-0.19848027172185767,2
24820,32.432534127444164,0.8021817139874564,195232,18.937510567705566,1.034768221250525,27
24821,-120.1369454908167,-11.71987247742865,195252,-115.69510858146283,-11.595084171039186,39
24822,213.04932230241508,-2.490817261665611,195254,227.03647807555316,-5.020718083634986,26
24823,-141.09004231930473,1.6441421814418475,195260,-141.0346653257256,-1.1036168920026446,0
24824,938.0337540144019,22.35370721971526,195264,861.6475783799328,6.515082937232454,35
24825,-103.04073259092074,3.760576255010631,195266,-104.7190727296112,3.8815952186994593,7
24826,-117.44464706757934,-5.936688004802839,195269,-115.69510858146283,-11.595084171039186,39
24827,433.7816324585209,23.3653300211114,195272,417.6915390220547,-4.11857226961515,29
24828,-117.34142837023485,7.558713609742996,195283,-114.33047638704419,5.73481138949136,19
24829,-129.18068496952395,3.8352959168289233,195291,-129.1025175244067,1.5488809909733745,1
24830,58.909883337111275,-5.6233003752358055,195303,47.997068783449585,1.2679199422360634,13
24831,-126.24839077860597,6.387883747798461,195309,-123.80894152337959,5.566802721935252,23
24832,257.00308365520965,14.50675554714556,195338,227.03647807555316,-5.020718083634986,26
24833,-94.03892487771576,2.3440462254483467,195354,-96.6939343764425,2.7165835152131033,15
24834,-69.20384248087728,7.406251078488459,195366,-66.8889597803445,2.169628081691683,14
24835,-143.03732440064925,2.511785489324773,195379,-142.14616351708418,5.245197398204194,22
24836,105.68654830961528,13.760573373654257,195387,104.96211155305676,-0.5414592591613776,31
24837,-133.93886465112908,1.0152190847109552,195394,-134.89656831690453,-0.030690791204986433,34
24838,-56.795067802976725,0.7110970341820697,195395,-49.93530245157272,-0.19848027172185767,2
24839,84.80546696893174,-2.8883713512670366,195403,78.01149217232324,3.6022338347977136,6
24840,148.7015001995793,0.4562074429416583,195424,135.4076551174278,-1.697351881935795,33
24841,-78.05044656126171,4.404075137213161,195428,-85.91178621041317,3.2728237667350073,24
24842,-90.27406195826319,7.553881292283149,195441,-85.91178621041317,3.2728237667350073,24
24843,-142.23003625343893,4.686902987788039,195445,-142.14616351708418,5.245197398204194,22
24844,75.65682177805392,-1.333228618902319,195446,78.01149217232324,3.6022338347977136,6
24845,-144.87912360898088,0.04142796601021551,195447,-148.09620948762597,-1.1157003398540595,36
24846,-148.15399461563482,3.9729355155275683,195452,-146.59606179012786,4.113086925586259,4
24847,-111.3512533690379,8.3999086520484,195455,-114.33047638704419,5.73481138949136,19
24848,869.7419639691236,-4.414671896473011,195456,861.6475783799328,6.515082937232454,35
24849,-136.0392895152939,2.1472919022285013,195458,-134.89656831690453,-0.030690791204986433,34
24850,-125.60601809465575,-4.592001406080786,195465,-123.94204162798616,-1.5144507595891967,3
24851,-65.01742018143001,3.895096545460081,195474,-66.8889597803445,2.169628081691683,14
24852,-140.99705645875744,1.6486546270841158,195486,-141.0346653257256,-1.1036168920026446,0
24853,15.215778082721378,2.701770113351415,195503,18.937510567705566,1.034768221250525,27
24854,-87.62123621819092,-2.5919812850242048,195510,-85.91178621041317,3.2728237667350073,24
24855,-120.15541666611588,3.922706536885844,195521,-118.09857507912784,0.7103841694799473,11
24856,-138.9291030632139,0.7131382853550624,195537,-141.0346653257256,-1.1036168920026446,0
24857,-82.76157727270336,-15.205600982309697,195544,-77.6204452281073,-4.536559244831727,5
24858,-99.20193788971875,5.314341104922685,195559,-96.6939343764425,2.7165835152131033,15
24859,-45.52460379725248,-3.504787566862031,195561,-49.93530245157272,-0.19848027172185767,2
24860,4.760136275855682,-6.318633611315234,195563,-6.878718007946434,-1.0926682779646681,10
24861,5.106545793421982,4.413452176383974,195564,-6.878718007946434,-1.0926682779646681,10
24862,-135.99848637841083,-0.27907060865262423,195581,-134.89656831690453,-0.030690791204986433,34
24863,-144.27204440100726,6.073294386959898,195602,-142.14616351708418,5.245197398204194,22
24864,-50.23802724476472,-7.799608793758329,195613,-49.93530245157272,-0.19848027172185767,2
24865,12.659760741060119,-3.4780238609921135,195620,18.937510567705566,1.034768221250525,27
24866,427.3958366456997,-0.30908691566997837,195624,417.6915390220547,-4.11857226961515,29
24867,-78.05996201370391,4.592433715608922,195626,-85.91178621041317,3.2728237667350073,24
24868,-134.16825118531997,4.503739169844697,195627,-132.1080396739421,5.887059356646324,17
24869,54.86492136134248,-5.730105894210088,195631,47.997068783449585,1.2679199422360634,13
24870,-135.29468638022416,6.726322960193745,195652,-137.57400940459857,4.493303950559668,20
24871,306.34757119550574,10.34481848563251,195678,302.44973475302317,-5.405747081354008,25
24872,-7.261752455522141,-5.535432587586341,195692,-6.878718007946434,-1.0926682779646681,10
24873,-130.13485005246073,2.8202842249578937,195697,-129.1025175244067,1.5488809909733745,1
24874,-102.47650441216241,-5.51687680260284,195703,-109.71624596876933,-1.0040630408538558,16
24875,-5.122236489979108,7.2007728614507505,195704,-6.878718007946434,-1.0926682779646681,10
24876,84.94965346124648,-5.536212072621665,195710,78.01149217232324,3.6022338347977136,6
24877,-117.17348030335852,5.406052940567711,195733,-114.33047638704419,5.73481138949136,19
24878,-132.0728872951795,2.44428985471297,195735,-129.1025175244067,1.5488809909733745,1
24879,-149.25896524911283,5.700566417084668,195745,-146.59606179012786,4.113086925586259,4
24880,-101.09913848673402,4.056275609195531,195749,-104.7190727296112,3.8815952186994593,7
24881,-138.1325342305069,3.65040375055582,195757,-137.57400940459857,4.493303950559668,20
24882,-32.85433500089034,1.3647680782849958,195767,-29.714479793685786,-1.264748112657314,8
24883,-139.0531206768285,0.8887501215549334,195777,-141.0346653257256,-1.1036168920026446,0
24884,-70.87259427062924,1.1393681067547274,195800,-66.8889597803445,2.169628081691683,14
24885,434.0963926070187,-53.07349932430199,195804,417.6915390220547,-4.11857226961515,29
24886,-51.34754964657299,10.33965125542109,195846,-49.93530245157272,-0.19848027172185767,2
24887,-99.21304047071584,-23.896575165851942,195856,-95.36861679384212,-10.95784818293233,28
24888,-107.95944032375789,-0.14689681713164612,195872,-109.71624596876933,-1.0040630408538558,16
24889,-140.23669858437992,5.375921260641611,195878,-142.14616351708418,5.245197398204194,22
24890,-64.23611698089312,7.173224466069761,195904,-66.8889597803445,2.169628081691683,14
24891,-138.28543781056325,5.942231286287824,195908,-137.57400940459857,4.493303950559668,20
24892,-92.36073954714234,-6.85060090157756,195911,-95.36861679384212,-10.95784818293233,28
24893,-10.899741567676942,-10.954948961135777,195921,-6.878718007946434,-1.0926682779646681,10
24894,83.35717902226624,-11.931684705458828,195922,70.166569844569,-14.692630117552799,9
24895,-54.31499434875225,9.557426202959059,195933,-49.93530245157272,-0.19848027172185767,2
24896,-88.08583064665564,3.9752353625487387,195934,-85.91178621041317,3.2728237667350073,24
24897,23.910793748821032,8.513733731034504,195937,18.937510567705566,1.034768221250525,27
24898,-102.08303528513484,2.146825463140933,195940,-104.7190727296112,3.8815952186994593,7
24899,44.47420608481715,0.6056101772772283,195950,47.997068783449585,1.2679199422360634,13
24900,445.34959519199555,1.0040869287941507,195962,417.6915390220547,-4.11857226961515,29
24901,-115.9548866629697,-0.3914188790845237,195965,-118.09857507912784,0.7103841694799473,11
24902,-139.2627886941733,5.958136765442034,195976,-137.57400940459857,4.493303950559668,20
24903,-149.18298298513383,4.056005370974614,195985,-146.59606179012786,4.113086925586259,4
24904,669.8866282367263,-27.726635364828756,195993,586.0312761189704,-1.722944617346204,30
24905,-107.83688667726769,-1.293225904532705,195994,-109.71624596876933,-1.0040630408538558,16
24906,-129.23686618167335,5.066028322909207,196020,-132.1080396739421,5.887059356646324,17
24907,-83.24194232129426,6.96930153597248,196025,-85.91178621041317,3.2728237667350073,24
24908,-145.0323581640176,0.32268906916449625,196030,-148.09620948762597,-1.1157003398540595,36
24909,69.56376639703998,-15.141366099810876,196040,70.166569844569,-14.692630117552799,9
24910,246.8281752623218,-12.8230139156018,196043,227.03647807555316,-5.020718083634986,26
24911,-96.53762681803991,-4.577714524469215,196049,-95.36861679384212,-10.95784818293233,28
24912,138.75328772726422,-1.3626656338188718,196064,135.4076551174278,-1.697351881935795,33
24913,48.904618312760064,8.038856048995347,196125,47.997068783449585,1.2679199422360634,13
24914,-0.8651649275926979,4.200234875798009,196140,-6.878718007946434,-1.0926682779646681,10
24915,-22.36107430549697,-5.14840439899842,196141,-29.714479793685786,-1.264748112657314,8
24916,-147.23347984195811,4.7066396972722195,196142,-146.59606179012786,4.113086925586259,4
24917,239.83658759460775,-13.12660542213683,196145,227.03647807555316,-5.020718083634986,26
24918,-136.172763524207,4.058376227830695,196146,-137.57400940459857,4.493303950559668,20
24919,263.15414573584405,-17.131990933728314,196149,227.03647807555316,-5.020718083634986,26
24920,-143.0515010318914,0.7632942368096606,196151,-141.0346653257256,-1.1036168920026446,0
24921,-155.31272873535607,6.269410962022122,196154,-152.23629829764135,4.213482038439798,37
24922,-49.84170456314224,-13.396966951837609,196156,-49.93530245157272,-0.19848027172185767,2
24923,-145.91396426951727,-0.7570224129128269,196197,-148.09620948762597,-1.1157003398540595,36
24924,-105.31543435300824,7.196278298511863,196203,-104.7190727296112,3.8815952186994593,7
24925,-107.42630138813512,9.591501681662711,196211,-104.7190727296112,3.8815952186994593,7
24926,-116.33879993242532,8.028859858434728,196221,-114.33047638704419,5.73481138949136,19
24927,285.016475832275,-14.779687648914027,196222,302.44973475302317,-5.405747081354008,25
24928,-70.69149621958618,-0.7602097678541939,196225,-66.8889597803445,2.169628081691683,14
24929,14.002081477860155,5.301779683759961,196228,18.937510567705566,1.034768221250525,27
24930,-88.18344656802117,4.564676125398917,196230,-85.91178621041317,3.2728237667350073,24
24931,-53.335274193724004,9.51954847433508,196234,-49.93530245157272,-0.19848027172185767,2
24932,-133.06703896720833,1.792453687921418,196235,-134.89656831690453,-0.030690791204986433,34
24933,-106.77284106926187,-15.856578715333352,196239,-115.69510858146283,-11.595084171039186,39
24934,-80.10351772541951,2.9454749505607922,196251,-85.91178621041317,3.2728237667350073,24
24935,32.07980164227321,6.486158060944851,196253,18.937510567705566,1.034768221250525,27
24936,101.4369489023292,-11.831082682370294,196261,104.96211155305676,-0.5414592591613776,31
24937,-61.2197564224415,-8.39417372790421,196278,-66.8889597803445,2.169628081691683,14
24938,139.9784929071519,-33.16170820855905,196282,110.19899446847099,-35.665903512662624,21
24939,-121.0636055542087,2.9350266771329396,196283,-118.09857507912784,0.7103841694799473,11
24940,-49.05457998499283,4.4541429785668205,196295,-49.93530245157272,-0.19848027172185767,2
24941,261.42483193178543,-6.312303570860853,196308,227.03647807555316,-5.020718083634986,26
24942,452.1986341213251,18.115463329485923,196326,417.6915390220547,-4.11857226961515,29
24943,-124.89559587401979,0.733476272885835,196338,-123.94204162798616,-1.5144507595891967,3
24944,-129.18613603727934,4.452398932575242,196346,-129.1025175244067,1.5488809909733745,1
24945,-123.97537475219036,0.9585962313865303,196347,-123.94204162798616,-1.5144507595891967,3
24946,-108.2650060850609,6.536961303504494,196381,-104.7190727296112,3.8815952186994593,7
24947,-146.16626383318913,3.7336932055457446,196404,-146.59606179012786,4.113086925586259,4
24948,-94.90717105712974,-0.5719596040618886,196427,-96.6939343764425,2.7165835152131033,15
24949,-95.97141802143676,0.8116111107256132,196431,-96.6939343764425,2.7165835152131033,15
24950,-153.13972800507062,3.050863256379145,196437,-152.23629829764135,4.213482038439798,37
24951,-127.9668783668552,1.2112745883295628,196444,-129.1025175244067,1.5488809909733745,1
24952,200.60274851357977,-25.437635227342405,196458,227.03647807555316,-5.020718083634986,26
24953,-27.34829229154175,11.27461249752831,196460,-29.714479793685786,-1.264748112657314,8
24954,-62.10782829561682,4.881942657622782,196466,-66.8889597803445,2.169628081691683,14
24955,-54.46626639616382,-3.3985606741276873,196469,-49.93530245157272,-0.19848027172185767,2
24956,13.143963012914334,-10.498291598448592,196470,18.937510567705566,1.034768221250525,27
24957,-132.52612050948866,-5.441985554546566,196477,-130.75996572568545,-6.6137591708523855,18
24958,-66.79196249097258,0.9879686882619156,196478,-66.8889597803445,2.169628081691683,14
24959,-92.74301538354165,-1.0313234948132508,196483,-96.6939343764425,2.7165835152131033,15
24960,18.578810063723253,-17.35671729289952,196484,28.39696760572947,-22.91072472808294,12
24961,-135.02146080360808,1.786547099053207,196503,-134.89656831690453,-0.030690791204986433,34
24962,-4.106528627489527,7.387324071836247,196509,-6.878718007946434,-1.0926682779646681,10
24963,743.7005551733208,-8.18801257487491,196519,861.6475783799328,6.515082937232454,35
24964,299.7489257911002,4.524963599024856,196526,302.44973475302317,-5.405747081354008,25
24965,-135.68607827381774,-4.046333982353056,196531,-134.89656831690453,-0.030690791204986433,34
24966,725.8993405090316,17.116619924016288,196534,861.6475783799328,6.515082937232454,35
24967,239.57467896249187,5.275671729990203,196540,227.03647807555316,-5.020718083634986,26
24968,118.97664023897669,-19.26494747435637,196548,110.19899446847099,-35.665903512662624,21
24969,-117.14319975156324,4.234648546985598,196554,-114.33047638704419,5.73481138949136,19
24970,-99.10252630306643,4.164098603470831,196561,-96.6939343764425,2.7165835152131033,15
24971,-109.22947343243509,5.742202746797959,196582,-104.7190727296112,3.8815952186994593,7
24972,-73.4335363824927,10.825888596994627,196584,-66.8889597803445,2.169628081691683,14
24973,148.16163120821793,8.685271467985148,196596,135.4076551174278,-1.697351881935795,33
24974,-96.72436167209818,-3.0704348159282997,196608,-96.6939343764425,2.7165835152131033,15
24975,-116.46569936746194,-20.711449435314638,196610,-115.69510858146283,-11.595084171039186,39
24976,630.6646593329181,-40.30058921652921,196613,586.0312761189704,-1.722944617346204,30
24977,-54.246507408111604,8.050451814536432,196625,-49.93530245157272,-0.19848027172185767,2
24978,301.1202042213585,-0.5121615024154273,196628,302.44973475302317,-5.405747081354008,25
24979,-95.76314442360149,-2.209598544071088,196646,-96.6939343764425,2.7165835152131033,15
24980,-112.006923188602,1.3395558163945798,196649,-109.71624596876933,-1.0040630408538558,16
24981,-152.94238111817253,-0.7701909780134572,196669,-148.09620948762597,-1.1157003398540595,36
24982,-87.82463322230561,-1.2315762184969765,196670,-85.91178621041317,3.2728237667350073,24
24983,-1.9606127984887187,3.709134846053334,196679,-6.878718007946434,-1.0926682779646681,10
24984,-115.15571895696684,4.529081601515089,196682,-114.33047638704419,5.73481138949136,19
24985,-108.92985912571281,0.21037609672130808,196691,-109.71624596876933,-1.0040630408538558,16
24986,-133.36488262257362,7.799357550770008,196745,-132.1080396739421,5.887059356646324,17
24987,-33.064243983085376,-10.294777375145216,196758,-29.714479793685786,-1.264748112657314,8
24988,158.6707431062598,-13.426164281052337,196760,172.66355239880147,-2.7112682595768685,38
24989,-127.08679473411158,1.7989815613047888,196763,-129.1025175244067,1.5488809909733745,1
24990,-94.17751213389464,4.876160579902714,196764,-96.6939343764425,2.7165835152131033,15
24991,279.9618642733261,1.065973122203305,196769,302.44973475302317,-5.405747081354008,25
24992,-52.35964678302955,10.069429810913293,196775,-49.93530245157272,-0.19848027172185767,2
24993,1.5240509843817858,-2.226902590551444,196777,-6.878718007946434,-1.0926682779646681,10
24994,212.22699198451252,9.862472798646207,196781,227.03647807555316,-5.020718083634986,26
24995,-116.80277513085521,-1.6737716540381056,196786,-118.09857507912784,0.7103841694799473,11
24996,-68.16658137743892,-9.155543447868466,196792,-77.6204452281073,-4.536559244831727,5
24997,-35.5905072416735,-1.3600619194199317,196793,-29.714479793685786,-1.264748112657314,8
24998,-104.02834019068494,1.9301120563310958,196801,-104.7190727296112,3.8815952186994593,7
24999,-133.2816783912977,-10.301409109981417,196803,-130.75996572568545,-6.6137591708523855,18
25000,214.7785103364378,-13.311290795096566,196804,227.03647807555316,-5.020718083634986,26
25001,-128.96178141382396,-0.45999768138361474,196819,-129.1025175244067,1.5488809909733745,1
25002,-121.96701092437621,-0.7327473634602263,196830,-123.94204162798616,-1.5144507595891967,3
25003,-108.94063367316993,0.4477317109359055,196857,-109.71624596876933,-1.0040630408538558,16
25004,-105.95181158159919,1.7634348137177367,196860,-104.7190727296112,3.8815952186994593,7
25005,339.1966747272058,14.203248539485537,196864,302.44973475302317,-5.405747081354008,25
25006,77.30883261572416,2.735251459964646,196879,78.01149217232324,3.6022338347977136,6
25007,-53.33709496902099,9.560272890430035,196903,-49.93530245157272,-0.19848027172185767,2
25008,-59.00426555921073,3.7036159783397538,196911,-66.8889597803445,2.169628081691683,14
25009,-51.646641518500644,-1.4439587625042527,196937,-49.93530245157272,-0.19848027172185767,2
25010,-52.67223737727794,-0.3738462627840009,196939,-49.93530245157272,-0.19848027172185767,2
25011,651.6157973929229,-38.88339643155857,196941,586.0312761189704,-1.722944617346204,30
25012,-108.30061047202629,-7.927974516998007,196948,-109.71624596876933,-1.0040630408538558,16
25013,393.70651508731794,23.316346391724,196950,417.6915390220547,-4.11857226961515,29
25014,278.96440655808846,0.9979826548037231,196959,302.44973475302317,-5.405747081354008,25
25015,17.092593115176562,5.436280696113732,196963,18.937510567705566,1.034768221250525,27
25016,-140.28010404434866,5.823378904950187,196975,-142.14616351708418,5.245197398204194,22
25017,-115.63018650487338,-33.36407790690456,196984,-115.69510858146283,-11.595084171039186,39
25018,-136.26164494084236,5.4861524918871325,196998,-137.57400940459857,4.493303950559668,20
25019,-92.68691828413924,-2.797054036074985,197004,-96.6939343764425,2.7165835152131033,15
25020,761.1639180963556,14.477019314773917,197041,861.6475783799328,6.515082937232454,35
25021,-69.59409265360478,-2.3904974380079618,197042,-66.8889597803445,2.169628081691683,14
25022,-123.00994427990948,0.6874398133379631,197044,-123.94204162798616,-1.5144507595891967,3
25023,-115.73932810712444,-1.5055661869013022,197077,-118.09857507912784,0.7103841694799473,11
25024,14.1505825082966,4.112056412141199,197099,18.937510567705566,1.034768221250525,27
25025,-136.1994375035368,4.1057765621964,197115,-137.57400940459857,4.493303950559668,20
25026,-132.03787584303646,1.1589719106709686,197134,-129.1025175244067,1.5488809909733745,1
25027,-96.76975050068154,-0.5202351912581873,197140,-96.6939343764425,2.7165835152131033,15
25028,-100.23005483822573,5.40300973180491,197141,-96.6939343764425,2.7165835152131033,15
25029,-146.19777932514117,4.433257766091915,197144,-146.59606179012786,4.113086925586259,4
25030,26.105159425869598,-9.93958454338884,197146,18.937510567705566,1.034768221250525,27
25031,-114.87975897312197,-1.5125151835618147,197170,-118.09857507912784,0.7103841694799473,11
25032,-105.42874119989463,9.644018773832162,197174,-104.7190727296112,3.8815952186994593,7
25033,311.95651237915774,2.2320334557926786,197184,302.44973475302317,-5.405747081354008,25
25034,78.54488427113678,0.6556515712937809,197188,78.01149217232324,3.6022338347977136,6
25035,66.97301394625762,-21.07783518036661,197191,70.166569844569,-14.692630117552799,9
25036,-143.65027799133395,-3.937614629874587,197193,-141.0346653257256,-1.1036168920026446,0
25037,-75.05694500218473,3.049602647504512,197196,-77.6204452281073,-4.536559244831727,5
25038,-148.7608327107172,-3.133317573111483,197210,-148.09620948762597,-1.1157003398540595,36
25039,-48.62522096906026,-2.377935014512231,197221,-49.93530245157272,-0.19848027172185767,2
25040,-112.2321922212545,5.759995134461315,197222,-114.33047638704419,5.73481138949136,19
25041,7.221434516944079,2.444035633448698,197223,18.937510567705566,1.034768221250525,27
25042,-113.02468368090372,1.7013190668755107,197234,-114.33047638704419,5.73481138949136,19
25043,-147.26264150465963,5.824124972575352,197256,-146.59606179012786,4.113086925586259,4
25044,93.55809456360812,0.620988403919194,197257,104.96211155305676,-0.5414592591613776,31
25045,244.18921144029594,10.205755638850329,197270,227.03647807555316,-5.020718083634986,26
25046,-78.11770697732574,4.356703718728741,197271,-85.91178621041317,3.2728237667350073,24
25047,-73.8897779742447,0.9443685606802852,197287,-77.6204452281073,-4.536559244831727,5
25048,-44.49063430287614,-17.92828495260944,197291,-49.93530245157272,-0.19848027172185767,2
25049,-102.50068716668837,-5.487099974221284,197304,-109.71624596876933,-1.0040630408538558,16
25050,-95.2053562287977,5.449325338335161,197305,-96.6939343764425,2.7165835152131033,15
25051,-103.32989509173821,8.029036017337015,197306,-104.7190727296112,3.8815952186994593,7
25052,-111.91162571413496,0.790318093124364,197317,-109.71624596876933,-1.0040630408538558,16
25053,-121.8099889106698,-1.0862590985062854,197333,-123.94204162798616,-1.5144507595891967,3
25054,101.7239858647803,-16.071781973309953,197334,104.96211155305676,-0.5414592591613776,31
25055,-64.74009227942085,-0.6364969916415202,197342,-66.8889597803445,2.169628081691683,14
25056,696.4975787182143,-35.540559859724105,197343,586.0312761189704,-1.722944617346204,30
25057,483.5954484106249,13.032720140893355,197345,417.6915390220547,-4.11857226961515,29
25058,-150.0395797183853,0.9050698214268688,197352,-148.09620948762597,-1.1157003398540595,36
25059,136.96148798902456,-4.405607236489572,197390,135.4076551174278,-1.697351881935795,33
25060,18.704571851800992,-3.8429717935121044,197397,18.937510567705566,1.034768221250525,27
25061,-129.02851250621663,1.0144136904468086,197409,-129.1025175244067,1.5488809909733745,1
25062,-143.31027415085362,6.424289841716151,197446,-142.14616351708418,5.245197398204194,22
25063,27.394767905656927,16.787087995177,197447,18.937510567705566,1.034768221250525,27
25064,-93.33647987883701,7.824095508819037,197452,-96.6939343764425,2.7165835152131033,15
25065,-36.32199711760075,-5.208867581341604,197460,-29.714479793685786,-1.264748112657314,8
25066,122.071924732676,8.676713842275255,197464,135.4076551174278,-1.697351881935795,33
25067,-109.08124001140708,-11.698815736181064,197482,-115.69510858146283,-11.595084171039186,39
25068,0.09806119039035062,4.527313586272059,197518,-6.878718007946434,-1.0926682779646681,10
25069,-97.43848354872428,10.007746809868934,197525,-96.6939343764425,2.7165835152131033,15
25070,62.951148911214275,9.316110489577953,197528,78.01149217232324,3.6022338347977136,6
25071,-115.15404615760428,5.016287319954842,197534,-114.33047638704419,5.73481138949136,19
25072,-107.05344392175482,2.9528381103815073,197535,-104.7190727296112,3.8815952186994593,7
25073,-139.90473700931096,0.6673574507613477,197545,-141.0346653257256,-1.1036168920026446,0
25074,-73.87789639743396,0.6762875632381861,197557,-77.6204452281073,-4.536559244831727,5
25075,-121.90837415380142,-0.9994988575251522,197572,-123.94204162798616,-1.5144507595891967,3
25076,126.17038813106342,-21.839756012368067,197581,110.19899446847099,-35.665903512662624,21
25077,50.368344830071614,1.4957206664371414,197585,47.997068783449585,1.2679199422360634,13
25078,-146.74939891400624,-3.8681309820732936,197600,-148.09620948762597,-1.1157003398540595,36
25079,-147.0723478098199,1.1457878780033748,197609,-148.09620948762597,-1.1157003398540595,36
25080,154.14800990366692,9.07890675889119,197642,135.4076551174278,-1.697351881935795,33
25081,-101.85259433505257,-1.359293189495568,197644,-104.7190727296112,3.8815952186994593,7
25082,-100.74312026825463,-1.1796163549469723,197647,-96.6939343764425,2.7165835152131033,15
25083,329.7340878702461,5.865740794955048,197654,302.44973475302317,-5.405747081354008,25
25084,-20.36165456673539,11.15702701252606,197658,-29.714479793685786,-1.264748112657314,8
25085,-107.24065491967549,-10.237069934536454,197684,-115.69510858146283,-11.595084171039186,39
25086,-134.05084085015272,1.408568789195352,197692,-134.89656831690453,-0.030690791204986433,34
25087,-144.89473172304227,-1.1661355876701645,197697,-148.09620948762597,-1.1157003398540595,36
25088,254.87269222230162,1.5696285448455196,197705,227.03647807555316,-5.020718083634986,26
25089,106.32888551563069,4.324736921625973,197731,104.96211155305676,-0.5414592591613776,31
25090,27.216357651366092,3.92074746433529,197732,18.937510567705566,1.034768221250525,27
25091,-0.5317926831374731,-1.0326096491234587,197746,-6.878718007946434,-1.0926682779646681,10
25092,-118.83170435673645,-1.6049432744542567,197750,-118.09857507912784,0.7103841694799473,11
25093,-123.2004058637908,4.337469626366174,197779,-123.80894152337959,5.566802721935252,23
25094,-134.29270550083885,6.701637120086931,197786,-132.1080396739421,5.887059356646324,17
25095,-134.22464329642182,4.70293297507535,197812,-132.1080396739421,5.887059356646324,17
25096,-125.81910876186119,-1.481675379849511,197813,-123.94204162798616,-1.5144507595891967,3
25097,-13.879650936464852,3.7908172659144848,197815,-6.878718007946434,-1.0926682779646681,10
25098,-107.80875255514984,-0.37784258369086393,197820,-109.71624596876933,-1.0040630408538558,16
25099,415.725905426323,-19.906671254163676,197829,417.6915390220547,-4.11857226961515,29
25100,-77.77180747929104,0.34530139482295125,197834,-77.6204452281073,-4.536559244831727,5
25101,981.1764855230596,36.21619036436438,197841,861.6475783799328,6.515082937232454,35
25102,-117.77516503771601,-1.8050164444889172,197846,-118.09857507912784,0.7103841694799473,11
25103,-135.95425095301704,0.27889959345928533,197862,-134.89656831690453,-0.030690791204986433,34
25104,136.3695067854321,-9.76345379798499,197875,135.4076551174278,-1.697351881935795,33
25105,-139.01209524895944,-0.038064072261678496,197890,-141.0346653257256,-1.1036168920026446,0
25106,-121.11270793951614,4.026872093409463,197894,-123.80894152337959,5.566802721935252,23
25107,-120.85956411829335,-2.0530760275631605,197904,-123.94204162798616,-1.5144507595891967,3
25108,-110.25938293277838,6.88052786695647,197905,-114.33047638704419,5.73481138949136,19
25109,-113.9633093292745,1.8801335715596967,197910,-114.33047638704419,5.73481138949136,19
25110,28.04532990623082,-9.100280295759251,197922,18.937510567705566,1.034768221250525,27
25111,-121.20232737061981,4.444458786683774,197934,-123.80894152337959,5.566802721935252,23
25112,-78.97648632182478,2.7617232750653704,197950,-85.91178621041317,3.2728237667350073,24
25113,-120.77314994917995,-2.9136986469101678,197951,-123.94204162798616,-1.5144507595891967,3
25114,-110.24961040453765,5.649033269046559,197969,-114.33047638704419,5.73481138949136,19
25115,-147.05773702388268,2.3702068034615698,197972,-146.59606179012786,4.113086925586259,4
25116,-136.10923593130218,2.1385722573121515,198027,-134.89656831690453,-0.030690791204986433,34
25117,68.82040445803557,-18.73228825165883,198030,70.166569844569,-14.692630117552799,9
25118,-19.12317332271154,6.994697007936561,198037,-29.714479793685786,-1.264748112657314,8
25119,-58.69259237079129,-1.5820913701982013,198040,-49.93530245157272,-0.19848027172185767,2
25120,436.1978770432989,-25.80013084543761,198053,417.6915390220547,-4.11857226961515,29
25121,78.13026663273453,-8.080376309708155,198054,70.166569844569,-14.692630117552799,9
25122,-12.840243059556272,3.453714945512425,198056,-6.878718007946434,-1.0926682779646681,10
25123,-151.07445950128186,1.1334121906126104,198070,-152.23629829764135,4.213482038439798,37
25124,-54.30962336962834,8.941831114348211,198081,-49.93530245157272,-0.19848027172185767,2
25125,-110.05858963227708,2.999635478940372,198084,-109.71624596876933,-1.0040630408538558,16
25126,-47.29587808399034,9.28917601521295,198096,-49.93530245157272,-0.19848027172185767,2
25127,-45.68528827255683,-1.0002079751241795,198100,-49.93530245157272,-0.19848027172185767,2
25128,32.05519183945269,6.493201640773691,198106,18.937510567705566,1.034768221250525,27
25129,-109.3825350457414,-8.21162171178247,198112,-115.69510858146283,-11.595084171039186,39
25130,-153.19086370623143,4.154106372939909,198121,-152.23629829764135,4.213482038439798,37
25131,-136.22618779073107,5.7325990935734845,198127,-137.57400940459857,4.493303950559668,20
25132,-97.18212105349515,4.908870036014003,198128,-96.6939343764425,2.7165835152131033,15
25133,-131.76825663038906,-1.149983575294703,198135,-134.89656831690453,-0.030690791204986433,34
25134,-80.14437597625019,5.384881060097315,198138,-85.91178621041317,3.2728237667350073,24
25135,-116.17282180909194,4.902088660829654,198139,-114.33047638704419,5.73481138949136,19
25136,-63.938351543396195,1.664533541060813,198157,-66.8889597803445,2.169628081691683,14
25137,407.685114895224,-33.879087605063724,198159,417.6915390220547,-4.11857226961515,29
25138,-67.33745062503374,-5.9106112287680075,198166,-66.8889597803445,2.169628081691683,14
25139,60.37623361235107,-12.733176495200205,198170,70.166569844569,-14.692630117552799,9
25140,-7.815730240003097,3.511072010352876,198172,-6.878718007946434,-1.0926682779646681,10
25141,-137.08027428527495,1.492961803681486,198174,-134.89656831690453,-0.030690791204986433,34
25142,-118.3564875909739,7.850329812559112,198184,-114.33047638704419,5.73481138949136,19
25143,-52.042131156201044,4.1449623415409365,198197,-49.93530245157272,-0.19848027172185767,2
25144,-85.10440069779531,3.9241473042094737,198201,-85.91178621041317,3.2728237667350073,24
25145,-148.93930253781792,-1.7784200581316139,198208,-148.09620948762597,-1.1157003398540595,36
25146,-146.94519730848398,-1.6198348830759701,198213,-148.09620948762597,-1.1157003398540595,36
25147,564.6157800746283,30.21362809314553,198218,586.0312761189704,-1.722944617346204,30
25148,-3.910718642121479,4.639666940779806,198219,-6.878718007946434,-1.0926682779646681,10
25149,-140.18793501602124,4.825043541181133,198224,-142.14616351708418,5.245197398204194,22
25150,-51.51229750138587,-2.8410097938688192,198226,-49.93530245157272,-0.19848027172185767,2
25151,239.72872494308962,-26.01122739644453,198235,227.03647807555316,-5.020718083634986,26
25152,-132.36602638885122,7.810399856308649,198244,-132.1080396739421,5.887059356646324,17
25153,-152.30984324321338,6.267004895511253,198259,-152.23629829764135,4.213482038439798,37
25154,-118.16081051908434,4.618200183556252,198278,-118.09857507912784,0.7103841694799473,11
25155,-40.10787493487567,-8.428956125514842,198283,-29.714479793685786,-1.264748112657314,8
25156,-34.25238629740582,-7.738572687759714,198298,-29.714479793685786,-1.264748112657314,8
25157,480.46932386104,0.5019155988829613,198323,417.6915390220547,-4.11857226961515,29
25158,-128.9060554029256,-0.6610006702920987,198324,-129.1025175244067,1.5488809909733745,1
25159,-114.14143502016579,-11.515710784123907,198327,-115.69510858146283,-11.595084171039186,39
25160,-149.26525486217508,5.357448509884855,198328,-146.59606179012786,4.113086925586259,4
25161,-2.6400407445021794,0.2560250335743079,198336,-6.878718007946434,-1.0926682779646681,10
25162,-92.02764959855722,-11.57391220859754,198337,-95.36861679384212,-10.95784818293233,28
25163,-43.93821778682495,3.016274630086599,198340,-49.93530245157272,-0.19848027172185767,2
25164,-55.67834915196869,-0.807068746962175,198350,-49.93530245157272,-0.19848027172185767,2
25165,-108.16244450461653,4.300187905884613,198356,-104.7190727296112,3.8815952186994593,7
25166,-100.13403929427842,4.320614821505274,198359,-96.6939343764425,2.7165835152131033,15
25167,67.80573530229324,10.002875071376343,198360,78.01149217232324,3.6022338347977136,6
25168,291.95833713535774,1.3466544797871085,198361,302.44973475302317,-5.405747081354008,25
25169,207.4966417535711,5.426192066559739,198363,227.03647807555316,-5.020718083634986,26
25170,-117.40335029415189,8.927483166264297,198375,-114.33047638704419,5.73481138949136,19
25171,-99.17490199586095,4.710482184582045,198377,-96.6939343764425,2.7165835152131033,15
25172,149.3245740385583,-23.29248599518148,198383,135.4076551174278,-1.697351881935795,33
25173,7.936444864258482,6.6488225335095885,198384,18.937510567705566,1.034768221250525,27
25174,-81.02041977391868,4.207090637821376,198394,-85.91178621041317,3.2728237667350073,24
25175,-128.19302275693224,4.095155227903871,198402,-129.1025175244067,1.5488809909733745,1
25176,-112.0209362022586,1.6378199861777905,198418,-109.71624596876933,-1.0040630408538558,16
25177,-93.96711030410884,0.7724344065537027,198442,-96.6939343764425,2.7165835152131033,15
25178,-41.303302564056466,8.501555564698894,198446,-49.93530245157272,-0.19848027172185767,2
25179,118.27283163366339,4.716583125701438,198460,104.96211155305676,-0.5414592591613776,31
25180,-77.76069470343009,0.11280457724863699,198461,-77.6204452281073,-4.536559244831727,5
25181,-71.3756870639433,-5.650349156450642,198466,-77.6204452281073,-4.536559244831727,5
25182,-118.79656080000245,-0.8353399391442183,198468,-118.09857507912784,0.7103841694799473,11
25183,136.74145725228058,-0.6158803370284052,198478,135.4076551174278,-1.697351881935795,33
25184,-139.97574997191361,1.7175630523030945,198482,-141.0346653257256,-1.1036168920026446,0
25185,-134.24890990221468,5.765322847683551,198484,-132.1080396739421,5.887059356646324,17
25186,-126.11952610330331,2.5368927966863737,198507,-129.1025175244067,1.5488809909733745,1
25187,-114.15455596216924,4.540793500570603,198510,-114.33047638704419,5.73481138949136,19
25188,-134.01428168652976,0.09332472204397727,198518,-134.89656831690453,-0.030690791204986433,34
25189,-128.18975679332027,4.045050780808674,198524,-129.1025175244067,1.5488809909733745,1
25190,-141.0114938765173,0.4458269986279246,198526,-141.0346653257256,-1.1036168920026446,0
25191,-43.32856292281443,-5.701486612528121,198533,-49.93530245157272,-0.19848027172185767,2
25192,939.4932939313396,44.84559790753972,198535,861.6475783799328,6.515082937232454,35
25193,-99.26925409820602,6.780321584123268,198541,-96.6939343764425,2.7165835152131033,15
25194,178.40211625628817,5.468380002952404,198546,172.66355239880147,-2.7112682595768685,38
25195,-85.13017075539733,5.005791349375072,198549,-85.91178621041317,3.2728237667350073,24
25196,87.84990521371672,-18.54737676309825,198559,70.166569844569,-14.692630117552799,9
25197,-122.32554748712609,7.64273473530147,198561,-123.80894152337959,5.566802721935252,23
25198,-128.00683658953105,0.5351127795277768,198590,-129.1025175244067,1.5488809909733745,1
25199,-50.24079517872416,-7.735945261958014,198598,-49.93530245157272,-0.19848027172185767,2
25200,234.8455585417031,-13.410716963527523,198618,227.03647807555316,-5.020718083634986,26
25201,46.321948087728096,2.4296278863391296,198630,47.997068783449585,1.2679199422360634,13
25202,-126.10548617374634,2.73366980940042,198631,-129.1025175244067,1.5488809909733745,1
25203,41.80524148453236,-4.639286380164955,198643,47.997068783449585,1.2679199422360634,13
25204,161.21291858385365,-6.944203341669015,198644,172.66355239880147,-2.7112682595768685,38
25205,-130.31609111759528,6.764643558621219,198655,-132.1080396739421,5.887059356646324,17
25206,-97.98389702413172,2.6152865408126247,198672,-96.6939343764425,2.7165835152131033,15
25207,-82.82170260623464,0.3156891102851585,198674,-85.91178621041317,3.2728237667350073,24
25208,189.83453106935787,14.502593494268819,198677,172.66355239880147,-2.7112682595768685,38
25209,-99.50113703178364,-5.940593174313216,198687,-95.36861679384212,-10.95784818293233,28
25210,-1.0462808825814969,5.096580328914873,198713,-6.878718007946434,-1.0926682779646681,10
25211,-75.1212371373521,4.961808668274297,198717,-66.8889597803445,2.169628081691683,14
25212,-25.31851984742261,10.657702721201172,198720,-29.714479793685786,-1.264748112657314,8
25213,57.54095341295048,-29.585591645802378,198734,70.166569844569,-14.692630117552799,9
25214,-111.91180868235874,-0.7380467017243945,198749,-109.71624596876933,-1.0040630408538558,16
25215,-78.16327165186425,5.327589624434407,198757,-85.91178621041317,3.2728237667350073,24
25216,-90.23976130590879,-8.954760602673648,198762,-95.36861679384212,-10.95784818293233,28
25217,-76.6468050473947,-2.891946124704957,198776,-77.6204452281073,-4.536559244831727,5
25218,-115.20739826149467,5.1665986256468965,198783,-114.33047638704419,5.73481138949136,19
25219,-6.332223400721442,-4.4945213634726295,198784,-6.878718007946434,-1.0926682779646681,10
25220,-94.24278721527303,6.797669212270262,198793,-96.6939343764425,2.7165835152131033,15
25221,123.08166556996123,8.485021863156552,198805,135.4076551174278,-1.697351881935795,33
25222,-144.33878673626765,7.036550694270205,198806,-142.14616351708418,5.245197398204194,22
25223,614.6797306753939,16.45927093499095,198808,586.0312761189704,-1.722944617346204,30
25224,446.9016417113987,-7.490240378038564,198811,417.6915390220547,-4.11857226961515,29
25225,-133.1946674922644,4.564900539755459,198815,-132.1080396739421,5.887059356646324,17
25226,-86.63870378415096,-2.1914121752559432,198820,-85.91178621041317,3.2728237667350073,24
25227,-120.8787956974583,0.9327622606049907,198827,-118.09857507912784,0.7103841694799473,11
25228,-143.00222953031928,-0.30985720214821016,198828,-141.0346653257256,-1.1036168920026446,0
25229,-53.26192151029452,7.906000331698162,198830,-49.93530245157272,-0.19848027172185767,2
25230,-41.18742931570347,5.95624365238855,198840,-49.93530245157272,-0.19848027172185767,2
25231,-142.3446063941398,7.192804640281036,198842,-142.14616351708418,5.245197398204194,22
25232,121.61747954177729,0.8212739862971127,198848,135.4076551174278,-1.697351881935795,33
25233,226.3819257179505,-35.92862462811503,198856,227.03647807555316,-5.020718083634986,26
25234,-126.05106977224449,2.5718850556888393,198858,-129.1025175244067,1.5488809909733745,1
25235,24.59195926652204,-2.3035536120859574,198860,18.937510567705566,1.034768221250525,27
25236,-38.421350073784616,-4.0944891798337055,198862,-29.714479793685786,-1.264748112657314,8
25237,541.6247453921851,-14.027668969593005,198865,586.0312761189704,-1.722944617346204,30
25238,347.6592550240349,7.812219393302322,198873,302.44973475302317,-5.405747081354008,25
25239,110.58624202473895,0.31120962881742636,198876,104.96211155305676,-0.5414592591613776,31
25240,426.6720235942699,-4.334243723444913,198877,417.6915390220547,-4.11857226961515,29
25241,-149.10210732127868,2.279819905159683,198880,-146.59606179012786,4.113086925586259,4
25242,316.7563867671195,-37.99328633446453,198885,302.44973475302317,-5.405747081354008,25
25243,-137.2886395517202,6.072570008477846,198889,-137.57400940459857,4.493303950559668,20
25244,-103.24591341099647,6.7180122975817005,198891,-104.7190727296112,3.8815952186994593,7
25245,-60.71827821747688,-15.777513915337789,198893,-49.93530245157272,-0.19848027172185767,2
25246,-67.26892812499882,-7.927464761812112,198898,-66.8889597803445,2.169628081691683,14
25247,-65.16173126071052,6.549709610693306,198908,-66.8889597803445,2.169628081691683,14
25248,288.0784173678083,-29.266856648076168,198910,302.44973475302317,-5.405747081354008,25
25249,-91.64619475817292,-3.6702203744844444,198919,-96.6939343764425,2.7165835152131033,15
25250,6.723369396434735,10.260335805388392,198921,18.937510567705566,1.034768221250525,27
25251,-44.39999669686761,-5.183788389969139,198939,-49.93530245157272,-0.19848027172185767,2
25252,-102.98379794966765,0.47718283640992565,198947,-104.7190727296112,3.8815952186994593,7
25253,191.61320208352467,3.123749000895371,198952,172.66355239880147,-2.7112682595768685,38
25254,-126.93658980190338,-0.458019160200302,198963,-129.1025175244067,1.5488809909733745,1
25255,-99.6613554536244,-1.9364618671574798,198982,-96.6939343764425,2.7165835152131033,15
25256,-55.243708925125105,7.987457204023475,198984,-49.93530245157272,-0.19848027172185767,2
25257,679.5333817329844,-36.60309404592401,198990,586.0312761189704,-1.722944617346204,30
25258,79.18775883541427,-23.53245214515983,199004,70.166569844569,-14.692630117552799,9
25259,-63.20991705667597,7.637061948396549,199011,-66.8889597803445,2.169628081691683,14
25260,300.84283553454145,2.9968479409675695,199016,302.44973475302317,-5.405747081354008,25
25261,-114.27654222432513,6.177199171696845,199025,-114.33047638704419,5.73481138949136,19
25262,330.4722187960337,-4.648522473792567,199027,302.44973475302317,-5.405747081354008,25
25263,157.52900465209177,-11.888282659024199,199039,172.66355239880147,-2.7112682595768685,38
25264,-52.4389258471405,-4.459951710396255,199052,-49.93530245157272,-0.19848027172185767,2
25265,-81.1447453204681,5.894426674925216,199073,-85.91178621041317,3.2728237667350073,24
25266,-154.20738889458173,3.9936733684627184,199082,-152.23629829764135,4.213482038439798,37
25267,31.793800119828997,9.16489978240112,199093,18.937510567705566,1.034768221250525,27
25268,-17.11632844650278,5.839988658366847,199114,-6.878718007946434,-1.0926682779646681,10
25269,-65.41137399654023,-20.009755698352425,199118,-77.6204452281073,-4.536559244831727,5
25270,-74.13318941748882,4.735878326483756,199122,-66.8889597803445,2.169628081691683,14
25271,-129.02973349070143,0.5274024970727466,199127,-129.1025175244067,1.5488809909733745,1
25272,251.34014792555072,9.056405607143887,199131,227.03647807555316,-5.020718083634986,26
25273,-100.70464165504391,-2.5376850911681963,199148,-96.6939343764425,2.7165835152131033,15
25274,-104.80503787929997,-0.9134191791849319,199149,-104.7190727296112,3.8815952186994593,7
25275,-144.92177897225855,-2.126582017240959,199150,-148.09620948762597,-1.1157003398540595,36
25276,-110.80024281457585,-0.5987922625097951,199151,-109.71624596876933,-1.0040630408538558,16
25277,-130.9946310086506,0.7284261626647538,199160,-129.1025175244067,1.5488809909733745,1
25278,627.4278595937014,-8.275820172043172,199163,586.0312761189704,-1.722944617346204,30
25279,-132.56615589272897,-5.595869957673827,199171,-130.75996572568545,-6.6137591708523855,18
25280,-89.1346151371996,5.028004700131699,199197,-85.91178621041317,3.2728237667350073,24
25281,8.892306613185411,-7.104940458145108,199200,18.937510567705566,1.034768221250525,27
25282,65.78948734413062,-3.8932312254725177,199224,70.166569844569,-14.692630117552799,9
25283,-121.06046205473744,3.3838085854281594,199226,-123.80894152337959,5.566802721935252,23
25284,65.3437256529371,-11.940328562903149,199260,70.166569844569,-14.692630117552799,9
25285,-78.66413959347143,-16.749848514966285,199262,-77.6204452281073,-4.536559244831727,5
25286,14.472581986741849,-1.3940659386961358,199275,18.937510567705566,1.034768221250525,27
25287,-103.70370420811442,-2.0887537695147276,199288,-104.7190727296112,3.8815952186994593,7
25288,-121.23640738966171,5.170360402021231,199292,-123.80894152337959,5.566802721935252,23
25289,-43.63473188150564,-1.5846886107673013,199294,-49.93530245157272,-0.19848027172185767,2
25290,409.6153593683189,10.338875206854,199299,417.6915390220547,-4.11857226961515,29
25291,-76.68269110360173,-16.315685587717706,199302,-77.6204452281073,-4.536559244831727,5
25292,223.30073531734908,-34.70912885974561,199305,227.03647807555316,-5.020718083634986,26
25293,-6.551355253257911,-0.7038341122638635,199308,-6.878718007946434,-1.0926682779646681,10
25294,-151.24176306398473,4.786548521673448,199313,-152.23629829764135,4.213482038439798,37
25295,-146.23957384810507,5.33751297226813,199317,-146.59606179012786,4.113086925586259,4
25296,875.7887393914384,9.389066550370321,199327,861.6475783799328,6.515082937232454,35
25297,-99.29358217716359,7.848413610644464,199330,-96.6939343764425,2.7165835152131033,15
25298,760.0635086234886,-12.793234086585347,199337,861.6475783799328,6.515082937232454,35
25299,68.72919069190912,-17.234857086797955,199338,70.166569844569,-14.692630117552799,9
25300,-60.47447682572067,-3.8335169972264387,199339,-66.8889597803445,2.169628081691683,14
25301,-120.99460588619795,1.412001540018721,199367,-118.09857507912784,0.7103841694799473,11
25302,404.5063746771731,-2.6168274146202184,199381,417.6915390220547,-4.11857226961515,29
25303,3.1584831776816156,3.2156500125597156,199385,-6.878718007946434,-1.0926682779646681,10
25304,35.25079074246675,2.263006119708738,199388,47.997068783449585,1.2679199422360634,13
25305,-16.826213919978656,-12.663682723252993,199395,-6.878718007946434,-1.0926682779646681,10
25306,1.8618051619622373,-7.066880167051799,199413,-6.878718007946434,-1.0926682779646681,10
25307,-115.80455660938762,-1.6512255460870224,199423,-118.09857507912784,0.7103841694799473,11
25308,-139.03652749595955,0.49077086876909465,199428,-141.0346653257256,-1.1036168920026446,0
25309,-145.95489127241004,-1.394928878986085,199441,-148.09620948762597,-1.1157003398540595,36
25310,-41.05263633784232,5.067546174038247,199443,-49.93530245157272,-0.19848027172185767,2
25311,-36.98029640751114,5.1085511634150915,199444,-29.714479793685786,-1.264748112657314,8
25312,38.64635628571352,-3.2598428372900887,199449,47.997068783449585,1.2679199422360634,13
25313,-50.7897758318422,1.2001918160885638,199457,-49.93530245157272,-0.19848027172185767,2
25314,-97.10779014736829,4.8221108357566065,199465,-96.6939343764425,2.7165835152131033,15
25315,-115.05952502645522,1.9116493510254315,199467,-118.09857507912784,0.7103841694799473,11
25316,-27.67189111069148,-0.4938023136013134,199471,-29.714479793685786,-1.264748112657314,8
25317,-143.20716576483582,4.168243847530157,199482,-142.14616351708418,5.245197398204194,22
25318,-127.24975906330897,5.884740595475015,199486,-123.80894152337959,5.566802721935252,23
25319,-76.08034358589434,3.5520484590576578,199493,-77.6204452281073,-4.536559244831727,5
25320,-150.3268053928341,6.686082217623348,199495,-152.23629829764135,4.213482038439798,37
25321,-108.92748924270965,0.677012230665577,199499,-109.71624596876933,-1.0040630408538558,16
25322,-92.70448392325665,-1.876373869396122,199524,-96.6939343764425,2.7165835152131033,15
25323,-21.34038278201981,-4.561071263085618,199529,-29.714479793685786,-1.264748112657314,8
25324,-52.10768415578776,5.587658360440079,199533,-49.93530245157272,-0.19848027172185767,2
25325,442.7342275981639,9.815759382689471,199535,417.6915390220547,-4.11857226961515,29
25326,286.8099633354666,2.956762339608975,199539,302.44973475302317,-5.405747081354008,25
25327,-100.4138708264653,-6.84590077946338,199541,-95.36861679384212,-10.95784818293233,28
25328,-124.10927685364112,3.3624433785255423,199545,-123.80894152337959,5.566802721935252,23
25329,-104.21427377663119,5.5033218958538725,199547,-104.7190727296112,3.8815952186994593,7
25330,-139.22124311391974,4.556059328488025,199579,-137.57400940459857,4.493303950559668,20
25331,454.03868015977594,-8.826401497930217,199601,417.6915390220547,-4.11857226961515,29
25332,-99.04193780312735,3.347933848080024,199621,-96.6939343764425,2.7165835152131033,15
25333,-34.807222977588886,2.3682786001670872,199626,-29.714479793685786,-1.264748112657314,8
25334,-142.8202518546324,-1.2230944291690147,199654,-141.0346653257256,-1.1036168920026446,0
25335,-79.21138834293922,6.877987843650579,199665,-85.91178621041317,3.2728237667350073,24
25336,80.82226924310461,11.913504335680214,199708,78.01149217232324,3.6022338347977136,6
25337,-82.27542364509357,7.705064798880467,199712,-85.91178621041317,3.2728237667350073,24
25338,-72.43971032257328,10.958863634740808,199717,-66.8889597803445,2.169628081691683,14
25339,10.20890309366481,2.2536367306822203,199726,18.937510567705566,1.034768221250525,27
25340,390.27038035808636,14.996464078460171,199727,417.6915390220547,-4.11857226961515,29
25341,62.52706995083199,-0.755384040951581,199746,47.997068783449585,1.2679199422360634,13
25342,-149.29944200974126,6.0816525821756855,199753,-146.59606179012786,4.113086925586259,4
25343,-154.25306674793615,5.5169224233052345,199758,-152.23629829764135,4.213482038439798,37
25344,603.2113745091791,22.947101160961935,199776,586.0312761189704,-1.722944617346204,30
25345,-114.24363725347918,6.490213951600898,199788,-114.33047638704419,5.73481138949136,19
25346,-105.3214903670315,7.318251995174099,199790,-104.7190727296112,3.8815952186994593,7
25347,-64.16655104978524,6.147225918855474,199829,-66.8889597803445,2.169628081691683,14
25348,-127.0202255105026,1.3624798287327022,199835,-129.1025175244067,1.5488809909733745,1
25349,-56.43492511698519,-5.646884757827878,199839,-49.93530245157272,-0.19848027172185767,2
25350,374.921123905663,-9.629202438414113,199855,417.6915390220547,-4.11857226961515,29
25351,-73.33986704138898,8.762515980630244,199857,-66.8889597803445,2.169628081691683,14
25352,-101.92075999815918,1.161184732975204,199861,-104.7190727296112,3.8815952186994593,7
25353,-102.12523705583719,3.0631743228253208,199865,-104.7190727296112,3.8815952186994593,7
25354,-57.667311805182926,-15.820010162680227,199868,-49.93530245157272,-0.19848027172185767,2
25355,55.553362654277166,14.816223325676823,199889,47.997068783449585,1.2679199422360634,13
25356,146.34167704391933,5.738593402773278,199890,135.4076551174278,-1.697351881935795,33
25357,-125.57416007395338,-19.52197849546579,199896,-115.69510858146283,-11.595084171039186,39
25358,-110.33393282774124,8.014849651902724,199921,-114.33047638704419,5.73481138949136,19
25359,-98.91219956443386,-0.015867210582757578,199933,-96.6939343764425,2.7165835152131033,15
25360,-74.09480591630049,3.8894641939309444,199938,-66.8889597803445,2.169628081691683,14
25361,43.360889977381625,17.263089516109282,199948,47.997068783449585,1.2679199422360634,13
25362,4.9073272660977825,-8.011982973018691,199953,-6.878718007946434,-1.0926682779646681,10
25363,50.89215478284597,7.825101081400404,199961,47.997068783449585,1.2679199422360634,13
25364,65.22563350066007,4.362942395009889,200009,78.01149217232324,3.6022338347977136,6
25365,-118.77552090159884,-2.8152073720392785,200017,-118.09857507912784,0.7103841694799473,11
25366,-105.22263836744985,5.664438695916766,200023,-104.7190727296112,3.8815952186994593,7
25367,-120.22490246231814,5.963765895116462,200032,-123.80894152337959,5.566802721935252,23
25368,-122.39099089997258,8.552224354204956,200038,-123.80894152337959,5.566802721935252,23
25369,-27.769982629042214,-13.581800712845101,200042,-29.714479793685786,-1.264748112657314,8
25370,-102.72655374556832,-1.57759934573727,200043,-104.7190727296112,3.8815952186994593,7
25371,-33.52036286653428,-2.8694922669962972,200050,-29.714479793685786,-1.264748112657314,8
25372,-58.41194313276304,-4.634011571060745,200059,-49.93530245157272,-0.19848027172185767,2
25373,314.3173489894699,11.669796372997986,200068,302.44973475302317,-5.405747081354008,25
25374,184.03672658166354,-3.728654451387469,200073,172.66355239880147,-2.7112682595768685,38
25375,-75.0118697555856,3.08368031899751,200075,-77.6204452281073,-4.536559244831727,5
25376,-103.2352460933293,6.482099298192541,200081,-104.7190727296112,3.8815952186994593,7
25377,-129.97813273699913,-0.10218160118849275,200100,-129.1025175244067,1.5488809909733745,1
25378,15.44033331737803,-0.66953337824072,200104,18.937510567705566,1.034768221250525,27
25379,-100.08937373985847,3.837136412409322,200108,-96.6939343764425,2.7165835152131033,15
25380,-144.70041545982681,-3.3765432692110253,200114,-148.09620948762597,-1.1157003398540595,36
25381,-118.28368279160318,6.773827967929144,200119,-114.33047638704419,5.73481138949136,19
25382,-3.9515157847973303,3.4842107977895114,200126,-6.878718007946434,-1.0926682779646681,10
25383,313.1549562682554,-1.0756286579010297,200132,302.44973475302317,-5.405747081354008,25
25384,-79.0006632875108,3.814537064531936,200137,-85.91178621041317,3.2728237667350073,24
25385,-21.47562641728733,-3.6507002880526285,200140,-29.714479793685786,-1.264748112657314,8
25386,-133.11929881492367,2.9399719383882283,200143,-132.1080396739421,5.887059356646324,17
25387,-31.333675044523346,-34.32630946095654,200152,-29.714479793685786,-1.264748112657314,8
25388,375.8852430749967,-8.820646549452853,200154,417.6915390220547,-4.11857226961515,29
25389,-66.75729238765175,-0.8129989698872634,200155,-66.8889597803445,2.169628081691683,14
25390,-94.93469009814783,1.077647721308668,200167,-96.6939343764425,2.7165835152131033,15
25391,-124.61180525419482,-5.487318525416401,200171,-123.94204162798616,-1.5144507595891967,3
25392,907.6942147813678,26.204756412425773,200179,861.6475783799328,6.515082937232454,35
25393,81.49699974681785,0.21737482300424385,200180,78.01149217232324,3.6022338347977136,6
25394,-73.24879086901147,-8.988406504826486,200191,-77.6204452281073,-4.536559244831727,5
25395,-122.78864429142935,-1.5794108557370303,200195,-123.94204162798616,-1.5144507595891967,3
25396,-101.76042834234553,-2.872210411749163,200209,-104.7190727296112,3.8815952186994593,7
25397,-97.06198229840028,3.292327051242171,200216,-96.6939343764425,2.7165835152131033,15
25398,-83.53749518272146,-4.8752585664118415,200220,-77.6204452281073,-4.536559244831727,5
25399,-138.1886449057355,4.864932935980891,200222,-137.57400940459857,4.493303950559668,20
25400,-116.1245162663082,3.338874517967955,200227,-114.33047638704419,5.73481138949136,19
25401,-1.1930143413358523,-35.3704556336618,200230,28.39696760572947,-22.91072472808294,12
25402,-94.95959141961762,2.1341630795485758,200244,-96.6939343764425,2.7165835152131033,15
25403,726.8625446415907,17.43178768507764,200247,861.6475783799328,6.515082937232454,35
25404,-108.90394151254971,-0.8722848790648733,200248,-109.71624596876933,-1.0040630408538558,16
25405,-41.61122981604956,-1.523444676738043,200250,-49.93530245157272,-0.19848027172185767,2
25406,211.08958901134545,-3.4008616213141156,200259,227.03647807555316,-5.020718083634986,26
25407,151.79560435781167,-1.0247257447107991,200261,135.4076551174278,-1.697351881935795,33
25408,-108.8049892801611,-2.0074577828196984,200263,-109.71624596876933,-1.0040630408538558,16
25409,-110.90754532618597,-0.30934015716665203,200264,-109.71624596876933,-1.0040630408538558,16
25410,838.1689126092649,-25.956521770103137,200297,861.6475783799328,6.515082937232454,35
25411,-120.98803687393888,1.285827850842408,200298,-118.09857507912784,0.7103841694799473,11
25412,685.3362698209365,9.411816252075425,200307,586.0312761189704,-1.722944617346204,30
25413,332.43430236098834,-4.311844585493677,200309,302.44973475302317,-5.405747081354008,25
25414,-96.78238268192426,-1.7986869634014644,200314,-96.6939343764425,2.7165835152131033,15
25415,-117.10776761755693,2.931363861848434,200323,-118.09857507912784,0.7103841694799473,11
25416,-121.79751879868657,-2.393247660512521,200330,-123.94204162798616,-1.5144507595891967,3
25417,-26.642967915209088,-1.1052122487802487,200337,-29.714479793685786,-1.264748112657314,8
25418,-63.090339659684346,-10.23480164280053,200346,-66.8889597803445,2.169628081691683,14
25419,748.8191159518633,-9.67918754067306,200349,861.6475783799328,6.515082937232454,35
25420,140.21337824289273,6.914454432256568,200355,135.4076551174278,-1.697351881935795,33
25421,-69.48501076892535,-4.758254939592471,200362,-66.8889597803445,2.169628081691683,14
25422,-56.334167220867265,-5.813554236875334,200364,-49.93530245157272,-0.19848027172185767,2
25423,748.0255861692258,15.736986927387658,200365,861.6475783799328,6.515082937232454,35
25424,-7.548805530367665,-2.3328828195413203,200372,-6.878718007946434,-1.0926682779646681,10
25425,101.07688424525358,8.21367608853296,200373,104.96211155305676,-0.5414592591613776,31
25426,112.12813953037983,-6.945577434895392,200413,104.96211155305676,-0.5414592591613776,31
25427,541.8746874159534,-46.39409501598785,200416,586.0312761189704,-1.722944617346204,30
25428,-137.78145990247089,-1.4897662611875002,200417,-134.89656831690453,-0.030690791204986433,34
25429,102.01209241059024,-5.5901798096299204,200418,104.96211155305676,-0.5414592591613776,31
25430,-54.48233604727925,-3.550802234354135,200425,-49.93530245157272,-0.19848027172185767,2
25431,24.58396378028149,-2.6493392289396938,200442,18.937510567705566,1.034768221250525,27
25432,-135.69047216304466,-3.945719246043392,200457,-134.89656831690453,-0.030690791204986433,34
25433,-100.32664046671582,8.015165378340665,200462,-104.7190727296112,3.8815952186994593,7
25434,-129.03408293334465,1.6478642225555618,200477,-129.1025175244067,1.5488809909733745,1
25435,-32.14432227313434,6.708988041930456,200481,-29.714479793685786,-1.264748112657314,8
25436,-145.07721594187396,1.8074848386878555,200484,-146.59606179012786,4.113086925586259,4
25437,-29.671618202191915,-15.2547015247875,200487,-29.714479793685786,-1.264748112657314,8
25438,-114.68067830845868,-3.2950901624388793,200498,-118.09857507912784,0.7103841694799473,11
25439,-79.19990539523651,-8.101957609311244,200501,-77.6204452281073,-4.536559244831727,5
25440,415.38808814388244,13.861264276154346,200510,417.6915390220547,-4.11857226961515,29
25441,-130.15861658027157,3.327300664049124,200518,-129.1025175244067,1.5488809909733745,1
25442,-117.02808636916613,3.2534353422062217,200519,-118.09857507912784,0.7103841694799473,11
25443,-129.06900100699542,1.908439605420808,200528,-129.1025175244067,1.5488809909733745,1
25444,34.25521436067393,1.6462490290349927,200530,47.997068783449585,1.2679199422360634,13
25445,-37.37513826532018,-5.098004975617671,200537,-29.714479793685786,-1.264748112657314,8
25446,-143.99748370319125,0.5720420204910213,200544,-141.0346653257256,-1.1036168920026446,0
25447,326.2211541961345,-1.274710553730482,200581,302.44973475302317,-5.405747081354008,25
25448,91.23837884176365,5.030350132673875,200587,78.01149217232324,3.6022338347977136,6
25449,1.830247973280195,-6.888023676659707,200590,-6.878718007946434,-1.0926682779646681,10
25450,116.87412566181844,11.890528363689764,200594,104.96211155305676,-0.5414592591613776,31
25451,52.61405742494431,-1.2866790835334827,200607,47.997068783449585,1.2679199422360634,13
25452,-52.404646547354865,-4.704100174968601,200622,-49.93530245157272,-0.19848027172185767,2
25453,-73.81286994497852,0.7992195044346426,200637,-77.6204452281073,-4.536559244831727,5
25454,249.97065678215216,-29.090622068420018,200643,227.03647807555316,-5.020718083634986,26
25455,-105.29872606252124,7.34310305780557,200658,-104.7190727296112,3.8815952186994593,7
25456,50.858767315065705,-5.150686762075381,200659,47.997068783449585,1.2679199422360634,13
25457,-152.96593881413764,-0.7715437699966258,200660,-148.09620948762597,-1.1157003398540595,36
25458,-85.22910204382848,6.646994890849519,200666,-85.91178621041317,3.2728237667350073,24
25459,-65.09763059319462,5.132711521808083,200667,-66.8889597803445,2.169628081691683,14
25460,-141.11727269344544,2.7525579301743135,200672,-142.14616351708418,5.245197398204194,22
25461,132.0136508137349,10.123832315205725,200674,135.4076551174278,-1.697351881935795,33
25462,495.6624214743545,-1.9394534887179018,200683,417.6915390220547,-4.11857226961515,29
25463,-104.14371249684363,3.430980582766402,200689,-104.7190727296112,3.8815952186994593,7
25464,-25.660295456534154,-0.18696132756093645,200693,-29.714479793685786,-1.264748112657314,8
25465,407.6782815195019,-19.512982495313896,200694,417.6915390220547,-4.11857226961515,29
25466,371.6410874101011,8.61089649158339,200697,417.6915390220547,-4.11857226961515,29
25467,-85.08107710832918,4.956801017028897,200700,-85.91178621041317,3.2728237667350073,24
25468,-73.21162603388638,6.9689794250868395,200722,-66.8889597803445,2.169628081691683,14
25469,228.09018586932595,12.100613477250674,200723,227.03647807555316,-5.020718083634986,26
25470,-100.1730684581413,4.144993759844404,200741,-96.6939343764425,2.7165835152131033,15
25471,31.243863504218236,-11.349754389226872,200755,28.39696760572947,-22.91072472808294,12
25472,-123.16872651863527,4.164106463558595,200763,-123.80894152337959,5.566802721935252,23
25473,363.799620814245,21.268243370475474,200774,417.6915390220547,-4.11857226961515,29
25474,-79.11943793283226,-9.867029225625293,200775,-77.6204452281073,-4.536559244831727,5
25475,563.8955995608409,25.61309377382259,200792,586.0312761189704,-1.722944617346204,30
25476,4.294997675997095,1.2967979462613246,200796,-6.878718007946434,-1.0926682779646681,10
25477,-95.36722470493572,-21.491414011863927,200800,-95.36861679384212,-10.95784818293233,28
25478,448.56023367845205,-2.038939016472378,200807,417.6915390220547,-4.11857226961515,29
25479,45.11868260182586,-9.406360716967194,200817,47.997068783449585,1.2679199422360634,13
25480,-7.787477181552879,2.3882860884650405,200826,-6.878718007946434,-1.0926682779646681,10
25481,-36.20107539765725,-7.343720129245159,200836,-29.714479793685786,-1.264748112657314,8
25482,-114.40975295133642,9.108163101193876,200838,-114.33047638704419,5.73481138949136,19
25483,-139.08492209227646,1.562628719537256,200842,-137.57400940459857,4.493303950559668,20
25484,-126.65926528350414,-3.4533767632102244,200844,-123.94204162798616,-1.5144507595891967,3
25485,-150.32366797293355,6.586519842061899,200848,-152.23629829764135,4.213482038439798,37
25486,-125.18452729036308,3.972782931371087,200881,-123.80894152337959,5.566802721935252,23
25487,-123.15674554234629,3.9229265146797876,200888,-123.80894152337959,5.566802721935252,23
25488,-79.68191059111639,-1.653815206430155,200891,-77.6204452281073,-4.536559244831727,5
25489,-148.22011096378085,4.354839026665032,200896,-146.59606179012786,4.113086925586259,4
25490,-127.94052421752284,1.1497602818087433,200905,-129.1025175244067,1.5488809909733745,1
25491,936.3725787653323,17.46576968945421,200912,861.6475783799328,6.515082937232454,35
25492,-25.52066503659928,-16.949484825270087,200913,-29.714479793685786,-1.264748112657314,8
25493,49.519199303491234,-0.3038083678288579,200918,47.997068783449585,1.2679199422360634,13
25494,851.3765458590948,0.2069980515259527,200940,861.6475783799328,6.515082937232454,35
25495,29.23312500936165,2.0445772674474374,200948,18.937510567705566,1.034768221250525,27
25496,130.8374659689211,-2.8198704382077495,200978,135.4076551174278,-1.697351881935795,33
25497,-137.22499928256138,4.6457484334476975,200979,-137.57400940459857,4.493303950559668,20
25498,-103.9149985925465,0.481176294622387,200994,-104.7190727296112,3.8815952186994593,7
25499,68.3446923460925,-11.903994548808232,200995,70.166569844569,-14.692630117552799,9
25500,98.84014935414098,-3.399353889847778,201001,104.96211155305676,-0.5414592591613776,31
25501,-83.38931571023502,-7.614336653896499,201002,-77.6204452281073,-4.536559244831727,5
25502,-124.11501008241419,2.9674209165704117,201007,-123.80894152337959,5.566802721935252,23
25503,-100.25860723485863,7.0555297319763275,201009,-104.7190727296112,3.8815952186994593,7
25504,-105.12513114235202,3.015702064302003,201013,-104.7190727296112,3.8815952186994593,7
25505,-124.19891293730012,4.832445890445139,201015,-123.80894152337959,5.566802721935252,23
25506,-2.8133414541713675,3.565182180972347,201022,-6.878718007946434,-1.0926682779646681,10
25507,-155.24799016586692,4.899384745686963,201027,-152.23629829764135,4.213482038439798,37
25508,370.25711409154485,-57.674774633934646,201038,417.6915390220547,-4.11857226961515,29
25509,-101.03953231298729,1.7222655199038006,201046,-104.7190727296112,3.8815952186994593,7
25510,662.2594481430546,9.698602525778355,201052,586.0312761189704,-1.722944617346204,30
25511,-137.0718709014322,2.3302728279825917,201071,-137.57400940459857,4.493303950559668,20
25512,363.5444491254583,10.074213364091813,201077,417.6915390220547,-4.11857226961515,29
25513,61.67035478158221,-2.3774526465358004,201087,47.997068783449585,1.2679199422360634,13
25514,85.21813539813185,5.366033058324757,201096,78.01149217232324,3.6022338347977136,6
25515,-146.54714312998485,-6.750504752185066,201099,-148.09620948762597,-1.1157003398540595,36
25516,-63.747704250397106,0.5718630289351443,201107,-66.8889597803445,2.169628081691683,14
25517,124.10184089475409,-6.161593867311028,201113,135.4076551174278,-1.697351881935795,33
25518,-146.25248209506879,5.098506827788621,201116,-146.59606179012786,4.113086925586259,4
25519,-140.9767791137812,0.1732590564454774,201123,-141.0346653257256,-1.1036168920026446,0
25520,-132.09401114247146,3.414730701277825,201132,-132.1080396739421,5.887059356646324,17
25521,-47.33204079731638,-7.237129635969525,201134,-49.93530245157272,-0.19848027172185767,2
25522,549.8344151842434,-45.378150101309856,201135,586.0312761189704,-1.722944617346204,30
25523,-126.91888412418324,0.17061747283798961,201136,-129.1025175244067,1.5488809909733745,1
25524,-90.13163016576438,4.959936891246845,201165,-85.91178621041317,3.2728237667350073,24
25525,-6.538734488841064,-2.5322627891147285,201170,-6.878718007946434,-1.0926682779646681,10
25526,-124.0206188351095,0.9235567017483564,201176,-123.94204162798616,-1.5144507595891967,3
25527,-103.18217016803642,-9.930021837391946,201183,-95.36861679384212,-10.95784818293233,28
25528,-104.16082663594774,5.343038700835356,201191,-104.7190727296112,3.8815952186994593,7
25529,-0.40403107363067986,-3.3191716742068276,201205,-6.878718007946434,-1.0926682779646681,10
25530,-60.51866638707197,-3.3809192492293225,201206,-66.8889597803445,2.169628081691683,14
25531,84.22518313314592,-9.517880896752127,201210,78.01149217232324,3.6022338347977136,6
25532,-88.02349927473682,2.096294387895723,201213,-85.91178621041317,3.2728237667350073,24
25533,-47.81637668917504,-27.629038879989054,201214,-49.93530245157272,-0.19848027172185767,2
25534,-115.71369976610892,-4.145529734093514,201217,-118.09857507912784,0.7103841694799473,11
25535,-108.0365208001313,2.0597843754375904,201218,-109.71624596876933,-1.0040630408538558,16
25536,445.57778598168557,-16.672058182653476,201219,417.6915390220547,-4.11857226961515,29
25537,-24.315192590873444,10.589708966997891,201220,-29.714479793685786,-1.264748112657314,8
25538,-93.97501190968754,-12.756774286419905,201226,-95.36861679384212,-10.95784818293233,28
25539,13.198924189904806,3.5451455557141167,201232,18.937510567705566,1.034768221250525,27
25540,477.8149540782539,-4.5434759976645145,201247,417.6915390220547,-4.11857226961515,29
25541,-69.85899975195161,0.8547529153254614,201270,-66.8889597803445,2.169628081691683,14
25542,31.23376763370983,-11.644894884696694,201278,28.39696760572947,-22.91072472808294,12
25543,-123.12731545052897,3.252690737016475,201301,-123.80894152337959,5.566802721935252,23
25544,-102.04399502962136,1.7920839871768586,201307,-104.7190727296112,3.8815952186994593,7
25545,-86.48173791511977,-5.6444491453140015,201310,-77.6204452281073,-4.536559244831727,5
25546,-130.2589532661395,5.530984104155304,201317,-132.1080396739421,5.887059356646324,17
25547,-56.2756056655175,8.671194677050467,201325,-49.93530245157272,-0.19848027172185767,2
25548,-110.85775289468779,-0.8930145268217001,201346,-109.71624596876933,-1.0040630408538558,16
25549,285.6247473059938,-37.173376095746306,201358,302.44973475302317,-5.405747081354008,25
25550,-133.1272786032795,2.5889729364647462,201364,-134.89656831690453,-0.030690791204986433,34
25551,94.95119672011413,-5.398378037612125,201382,104.96211155305676,-0.5414592591613776,31
25552,-131.107043395374,2.6968497038178816,201389,-129.1025175244067,1.5488809909733745,1
25553,-110.0918843964796,2.702733288742191,201406,-109.71624596876933,-1.0040630408538558,16
25554,-110.12665443811287,2.9793440187367115,201409,-109.71624596876933,-1.0040630408538558,16
25555,-133.128668896276,3.656955457507656,201413,-132.1080396739421,5.887059356646324,17
25556,14.5055449849114,-1.6094313397296625,201417,18.937510567705566,1.034768221250525,27
25557,506.92309740667787,-33.83553848403796,201435,586.0312761189704,-1.722944617346204,30
25558,365.63173991793184,8.716738459776556,201436,417.6915390220547,-4.11857226961515,29
25559,106.10316326886938,8.232744972807634,201439,104.96211155305676,-0.5414592591613776,31
25560,-127.20871896362624,4.9876848025888965,201442,-123.80894152337959,5.566802721935252,23
25561,-112.35198471958284,-8.401886856118688,201452,-115.69510858146283,-11.595084171039186,39
25562,17.99729303504725,6.517086468320391,201458,18.937510567705566,1.034768221250525,27
25563,-135.29551427054932,6.743288021562691,201462,-137.57400940459857,4.493303950559668,20
25564,-82.70828340032915,-1.6337264274603827,201464,-77.6204452281073,-4.536559244831727,5
25565,2.9868774929137536,5.469555614222327,201470,-6.878718007946434,-1.0926682779646681,10
25566,-87.27268955609904,7.068472593697024,201479,-85.91178621041317,3.2728237667350073,24
25567,-23.725036275101214,1.267886855670529,201491,-29.714479793685786,-1.264748112657314,8
25568,-65.23831867226356,7.713999017681181,201497,-66.8889597803445,2.169628081691683,14
25569,-120.69915356678582,-4.015673651378177,201499,-123.94204162798616,-1.5144507595891967,3
25570,-33.80293026941869,1.2661467852605441,201509,-29.714479793685786,-1.264748112657314,8
25571,-139.01338073516706,1.5332207620258986,201510,-137.57400940459857,4.493303950559668,20
25572,-97.1434620552958,3.544907903048056,201515,-96.6939343764425,2.7165835152131033,15
25573,-138.83564036494622,-2.8690947151854957,201533,-141.0346653257256,-1.1036168920026446,0
25574,-131.03985471983606,1.7445911237050595,201551,-129.1025175244067,1.5488809909733745,1
25575,-117.01448279872939,0.8922171841701593,201552,-118.09857507912784,0.7103841694799473,11
25576,-58.413982574160165,-6.14422452986808,201553,-49.93530245157272,-0.19848027172185767,2
25577,-105.94037087232442,1.515106798525111,201554,-104.7190727296112,3.8815952186994593,7
25578,-106.23159454194709,6.88010749972148,201556,-104.7190727296112,3.8815952186994593,7
25579,-46.90425223992129,-12.495635527187744,201563,-49.93530245157272,-0.19848027172185767,2
25580,-108.08668037051137,2.628981510873464,201564,-104.7190727296112,3.8815952186994593,7
25581,461.471711284482,-0.39636787926128997,201569,417.6915390220547,-4.11857226961515,29
25582,312.03050351861964,1.124182977758953,201577,302.44973475302317,-5.405747081354008,25
25583,-63.226263789497445,7.989784011120164,201581,-66.8889597803445,2.169628081691683,14
25584,-46.037168000793095,4.6424587744820895,201594,-49.93530245157272,-0.19848027172185767,2
25585,-140.34780752635288,7.29407073594686,201595,-142.14616351708418,5.245197398204194,22
25586,11.125463541105407,-10.622579584465353,201603,18.937510567705566,1.034768221250525,27
25587,-105.35777669961986,8.618791995064667,201608,-104.7190727296112,3.8815952186994593,7
25588,-15.660174183356462,-1.0619890196429678,201613,-6.878718007946434,-1.0926682779646681,10
25589,-105.87322785789412,-1.4865253198080135,201621,-109.71624596876933,-1.0040630408538558,16
25590,-56.48656210376889,-3.4944180445255846,201625,-49.93530245157272,-0.19848027172185767,2
25591,-97.09565513116598,3.018258455181555,201627,-96.6939343764425,2.7165835152131033,15
25592,34.84003040160785,9.717476986550698,201628,47.997068783449585,1.2679199422360634,13
25593,-128.05606162565638,1.1268989132904685,201636,-129.1025175244067,1.5488809909733745,1
25594,-122.32463217811463,7.606652909948776,201638,-123.80894152337959,5.566802721935252,23
25595,60.44145753745351,1.0899952342066115,201639,47.997068783449585,1.2679199422360634,13
25596,-101.92640442975203,0.7615512241384915,201647,-104.7190727296112,3.8815952186994593,7
25597,-114.08597089008319,2.016235836322078,201666,-114.33047638704419,5.73481138949136,19
25598,-125.38204704399354,8.30655467029894,201667,-123.80894152337959,5.566802721935252,23
25599,-127.23166890407062,4.960318054774108,201669,-123.80894152337959,5.566802721935252,23
25600,-76.21432033322294,-8.761851784201573,201671,-77.6204452281073,-4.536559244831727,5
25601,15.88476420714311,8.417621811622608,201684,18.937510567705566,1.034768221250525,27
25602,-90.29657225590283,-22.442781283183123,201685,-95.36861679384212,-10.95784818293233,28
25603,-116.9296328641571,-0.436924135690275,201702,-118.09857507912784,0.7103841694799473,11
25604,-124.50613410100479,-6.775193547204092,201706,-123.94204162798616,-1.5144507595891967,3
25605,-68.07528468967395,5.1136961410559545,201713,-66.8889597803445,2.169628081691683,14
25606,446.25145847877326,2.134993649690801,201721,417.6915390220547,-4.11857226961515,29
25607,-123.99889248578077,2.4912836930273787,201722,-123.80894152337959,5.566802721935252,23
25608,-99.74080892065022,-2.7599238872287932,201724,-96.6939343764425,2.7165835152131033,15
25609,701.6380748525991,5.138465933535634,201725,586.0312761189704,-1.722944617346204,30
25610,-117.40457935577085,8.949215840550181,201731,-114.33047638704419,5.73481138949136,19
25611,-69.22023169043577,6.228834010305584,201737,-66.8889597803445,2.169628081691683,14
25612,27.195509456187168,3.333190400075603,201744,18.937510567705566,1.034768221250525,27
25613,-108.93061717187362,-0.3122361945664478,201752,-109.71624596876933,-1.0040630408538558,16
25614,239.24671226724067,-4.316656296115603,201763,227.03647807555316,-5.020718083634986,26
25615,23.575342492628003,-1.9687331032025543,201768,18.937510567705566,1.034768221250525,27
25616,760.7878954496474,-8.796135073202782,201779,861.6475783799328,6.515082937232454,35
25617,-68.36693019073249,9.957064628395562,201783,-66.8889597803445,2.169628081691683,14
25618,-67.06284454019634,3.8130402538544925,201785,-66.8889597803445,2.169628081691683,14
25619,-28.725075955650574,-0.3556511345578869,201794,-29.714479793685786,-1.264748112657314,8
25620,5.799534541045914,9.091441336803197,201796,18.937510567705566,1.034768221250525,27
25621,282.5951021750032,-8.15795301429078,201798,302.44973475302317,-5.405747081354008,25
25622,4.321672997739679,0.20093801889149387,201802,-6.878718007946434,-1.0926682779646681,10
25623,-93.06175170351582,3.8676020353290537,201804,-96.6939343764425,2.7165835152131033,15
25624,-98.71441010535536,-2.2886919595001527,201820,-96.6939343764425,2.7165835152131033,15
25625,562.2576706666714,-22.41951023627401,201821,586.0312761189704,-1.722944617346204,30
25626,-92.15963583980279,4.516307812021602,201832,-96.6939343764425,2.7165835152131033,15
25627,342.970866432874,2.9380581721284886,201836,302.44973475302317,-5.405747081354008,25
25628,275.49304365550546,-7.052000810593929,201843,302.44973475302317,-5.405747081354008,25
25629,159.0259241774618,-18.62812957930869,201867,172.66355239880147,-2.7112682595768685,38
25630,-76.84237319267662,-13.843796069430303,201873,-77.6204452281073,-4.536559244831727,5
25631,-61.983669806164116,3.7229593599057504,201890,-66.8889597803445,2.169628081691683,14
25632,-38.77556185207094,0.5720758866556377,201899,-29.714479793685786,-1.264748112657314,8
25633,-50.122499080559344,5.938221835776341,201907,-49.93530245157272,-0.19848027172185767,2
25634,33.8356178616107,-5.4324341529470574,201908,47.997068783449585,1.2679199422360634,13
25635,-139.33137092253975,6.98131224659686,201927,-137.57400940459857,4.493303950559668,20
25636,-119.32716523547411,7.175777223761478,201928,-123.80894152337959,5.566802721935252,23
25637,62.30498566234558,3.072588259671138,201935,47.997068783449585,1.2679199422360634,13
25638,116.57393051646912,0.13640485717955533,201937,104.96211155305676,-0.5414592591613776,31
25639,-56.22004066050418,7.970252608737742,201940,-49.93530245157272,-0.19848027172185767,2
25640,318.504845974295,9.158164207058825,201948,302.44973475302317,-5.405747081354008,25
25641,-104.9013237522708,0.6822143576070598,201959,-104.7190727296112,3.8815952186994593,7
25642,-140.02331261615763,2.2621593062646848,201962,-137.57400940459857,4.493303950559668,20
25643,-83.71279759360938,-16.300022128624274,201968,-95.36861679384212,-10.95784818293233,28
25644,-97.58219776658429,-3.1161482726212073,201969,-96.6939343764425,2.7165835152131033,15
25645,-144.10204932711073,2.87363498012093,201984,-146.59606179012786,4.113086925586259,4
25646,-125.94692583870102,0.8065771817903762,202004,-123.94204162798616,-1.5144507595891967,3
25647,-85.13573188825023,4.613718957893099,202019,-85.91178621041317,3.2728237667350073,24
25648,-106.24208073879717,6.577845978984578,202030,-104.7190727296112,3.8815952186994593,7
25649,-142.3259412401512,6.784347970847773,202041,-142.14616351708418,5.245197398204194,22
25650,-50.21649169470491,-7.761049814895986,202046,-49.93530245157272,-0.19848027172185767,2
25651,-58.921151282706454,3.4409389045277865,202053,-66.8889597803445,2.169628081691683,14
25652,540.4955416281014,31.424120672812773,202058,586.0312761189704,-1.722944617346204,30
25653,-141.7920973912275,-3.3639648612538267,202064,-141.0346653257256,-1.1036168920026446,0
25654,-139.98890718978205,-0.05116910156502583,202066,-141.0346653257256,-1.1036168920026446,0
25655,55.1437737092968,4.432554144699874,202079,47.997068783449585,1.2679199422360634,13
25656,266.93565219847267,0.9094124864886858,202082,302.44973475302317,-5.405747081354008,25
25657,-62.63105975399728,-1.9662491483907163,202096,-66.8889597803445,2.169628081691683,14
25658,-8.323086511093479,-4.717223777595988,202100,-6.878718007946434,-1.0926682779646681,10
25659,-85.94899380784267,2.5561962958919695,202104,-85.91178621041317,3.2728237667350073,24
25660,-89.65205237611119,-4.016906820564236,202107,-85.91178621041317,3.2728237667350073,24
25661,-137.05368141230278,2.442594886765638,202109,-137.57400940459857,4.493303950559668,20
25662,136.70699235890052,-15.108794102057239,202114,135.4076551174278,-1.697351881935795,33
25663,-68.9134367754753,2.0591714078381353,202118,-66.8889597803445,2.169628081691683,14
25664,-93.25778849271865,7.645628330888224,202122,-96.6939343764425,2.7165835152131033,15
25665,12.88031164848874,7.970335680678704,202139,18.937510567705566,1.034768221250525,27
25666,-69.33612907140294,9.265281203454371,202148,-66.8889597803445,2.169628081691683,14
25667,-13.565921277957939,-0.5135130620111481,202177,-6.878718007946434,-1.0926682779646681,10
25668,204.76532546901998,1.03051505824718,202179,227.03647807555316,-5.020718083634986,26
25669,-65.00116344116043,3.5335539553952637,202182,-66.8889597803445,2.169628081691683,14
25670,-49.60565299113176,-2.304945614888644,202192,-49.93530245157272,-0.19848027172185767,2
25671,-118.1315478355405,-11.26846270326348,202200,-115.69510858146283,-11.595084171039186,39
25672,-122.15280566238008,3.823367073744883,202207,-123.80894152337959,5.566802721935252,23
25673,-133.16222450178125,3.3543655337648928,202208,-132.1080396739421,5.887059356646324,17
25674,-35.2504284963735,-35.706095438081036,202227,-29.714479793685786,-1.264748112657314,8
25675,-27.91034538689808,3.6982346962231243,202236,-29.714479793685786,-1.264748112657314,8
25676,-89.42722182455479,9.898585756587924,202238,-85.91178621041317,3.2728237667350073,24
25677,185.68160500566037,0.9914824353251408,202245,172.66355239880147,-2.7112682595768685,38
25678,-60.99806341028126,3.032543957708956,202256,-66.8889597803445,2.169628081691683,14
25679,-112.41332708711211,9.212446173104492,202258,-114.33047638704419,5.73481138949136,19
25680,5.829507405454629,8.920929829885829,202263,18.937510567705566,1.034768221250525,27
25681,-88.82427626457293,0.7977180914590656,202274,-85.91178621041317,3.2728237667350073,24
25682,-10.87748148599479,2.254686539580876,202288,-6.878718007946434,-1.0926682779646681,10
25683,-72.8813888071673,1.287596127441698,202289,-66.8889597803445,2.169628081691683,14
25684,245.5923189009834,-9.735922100814596,202303,227.03647807555316,-5.020718083634986,26
25685,294.9916174729222,0.6591091066534797,202311,302.44973475302317,-5.405747081354008,25
25686,-123.32085679273303,7.511148315545137,202325,-123.80894152337959,5.566802721935252,23
25687,-34.151941534860356,6.316571932800192,202331,-29.714479793685786,-1.264748112657314,8
25688,2.1097960355981433,4.2901027921504955,202351,-6.878718007946434,-1.0926682779646681,10
25689,215.03009152141152,12.692968468235522,202353,227.03647807555316,-5.020718083634986,26
25690,606.5514350191376,-10.82995332460935,202359,586.0312761189704,-1.722944617346204,30
25691,72.83543200569106,9.440108977491825,202362,78.01149217232324,3.6022338347977136,6
25692,-141.8530296845201,-1.5180138787252735,202366,-141.0346653257256,-1.1036168920026446,0
25693,1104.3386923418525,-4.821390347398511,202371,1342.5649032771717,32.04824045393157,32
25694,-101.17505814157857,5.21677879115613,202373,-104.7190727296112,3.8815952186994593,7
25695,-147.05382547837027,0.7535023817704583,202389,-148.09620948762597,-1.1157003398540595,36
25696,-97.4112600682179,-5.83139498295442,202396,-95.36861679384212,-10.95784818293233,28
25697,-110.11560821761137,4.262724730425867,202398,-114.33047638704419,5.73481138949136,19
25698,-64.72635439508065,-29.877198256476685,202405,-77.6204452281073,-4.536559244831727,5
25699,-42.80185357606369,1.0751369578392183,202409,-49.93530245157272,-0.19848027172185767,2
25700,-58.27316020535725,-7.165822101133904,202410,-49.93530245157272,-0.19848027172185767,2
25701,-116.19552076440094,4.889385842925642,202421,-114.33047638704419,5.73481138949136,19
25702,1020.4761554883427,-9.765320918356192,202430,861.6475783799328,6.515082937232454,35
25703,44.92996765466926,8.438994959164324,202436,47.997068783449585,1.2679199422360634,13
25704,-129.02697975486788,1.486635757021331,202447,-129.1025175244067,1.5488809909733745,1
25705,-54.218193663659,7.452162106423953,202455,-49.93530245157272,-0.19848027172185767,2
25706,404.69234830082814,-34.08961572599923,202465,417.6915390220547,-4.11857226961515,29
25707,-108.54479346153836,-19.361353805484473,202495,-115.69510858146283,-11.595084171039186,39
25708,-138.1162648790499,2.75337779155404,202499,-137.57400940459857,4.493303950559668,20
25709,-85.46077024716121,10.710808034146032,202504,-85.91178621041317,3.2728237667350073,24
25710,273.43712535271374,7.833411866630435,202511,302.44973475302317,-5.405747081354008,25
25711,-84.91410897089004,1.8118941296169093,202515,-85.91178621041317,3.2728237667350073,24
25712,-142.2818309969041,5.829804991218645,202522,-142.14616351708418,5.245197398204194,22
25713,-85.6789781666192,-16.55063078421757,202525,-95.36861679384212,-10.95784818293233,28
25714,-57.05594429856847,4.868512468415117,202533,-49.93530245157272,-0.19848027172185767,2
25715,-139.81447340721422,-1.8238804694966355,202537,-141.0346653257256,-1.1036168920026446,0
25716,-18.03050346711126,-9.749321946413033,202538,-6.878718007946434,-1.0926682779646681,10
25717,-44.93574649992714,2.450124921366067,202559,-49.93530245157272,-0.19848027172185767,2
25718,231.98674630587692,13.402991784354448,202561,227.03647807555316,-5.020718083634986,26
25719,-56.32238397255798,8.662246799985807,202568,-49.93530245157272,-0.19848027172185767,2
25720,138.07834790817097,8.803710393654665,202577,135.4076551174278,-1.697351881935795,33
25721,0.6240740073244008,-3.4094795646017935,202581,-6.878718007946434,-1.0926682779646681,10
25722,-85.69196093579167,-1.540084369208792,202588,-85.91178621041317,3.2728237667350073,24
25723,-98.94783668105903,0.7487832860164431,202594,-96.6939343764425,2.7165835152131033,15
25724,-136.17816686012512,4.170747785329855,202597,-137.57400940459857,4.493303950559668,20
25725,-139.09072689883172,2.196396611075401,202604,-137.57400940459857,4.493303950559668,20
25726,38.18621916399241,3.726385975521389,202610,47.997068783449585,1.2679199422360634,13
25727,-108.76017326146406,-2.482341988735675,202615,-109.71624596876933,-1.0040630408538558,16
25728,157.96439213682527,11.139387713319953,202634,172.66355239880147,-2.7112682595768685,38
25729,208.69850236657774,2.0481448784461485,202648,227.03647807555316,-5.020718083634986,26
25730,108.01441991972764,9.706225992513632,202659,104.96211155305676,-0.5414592591613776,31
25731,196.48623620141205,4.948544975306744,202661,172.66355239880147,-2.7112682595768685,38
25732,-76.66296776521949,-2.5348756713369487,202665,-77.6204452281073,-4.536559244831727,5
25733,-131.8858890429508,-0.6307668030978666,202669,-134.89656831690453,-0.030690791204986433,34
25734,-119.82480022818513,-1.242566390672452,202672,-118.09857507912784,0.7103841694799473,11
25735,-142.23296931657768,5.264217882652371,202686,-142.14616351708418,5.245197398204194,22
25736,-154.3178790954388,6.428077438631419,202691,-152.23629829764135,4.213482038439798,37
25737,-110.35490212659964,-7.806908566338589,202692,-115.69510858146283,-11.595084171039186,39
25738,-147.17289354314013,4.376291910832216,202697,-146.59606179012786,4.113086925586259,4
25739,-132.29801720247212,6.339973845258414,202706,-132.1080396739421,5.887059356646324,17
25740,148.28739823519507,-8.288232623934444,202715,135.4076551174278,-1.697351881935795,33
25741,-109.76135755951874,-0.9247288335843582,202720,-109.71624596876933,-1.0040630408538558,16
25742,-17.86155275597449,-11.915658814262262,202721,-6.878718007946434,-1.0926682779646681,10
25743,-102.17030323953861,5.065957086940327,202722,-104.7190727296112,3.8815952186994593,7
25744,-137.22649708805773,5.720942055941398,202726,-137.57400940459857,4.493303950559668,20
25745,-129.01885315281314,1.8251403773602954,202728,-129.1025175244067,1.5488809909733745,1
25746,-109.09689656927738,2.303846561441696,202731,-109.71624596876933,-1.0040630408538558,16
25747,-123.14654613732137,4.208273246614438,202732,-123.80894152337959,5.566802721935252,23
25748,216.1273739068949,-4.668441688108973,202735,227.03647807555316,-5.020718083634986,26
25749,-132.32691747801675,6.980752784171065,202738,-132.1080396739421,5.887059356646324,17
25750,-135.29539371719216,6.749520422138753,202745,-137.57400940459857,4.493303950559668,20
25751,-132.03722679118525,2.1928987224134757,202748,-129.1025175244067,1.5488809909733745,1
25752,-50.99020424436864,-25.40949778031638,202756,-49.93530245157272,-0.19848027172185767,2
25753,144.9622283961796,11.47307714401602,202758,135.4076551174278,-1.697351881935795,33
25754,7.981031334180198,6.189487370892358,202761,18.937510567705566,1.034768221250525,27
25755,-91.86758673209617,-14.056308105224836,202765,-95.36861679384212,-10.95784818293233,28
25756,-98.73365209470678,-2.884977164955513,202773,-96.6939343764425,2.7165835152131033,15
25757,-140.7442607105231,-3.877847313170938,202779,-141.0346653257256,-1.1036168920026446,0
25758,-49.27641755001171,8.803054706461397,202784,-49.93530245157272,-0.19848027172185767,2
25759,-90.1989002514365,6.417652797199337,202787,-85.91178621041317,3.2728237667350073,24
25760,-110.16917670333937,3.8831468140585073,202792,-114.33047638704419,5.73481138949136,19
25761,-109.70809957205243,-2.616571004193326,202798,-109.71624596876933,-1.0040630408538558,16
25762,-132.20164322703027,4.228027762760305,202801,-132.1080396739421,5.887059356646324,17
25763,-71.01306471605544,3.189826265165866,202812,-66.8889597803445,2.169628081691683,14
25764,1231.2484023309053,0.8266850781202661,202833,1342.5649032771717,32.04824045393157,32
25765,-64.92414441373968,0.8235234700489457,202834,-66.8889597803445,2.169628081691683,14
25766,-147.0733129166349,2.1950939908975817,202841,-146.59606179012786,4.113086925586259,4
25767,105.31083270137493,3.6700551739769045,202843,104.96211155305676,-0.5414592591613776,31
25768,124.16918501246542,-7.125429827375952,202853,135.4076551174278,-1.697351881935795,33
25769,473.95546745216916,22.268708894002284,202855,417.6915390220547,-4.11857226961515,29
25770,202.70050003540337,2.4133313428301104,202858,227.03647807555316,-5.020718083634986,26
25771,770.961909968225,3.323207464728963,202870,861.6475783799328,6.515082937232454,35
25772,100.13590499606931,-7.816322326385688,202877,104.96211155305676,-0.5414592591613776,31
25773,-66.12869889253962,6.315683832254545,202880,-66.8889597803445,2.169628081691683,14
25774,-151.99186951029026,-0.19163621426879884,202899,-148.09620948762597,-1.1157003398540595,36
25775,-89.09226128539332,3.0980274758170094,202925,-85.91178621041317,3.2728237667350073,24
25776,70.62777885398242,14.47358442228358,202938,78.01149217232324,3.6022338347977136,6
25777,168.1355731132757,-19.86350212833361,202945,172.66355239880147,-2.7112682595768685,38
25778,-116.05703991387398,1.3193139399446197,202953,-118.09857507912784,0.7103841694799473,11
25779,-135.0417334917865,1.188214101774729,202959,-134.89656831690453,-0.030690791204986433,34
25780,-98.95851730979655,0.492048028905919,202963,-96.6939343764425,2.7165835152131033,15
25781,-120.10683873395534,2.352987765968987,202964,-118.09857507912784,0.7103841694799473,11
25782,57.880209624400116,-20.226738666885108,202967,70.166569844569,-14.692630117552799,9
25783,-101.28968521862583,7.709062545055874,202969,-104.7190727296112,3.8815952186994593,7
25784,219.97120745729944,13.557428879656108,202973,227.03647807555316,-5.020718083634986,26
25785,-120.24896513150094,5.487180041847939,202987,-123.80894152337959,5.566802721935252,23
25786,-111.0254545796645,1.761679482901688,202988,-109.71624596876933,-1.0040630408538558,16
25787,182.23106926601506,-6.475153944821909,202991,172.66355239880147,-2.7112682595768685,38
25788,407.6421198915903,-4.514653200963126,202993,417.6915390220547,-4.11857226961515,29
25789,-125.24338750103928,5.77236233825634,202997,-123.80894152337959,5.566802721935252,23
25790,204.16831472179885,9.479687719680296,203000,227.03647807555316,-5.020718083634986,26
25791,-131.68466816548528,-3.5060526642861793,203005,-130.75996572568545,-6.6137591708523855,18
25792,51.73921147225685,-4.0590444724518715,203016,47.997068783449585,1.2679199422360634,13
25793,628.8549754529531,14.401472769603464,203017,586.0312761189704,-1.722944617346204,30
25794,79.9185881245176,9.789182154220606,203024,78.01149217232324,3.6022338347977136,6
25795,41.32115110133319,1.3503733039708525,203030,47.997068783449585,1.2679199422360634,13
25796,-78.02718991130156,2.881040338695355,203032,-77.6204452281073,-4.536559244831727,5
25797,-111.05885375127383,3.013995878624183,203036,-109.71624596876933,-1.0040630408538558,16
25798,647.5946707270692,-24.272600706413346,203040,586.0312761189704,-1.722944617346204,30
25799,-141.9493561110938,-0.4311118025805232,203065,-141.0346653257256,-1.1036168920026446,0
25800,-104.84002355070366,-0.6736643866944335,203101,-104.7190727296112,3.8815952186994593,7
25801,-135.3605015306293,7.664123600286234,203102,-132.1080396739421,5.887059356646324,17
25802,-86.89826573860023,1.9449816626655687,203153,-85.91178621041317,3.2728237667350073,24
25803,-63.62431417276003,-1.6291334379607036,203155,-66.8889597803445,2.169628081691683,14
25804,1112.0073674293965,28.432259487340655,203166,1342.5649032771717,32.04824045393157,32
25805,103.8230741888477,11.259532568517425,203175,104.96211155305676,-0.5414592591613776,31
25806,125.25643180444602,-8.51116086529565,203180,135.4076551174278,-1.697351881935795,33
25807,-41.288168862503454,8.174355375971862,203188,-49.93530245157272,-0.19848027172185767,2
25808,788.2870713305533,-29.383156249384207,203193,861.6475783799328,6.515082937232454,35
25809,-107.86903202577989,-0.573415312182746,203198,-109.71624596876933,-1.0040630408538558,16
25810,-144.27228232650657,6.09028353756016,203220,-142.14616351708418,5.245197398204194,22
25811,-143.34254324901397,7.130608782606361,203223,-142.14616351708418,5.245197398204194,22
25812,767.1707703842832,0.2185956007815574,203225,861.6475783799328,6.515082937232454,35
25813,-148.00149338441418,1.11653210857529,203227,-148.09620948762597,-1.1157003398540595,36
25814,-141.13584202269757,2.6136637722698826,203238,-142.14616351708418,5.245197398204194,22
25815,312.01057439847045,1.5658539394743776,203239,302.44973475302317,-5.405747081354008,25
25816,275.54260038561404,7.1037578125455,203241,302.44973475302317,-5.405747081354008,25
25817,-84.36519308933953,9.135877318915682,203245,-85.91178621041317,3.2728237667350073,24
25818,-140.58745613416008,-5.774832220465778,203258,-141.0346653257256,-1.1036168920026446,0
25819,-142.12419740473055,2.874732795675866,203275,-142.14616351708418,5.245197398204194,22
25820,-100.02816745228633,2.502344935184676,203276,-96.6939343764425,2.7165835152131033,15
25821,20.014532118229713,6.6675305089537895,203283,18.937510567705566,1.034768221250525,27
25822,-110.5803203300079,-3.37074012638112,203286,-109.71624596876933,-1.0040630408538558,16
25823,-68.59620911851052,-3.348250320102131,203290,-66.8889597803445,2.169628081691683,14
25824,-120.05512096468954,2.2620805861548496,203307,-118.09857507912784,0.7103841694799473,11
25825,87.00401665140791,-6.18095226599773,203312,78.01149217232324,3.6022338347977136,6
25826,154.23060299736628,-21.662674391486135,203324,172.66355239880147,-2.7112682595768685,38
25827,-67.173431772011,6.254413537061631,203337,-66.8889597803445,2.169628081691683,14
25828,-72.71096082161684,-2.4441079193318656,203346,-77.6204452281073,-4.536559244831727,5
25829,74.36400914341485,3.0106564212010865,203351,78.01149217232324,3.6022338347977136,6
25830,189.80023513214792,-0.5055178520080053,203353,172.66355239880147,-2.7112682595768685,38
25831,-117.95508021962299,2.1556775155333296,203357,-118.09857507912784,0.7103841694799473,11
25832,-71.83874481861436,-0.1250123765790786,203359,-66.8889597803445,2.169628081691683,14
25833,-112.24315900194236,5.9875395987246485,203376,-114.33047638704419,5.73481138949136,19
25834,-102.78741721501251,-0.7658462990004371,203386,-104.7190727296112,3.8815952186994593,7
25835,-89.4270978601329,-5.359017840495899,203388,-95.36861679384212,-10.95784818293233,28
25836,-99.24785012069687,7.359195935447062,203395,-96.6939343764425,2.7165835152131033,15
25837,-113.80788324462308,-15.734588245902273,203402,-115.69510858146283,-11.595084171039186,39
25838,574.8428294299056,12.739648428551261,203404,586.0312761189704,-1.722944617346204,30
25839,-141.08837346550933,1.6162615567560314,203405,-141.0346653257256,-1.1036168920026446,0
25840,641.9364486487256,28.079493179975042,203411,586.0312761189704,-1.722944617346204,30
25841,-56.69328445405599,-0.49529990947694397,203427,-49.93530245157272,-0.19848027172185767,2
25842,-86.74192728205091,-2.509265321577718,203429,-85.91178621041317,3.2728237667350073,24
25843,-118.0507014021827,1.1939340622557524,203437,-118.09857507912784,0.7103841694799473,11
25844,-106.8085140695965,-1.3761452424713547,203438,-109.71624596876933,-1.0040630408538558,16
25845,-140.9458710032687,1.568169235546525,203439,-141.0346653257256,-1.1036168920026446,0
25846,-27.734045817832357,-13.844931596641652,203448,-29.714479793685786,-1.264748112657314,8
25847,-91.85452634546597,0.3930498147899012,203472,-96.6939343764425,2.7165835152131033,15
25848,-83.34565850731035,-7.0114120671579085,203474,-77.6204452281073,-4.536559244831727,5
25849,57.78364557793507,10.317330264673023,203475,47.997068783449585,1.2679199422360634,13
25850,-63.795947221383535,-0.9454608882953806,203480,-66.8889597803445,2.169628081691683,14
25851,-107.13493076173012,4.727811725852427,203509,-104.7190727296112,3.8815952186994593,7
25852,-57.912245565828805,2.733147775909762,203524,-49.93530245157272,-0.19848027172185767,2
25853,-84.15217969096598,-9.22468297765038,203539,-77.6204452281073,-4.536559244831727,5
25854,80.49791106817632,0.6790474783827863,203543,78.01149217232324,3.6022338347977136,6
25855,209.97918466560168,-1.5098483051576788,203544,227.03647807555316,-5.020718083634986,26
25856,-16.0012438184304,5.894826851471054,203578,-6.878718007946434,-1.0926682779646681,10
25857,104.44836837055946,2.702724197005175,203581,104.96211155305676,-0.5414592591613776,31
25858,38.762371206345556,11.495214387554002,203584,47.997068783449585,1.2679199422360634,13
25859,-119.97741548698154,0.03885923703106354,203585,-118.09857507912784,0.7103841694799473,11
25860,-60.33251792919828,-5.8935188358903945,203597,-66.8889597803445,2.169628081691683,14
25861,-114.2671345041823,7.000911310145246,203599,-114.33047638704419,5.73481138949136,19
25862,-14.09611171626439,7.505296571956359,203608,-6.878718007946434,-1.0926682779646681,10
25863,263.8732732610132,-27.233999094815594,203613,227.03647807555316,-5.020718083634986,26
25864,-22.72881906937585,0.8408858416668882,203614,-29.714479793685786,-1.264748112657314,8
25865,-26.438943800579736,-3.5195544540682278,203637,-29.714479793685786,-1.264748112657314,8
25866,128.6219326948536,15.56536937483972,203645,135.4076551174278,-1.697351881935795,33
25867,-108.00982816742992,-12.236574561461325,203665,-115.69510858146283,-11.595084171039186,39
25868,5.879052681972077,7.861369453246744,203671,18.937510567705566,1.034768221250525,27
25869,-119.00290331237302,0.10010030674224449,203704,-118.09857507912784,0.7103841694799473,11
25870,201.27143708476066,-6.008540292956521,203715,227.03647807555316,-5.020718083634986,26
25871,414.18240496978785,-26.34876774748048,203734,417.6915390220547,-4.11857226961515,29
25872,166.00885266469274,-18.14752129339585,203736,172.66355239880147,-2.7112682595768685,38
25873,-112.9443330511019,0.45826010062929157,203737,-109.71624596876933,-1.0040630408538558,16
25874,-62.91480657155167,2.202682916396163,203740,-66.8889597803445,2.169628081691683,14
25875,-97.32226713421984,7.963631104234709,203751,-96.6939343764425,2.7165835152131033,15
25876,-79.40920131610312,-6.088029016107811,203756,-77.6204452281073,-4.536559244831727,5
25877,-139.79455573668793,-3.288332149508167,203759,-141.0346653257256,-1.1036168920026446,0
25878,-116.12680465303457,3.8978152632596568,203771,-114.33047638704419,5.73481138949136,19
25879,-113.88851910868122,-0.7590408657357212,203772,-109.71624596876933,-1.0040630408538558,16
25880,-19.869865938974513,2.4381311168512,203774,-29.714479793685786,-1.264748112657314,8
25881,-82.31117127944869,8.503930653975454,203782,-85.91178621041317,3.2728237667350073,24
25882,-119.16024246951937,5.086425075097764,203783,-118.09857507912784,0.7103841694799473,11
25883,-69.66383265979732,-1.369118112549626,203794,-66.8889597803445,2.169628081691683,14
25884,188.53697959087333,-10.502885075366466,203801,172.66355239880147,-2.7112682595768685,38
25885,214.4409104892036,-8.486242095998003,203807,227.03647807555316,-5.020718083634986,26
25886,-122.92816153490024,-0.5586834942770321,203818,-123.94204162798616,-1.5144507595891967,3
25887,221.8208869298399,-27.815591782365992,203822,227.03647807555316,-5.020718083634986,26
25888,-135.1853036653272,3.8444309654703037,203830,-137.57400940459857,4.493303950559668,20
25889,-108.62490407097927,-2.867014008344155,203837,-109.71624596876933,-1.0040630408538558,16
25890,-137.73452319597254,-2.506195966130274,203850,-141.0346653257256,-1.1036168920026446,0
25891,-97.01968132560702,1.8511325199103381,203869,-96.6939343764425,2.7165835152131033,15
25892,-6.081039311521223,7.301772188725765,203873,-6.878718007946434,-1.0926682779646681,10
25893,-113.2536652855553,6.217149816112982,203874,-114.33047638704419,5.73481138949136,19
25894,-148.87606554814246,-0.6358348207826742,203875,-148.09620948762597,-1.1157003398540595,36
25895,-117.06406043729258,1.9805815580364967,203876,-118.09857507912784,0.7103841694799473,11
25896,271.8291564530439,2.8123448177703807,203878,302.44973475302317,-5.405747081354008,25
25897,143.8200591949974,-1.709030445296193,203891,135.4076551174278,-1.697351881935795,33
25898,-102.29275371416905,7.756471303684066,203901,-104.7190727296112,3.8815952186994593,7
25899,395.1082178583333,2.8781915720230886,203903,417.6915390220547,-4.11857226961515,29
25900,57.81054574248014,-4.989705833331515,203924,47.997068783449585,1.2679199422360634,13
25901,-94.0265165426174,2.5787665034699296,203930,-96.6939343764425,2.7165835152131033,15
25902,-95.86661392593965,1.5899210547752434,203937,-96.6939343764425,2.7165835152131033,15
25903,36.96168030205152,7.606208462413312,203961,47.997068783449585,1.2679199422360634,13
25904,31.08262195922772,-24.08599358561833,203969,28.39696760572947,-22.91072472808294,12
25905,1430.225093791438,50.91243495027858,203972,1342.5649032771717,32.04824045393157,32
25906,-33.954959830280735,3.578671896039382,203979,-29.714479793685786,-1.264748112657314,8
25907,17.437578101055816,-0.06846196898005644,203987,18.937510567705566,1.034768221250525,27
25908,-126.27767541124965,6.002177612547735,203991,-123.80894152337959,5.566802721935252,23
25909,-138.13794666055986,3.2381951184586653,203996,-137.57400940459857,4.493303950559668,20
25910,-133.1804811591241,4.270113054144796,204009,-132.1080396739421,5.887059356646324,17
25911,19.124378021182878,-10.991479325324105,204012,18.937510567705566,1.034768221250525,27
25912,-119.90290330046412,-0.5787037919387473,204016,-118.09857507912784,0.7103841694799473,11
25913,289.6037134516874,5.983171085450587,204029,302.44973475302317,-5.405747081354008,25
25914,-149.01340160322655,1.35443043415001,204030,-148.09620948762597,-1.1157003398540595,36
25915,-73.7878824597436,-0.2533273456727315,204044,-77.6204452281073,-4.536559244831727,5
25916,76.01325117199436,8.145401477545047,204054,78.01149217232324,3.6022338347977136,6
25917,-98.15986398054694,5.418174903917457,204056,-96.6939343764425,2.7165835152131033,15
25918,-122.1985084182121,4.852488570248201,204062,-123.80894152337959,5.566802721935252,23
25919,208.70201798816936,-12.247222024507991,204063,227.03647807555316,-5.020718083634986,26
25920,-121.51174810294171,-6.594618729306095,204068,-123.94204162798616,-1.5144507595891967,3
25921,-93.7410413453599,-1.1166125356068384,204076,-96.6939343764425,2.7165835152131033,15
25922,40.31833614622013,-12.319485360652479,204082,47.997068783449585,1.2679199422360634,13
25923,-29.97811699441993,-10.08347828474441,204090,-29.714479793685786,-1.264748112657314,8
25924,25.001817999988862,-22.926510054869144,204099,28.39696760572947,-22.91072472808294,12
25925,-102.31517203677716,7.727632867902824,204101,-104.7190727296112,3.8815952186994593,7
25926,-36.89747447384419,3.2752368417882725,204117,-29.714479793685786,-1.264748112657314,8
25927,186.27495514113284,7.356014173407335,204122,172.66355239880147,-2.7112682595768685,38
25928,12.269099766108615,2.517672449637474,204124,18.937510567705566,1.034768221250525,27
25929,-111.25848126995648,6.3349409762797,204129,-114.33047638704419,5.73481138949136,19
25930,-115.02183362233673,0.579746250252063,204133,-118.09857507912784,0.7103841694799473,11
25931,-88.27084430669463,8.032062239968988,204154,-85.91178621041317,3.2728237667350073,24
25932,330.3725568236494,-17.71533468809034,204173,302.44973475302317,-5.405747081354008,25
25933,-125.19141619786019,5.160087927878013,204178,-123.80894152337959,5.566802721935252,23
25934,-9.193343833256504,-21.277435666518006,204179,-6.878718007946434,-1.0926682779646681,10
25935,-82.98163078777318,1.7774014391930377,204180,-85.91178621041317,3.2728237667350073,24
25936,-7.933079727751801,5.0582481014676075,204181,-6.878718007946434,-1.0926682779646681,10
25937,-118.38782281315687,-7.715218426193513,204189,-115.69510858146283,-11.595084171039186,39
25938,-22.869165817184104,1.8711160881307776,204209,-29.714479793685786,-1.264748112657314,8
25939,273.20922285427764,11.8053164598582,204220,302.44973475302317,-5.405747081354008,25
25940,-99.35419462568585,-22.3631370702555,204236,-95.36861679384212,-10.95784818293233,28
25941,-118.91840726991079,0.311500758774306,204240,-118.09857507912784,0.7103841694799473,11
25942,-65.40349653222034,-5.461680900290465,204247,-66.8889597803445,2.169628081691683,14
25943,100.97799158390671,9.351714133429056,204254,104.96211155305676,-0.5414592591613776,31
25944,-30.74082643770219,0.9751407838442924,204265,-29.714479793685786,-1.264748112657314,8
25945,-13.781556485394615,-13.081265135044188,204266,-6.878718007946434,-1.0926682779646681,10
25946,-90.81057664913978,-0.568195979620575,204267,-85.91178621041317,3.2728237667350073,24
25947,-134.11740824245948,2.8620025139503444,204292,-134.89656831690453,-0.030690791204986433,34
25948,-134.7658148497833,-2.781447502249975,204304,-134.89656831690453,-0.030690791204986433,34
25949,156.80873672771315,-15.454810296865533,204305,172.66355239880147,-2.7112682595768685,38
25950,-13.658350913290318,-0.027120484065273294,204313,-6.878718007946434,-1.0926682779646681,10
25951,-122.56955507295653,-4.307582879376758,204331,-123.94204162798616,-1.5144507595891967,3
25952,-23.8384327010197,2.7141433023261565,204346,-29.714479793685786,-1.264748112657314,8
25953,96.1015546538205,7.5795892545458425,204347,104.96211155305676,-0.5414592591613776,31
25954,13.06627759182485,-9.291987112007844,204353,18.937510567705566,1.034768221250525,27
25955,-139.8565921637564,-0.9005526532312189,204356,-141.0346653257256,-1.1036168920026446,0
25956,-118.93287472893583,1.135578168178656,204363,-118.09857507912784,0.7103841694799473,11
25957,-5.329629386631813,-4.537209885534915,204364,-6.878718007946434,-1.0926682779646681,10
25958,-137.98958818048268,0.008585092392659314,204366,-134.89656831690453,-0.030690791204986433,34
25959,-133.00787334034422,1.519430174280591,204374,-134.89656831690453,-0.030690791204986433,34
25960,343.64143514589796,-6.599155689206331,204375,302.44973475302317,-5.405747081354008,25
25961,-99.31067069559585,8.210854352946063,204389,-96.6939343764425,2.7165835152131033,15
25962,-138.00623156255847,-0.14922172776633463,204398,-134.89656831690453,-0.030690791204986433,34
25963,465.84208689855006,-5.86016398679712,204401,417.6915390220547,-4.11857226961515,29
25964,-84.26370330005578,7.447524029509976,204404,-85.91178621041317,3.2728237667350073,24
25965,-99.90528019262305,1.369368202613881,204409,-96.6939343764425,2.7165835152131033,15
25966,-18.843333987209483,2.9129134178745026,204424,-29.714479793685786,-1.264748112657314,8
25967,-85.65330562183898,-2.8904446644245936,204426,-85.91178621041317,3.2728237667350073,24
25968,-115.40861726049776,9.067404881623231,204428,-114.33047638704419,5.73481138949136,19
25969,-141.34665419814365,7.245009488566827,204433,-142.14616351708418,5.245197398204194,22
25970,-57.27235991718063,8.605666955745653,204435,-49.93530245157272,-0.19848027172185767,2
25971,649.1869206242685,-18.38615338079274,204446,586.0312761189704,-1.722944617346204,30
25972,-139.1833371702473,3.714028746093684,204449,-137.57400940459857,4.493303950559668,20
25973,-48.742100393284545,-0.341199940991872,204465,-49.93530245157272,-0.19848027172185767,2
25974,-139.10858028837526,3.103688318581858,204466,-137.57400940459857,4.493303950559668,20
25975,530.8941874058127,-47.01658597676524,204485,586.0312761189704,-1.722944617346204,30
25976,-141.3141922380292,6.555843821287231,204489,-142.14616351708418,5.245197398204194,22
25977,443.0795324621031,4.829688524381949,204490,417.6915390220547,-4.11857226961515,29
25978,156.39285918368378,-38.38053230781396,204495,172.66355239880147,-2.7112682595768685,38
25979,384.7456086254964,7.564331972466724,204506,417.6915390220547,-4.11857226961515,29
25980,-112.04805189144142,1.7089305328447382,204512,-109.71624596876933,-1.0040630408538558,16
25981,108.04058270861108,8.623201991568543,204514,104.96211155305676,-0.5414592591613776,31
25982,-152.2560576759272,5.61903367757928,204516,-152.23629829764135,4.213482038439798,37
25983,-102.68652600965989,-3.4809007662941798,204532,-109.71624596876933,-1.0040630408538558,16
25984,648.9481910483544,13.74329274294138,204536,586.0312761189704,-1.722944617346204,30
25985,220.83398502484937,-13.900199730519034,204538,227.03647807555316,-5.020718083634986,26
25986,-47.96604430995557,2.5306742404522082,204540,-49.93530245157272,-0.19848027172185767,2
25987,-148.33182842963186,6.82495339835774,204546,-146.59606179012786,4.113086925586259,4
25988,-146.33354180061846,6.881238900549892,204551,-146.59606179012786,4.113086925586259,4
25989,-135.12958447557907,4.142059383510539,204567,-137.57400940459857,4.493303950559668,20
25990,283.27345791508355,-17.87366255789337,204571,302.44973475302317,-5.405747081354008,25
25991,-145.18111406263253,3.5726868872131154,204572,-146.59606179012786,4.113086925586259,4
25992,-36.083056804724976,5.797141816001279,204578,-29.714479793685786,-1.264748112657314,8
25993,27.31158723330871,-12.89873126459469,204584,28.39696760572947,-22.91072472808294,12
25994,51.33058502695617,-26.62050086574758,204586,70.166569844569,-14.692630117552799,9
25995,-135.30957038657485,6.554934535992748,204598,-137.57400940459857,4.493303950559668,20
25996,-72.58144624867744,-18.456914956894497,204599,-77.6204452281073,-4.536559244831727,5
25997,118.99083519316609,-19.56599389931697,204607,110.19899446847099,-35.665903512662624,21
25998,-142.89314537517967,-2.1881358443409518,204608,-141.0346653257256,-1.1036168920026446,0
25999,-100.97703549148041,2.411994984575877,204609,-104.7190727296112,3.8815952186994593,7
26000,-100.23196849139916,6.458284976790319,204617,-96.6939343764425,2.7165835152131033,15
26001,361.71932258927694,-21.711061851590024,204619,417.6915390220547,-4.11857226961515,29
26002,-134.29711486633457,6.302996791405173,204623,-132.1080396739421,5.887059356646324,17
26003,35.381684140388,0.9292753264471814,204632,47.997068783449585,1.2679199422360634,13
26004,20.446118106320807,-0.20731388398563558,204638,18.937510567705566,1.034768221250525,27
26005,15.149107726228495,3.130862286593027,204639,18.937510567705566,1.034768221250525,27
26006,-114.92881468697402,-0.43928111670258674,204642,-118.09857507912784,0.7103841694799473,11
26007,-58.918059721287804,2.851490476965811,204644,-66.8889597803445,2.169628081691683,14
26008,-79.5693926981249,-3.088390416842492,204653,-77.6204452281073,-4.536559244831727,5
26009,-7.962884164753799,4.685681522476669,204662,-6.878718007946434,-1.0926682779646681,10
26010,481.1325099582028,5.328039217324234,204675,417.6915390220547,-4.11857226961515,29
26011,-133.96824801208385,0.6215880556096964,204677,-134.89656831690453,-0.030690791204986433,34
26012,-117.97037305062837,-0.5987164924133273,204682,-118.09857507912784,0.7103841694799473,11
26013,-136.61285081497445,-4.660758295498867,204683,-134.89656831690453,-0.030690791204986433,34
26014,-106.02237281462037,2.8145285138089564,204706,-104.7190727296112,3.8815952186994593,7
26015,488.5209733816287,14.76876400465836,204713,417.6915390220547,-4.11857226961515,29
26016,-126.09263141592841,2.9732608154002307,204716,-129.1025175244067,1.5488809909733745,1
26017,99.96974854814262,9.495615146254805,204720,104.96211155305676,-0.5414592591613776,31
26018,303.8500900158181,-39.761000919222994,204745,302.44973475302317,-5.405747081354008,25
26019,-89.7857061533417,-0.5635476808693974,204763,-85.91178621041317,3.2728237667350073,24
26020,-115.26333944324202,5.886666161310273,204766,-114.33047638704419,5.73481138949136,19
26021,-153.0892471949207,2.455998451008264,204769,-152.23629829764135,4.213482038439798,37
26022,-150.32545162208473,6.628183348297677,204779,-152.23629829764135,4.213482038439798,37
26023,-129.79923766589886,-2.999926286719622,204781,-130.75996572568545,-6.6137591708523855,18
26024,-49.18072410598006,7.208430157292588,204785,-49.93530245157272,-0.19848027172185767,2
26025,194.8914752111555,-15.604063864107975,204798,172.66355239880147,-2.7112682595768685,38
26026,-122.32628343971717,7.651442060700387,204800,-123.80894152337959,5.566802721935252,23
26027,-33.824762796901055,-13.512809968651867,204804,-29.714479793685786,-1.264748112657314,8
26028,-147.02366020758305,0.09604879974984266,204813,-148.09620948762597,-1.1157003398540595,36
26029,-97.78315349595233,-1.2767351076837317,204827,-96.6939343764425,2.7165835152131033,15
26030,-74.54951878999198,-3.95147014132888,204830,-77.6204452281073,-4.536559244831727,5
26031,251.87071422668055,1.0521158716330372,204842,227.03647807555316,-5.020718083634986,26
26032,-83.16517765807863,-8.932694574773203,204849,-77.6204452281073,-4.536559244831727,5
26033,380.15159597878466,-41.49024557307674,204854,417.6915390220547,-4.11857226961515,29
26034,-82.32080949741857,8.716998871102406,204862,-85.91178621041317,3.2728237667350073,24
26035,29.463648400691973,0.08786005785617981,204865,18.937510567705566,1.034768221250525,27
26036,-92.27738729249603,7.583689420320375,204872,-96.6939343764425,2.7165835152131033,15
26037,-17.039232046008028,5.19195655805393,204877,-6.878718007946434,-1.0926682779646681,10
26038,-145.22581172864355,4.5345489994496955,204885,-146.59606179012786,4.113086925586259,4
26039,-107.6677968190798,-2.9544856416943333,204895,-109.71624596876933,-1.0040630408538558,16
26040,-109.9606608723323,-0.1531600780260005,204898,-109.71624596876933,-1.0040630408538558,16
26041,-55.294026250251235,9.096388623038187,204918,-49.93530245157272,-0.19848027172185767,2
26042,-146.0338959489565,1.858552079998488,204924,-146.59606179012786,4.113086925586259,4
26043,-10.535555294283993,-2.672715358080246,204930,-6.878718007946434,-1.0926682779646681,10
26044,-20.723908397753966,1.2795472401603312,204941,-29.714479793685786,-1.264748112657314,8
26045,60.28653992794429,-11.276968652166161,204951,70.166569844569,-14.692630117552799,9
26046,-40.73616532849316,-0.31398064737421244,204954,-49.93530245157272,-0.19848027172185767,2
26047,149.7895562488645,-0.9316574428847842,204959,135.4076551174278,-1.697351881935795,33
26048,-125.19708932207404,4.773876279051467,204960,-123.80894152337959,5.566802721935252,23
26049,12.742080510006181,-5.277252837991233,204968,18.937510567705566,1.034768221250525,27
26050,-128.59120192707704,-4.468584639957338,204970,-130.75996572568545,-6.6137591708523855,18
26051,-104.09555512212984,4.436538056768249,204975,-104.7190727296112,3.8815952186994593,7
26052,-16.382220135869265,11.687047284071022,204983,-6.878718007946434,-1.0926682779646681,10
26053,-97.9426777212148,1.714394385583802,205004,-96.6939343764425,2.7165835152131033,15
26054,-134.7503943373456,-3.1535604279675433,205010,-134.89656831690453,-0.030690791204986433,34
26055,268.18873521347035,-2.568460533225885,205012,302.44973475302317,-5.405747081354008,25
26056,-13.204650235594812,8.871499052086813,205016,-6.878718007946434,-1.0926682779646681,10
26057,-78.4577727900804,-5.5215223457593465,205020,-77.6204452281073,-4.536559244831727,5
26058,-115.9769471116664,0.6256705030547685,205021,-118.09857507912784,0.7103841694799473,11
26059,-14.09867429281397,6.526425103247385,205022,-6.878718007946434,-1.0926682779646681,10
26060,-110.17431813748621,5.046030481304422,205023,-114.33047638704419,5.73481138949136,19
26061,130.2241042428603,-8.211194409968675,205028,135.4076551174278,-1.697351881935795,33
26062,-102.7079397915686,-2.506599543351555,205029,-104.7190727296112,3.8815952186994593,7
26063,-124.60505236307564,-5.622761735235354,205035,-123.94204162798616,-1.5144507595891967,3
26064,-23.1981985985121,8.06356314065622,205041,-29.714479793685786,-1.264748112657314,8
26065,14.667454980202644,12.147590009812383,205053,18.937510567705566,1.034768221250525,27
26066,-139.23623747194657,4.876302822584257,205056,-137.57400940459857,4.493303950559668,20
26067,332.26291031220586,13.160662909603575,205067,302.44973475302317,-5.405747081354008,25
26068,529.2480543982094,-9.075492809351184,205068,586.0312761189704,-1.722944617346204,30
26069,-146.22158292127665,4.450702590919066,205104,-146.59606179012786,4.113086925586259,4
26070,600.3226017403772,20.97603743420247,205111,586.0312761189704,-1.722944617346204,30
26071,-115.06370007142462,2.532963474949466,205168,-114.33047638704419,5.73481138949136,19
26072,-102.14873058057498,5.140643584384664,205169,-104.7190727296112,3.8815952186994593,7
26073,-30.484875686549138,-3.079270020362766,205172,-29.714479793685786,-1.264748112657314,8
26074,-115.1372661710657,4.141571406608546,205174,-114.33047638704419,5.73481138949136,19
26075,67.52257768267566,0.4451052774201295,205183,78.01149217232324,3.6022338347977136,6
26076,245.60378759339497,4.728255708758163,205196,227.03647807555316,-5.020718083634986,26
26077,-43.39160532519347,-4.839872289395217,205205,-49.93530245157272,-0.19848027172185767,2
26078,-64.82726475467616,1.272510177033954,205212,-66.8889597803445,2.169628081691683,14
26079,-61.99490209771039,2.943080407812241,205223,-66.8889597803445,2.169628081691683,14
26080,-62.6301451893564,-1.998335456906683,205229,-66.8889597803445,2.169628081691683,14
26081,-29.636238486360035,-0.7807649836018238,205231,-29.714479793685786,-1.264748112657314,8
26082,-85.92133810099712,-13.810199012115152,205246,-95.36861679384212,-10.95784818293233,28
26083,432.9990780509413,-8.83228439378012,205262,417.6915390220547,-4.11857226961515,29
26084,-121.22101983041298,4.819670604041939,205274,-123.80894152337959,5.566802721935252,23
26085,-132.0134543243965,0.6119131791582473,205282,-134.89656831690453,-0.030690791204986433,34
26086,-134.23934021459195,5.027411648615716,205289,-132.1080396739421,5.887059356646324,17
26087,-123.94764951594256,-0.14913456513378778,205292,-123.94204162798616,-1.5144507595891967,3
26088,51.03132433999176,-7.892750397966241,205294,47.997068783449585,1.2679199422360634,13
26089,-142.31956787635144,6.66449010412412,205296,-142.14616351708418,5.245197398204194,22
26090,-116.80888719501569,-0.010703206300405783,205304,-118.09857507912784,0.7103841694799473,11
26091,-140.35099533534665,7.3824383310550745,205305,-142.14616351708418,5.245197398204194,22
26092,-108.81445267335803,-0.7701048362823399,205314,-109.71624596876933,-1.0040630408538558,16
26093,-8.593345767291781,-15.584187979638978,205320,-6.878718007946434,-1.0926682779646681,10
26094,-55.931610672494095,3.6957634330979032,205323,-49.93530245157272,-0.19848027172185767,2
26095,-130.02511529947935,2.4481624173337297,205330,-129.1025175244067,1.5488809909733745,1
26096,-145.05677175461338,1.8622240457195116,205334,-146.59606179012786,4.113086925586259,4
26097,-110.84727576436104,-0.6008782860192942,205339,-109.71624596876933,-1.0040630408538558,16
26098,-40.077732008451314,5.639395726373033,205342,-49.93530245157272,-0.19848027172185767,2
26099,-36.99807002445035,4.4463197208931025,205354,-29.714479793685786,-1.264748112657314,8
26100,-127.94279663132562,-1.3829116240992017,205356,-129.1025175244067,1.5488809909733745,1
26101,84.3992365142161,1.9020778933230413,205358,78.01149217232324,3.6022338347977136,6
26102,152.07213527206454,8.652124251523118,205391,135.4076551174278,-1.697351881935795,33
26103,-76.84754547455275,-14.244654778344556,205398,-77.6204452281073,-4.536559244831727,5
26104,-147.68597518955698,-5.800207100927954,205403,-148.09620948762597,-1.1157003398540595,36
26105,-121.39165452050707,8.55828642376112,205404,-123.80894152337959,5.566802721935252,23
26106,-125.01346276760493,1.26254664411089,205407,-123.94204162798616,-1.5144507595891967,3
26107,-142.1967699059564,3.954580264750665,205408,-142.14616351708418,5.245197398204194,22
26108,-138.00533366733373,-0.15860754157047025,205422,-134.89656831690453,-0.030690791204986433,34
26109,-125.31887839976949,7.436136313743946,205428,-123.80894152337959,5.566802721935252,23
26110,94.82329838756952,-3.6267521503907325,205433,104.96211155305676,-0.5414592591613776,31
26111,-44.89821234659873,2.1486621360942526,205434,-49.93530245157272,-0.19848027172185767,2
26112,-111.14454922505345,3.838594070393386,205438,-114.33047638704419,5.73481138949136,19
26113,561.5648981037644,16.034879843695546,205443,586.0312761189704,-1.722944617346204,30
26114,66.96879298557039,7.965305670149098,205446,78.01149217232324,3.6022338347977136,6
26115,-126.7197013268821,-3.6825366346968496,205447,-123.94204162798616,-1.5144507595891967,3
26116,-59.30222245122305,9.201813689641547,205448,-66.8889597803445,2.169628081691683,14
26117,222.86201263619438,0.7583223404298891,205451,227.03647807555316,-5.020718083634986,26
26118,-130.24704455563918,5.768738767164177,205453,-132.1080396739421,5.887059356646324,17
26119,-136.96278911665166,-0.035431004347444284,205458,-134.89656831690453,-0.030690791204986433,34
26120,-124.83455400432348,-0.5978651471760463,205459,-123.94204162798616,-1.5144507595891967,3
26121,-53.22410253600378,7.080484368968606,205468,-49.93530245157272,-0.19848027172185767,2
26122,-119.21540144343922,5.277073384148265,205475,-123.80894152337959,5.566802721935252,23
26123,472.0321972014585,-51.029986063797786,205483,417.6915390220547,-4.11857226961515,29
26124,-88.5153756076071,-3.9085577616356733,205490,-85.91178621041317,3.2728237667350073,24
26125,-141.19016608709924,4.862197326257808,205497,-142.14616351708418,5.245197398204194,22
26126,155.67955308182272,1.0495986528927619,205500,172.66355239880147,-2.7112682595768685,38
26127,179.05807983362632,10.966081935705475,205501,172.66355239880147,-2.7112682595768685,38
26128,-105.3654717372131,8.77958552392257,205505,-104.7190727296112,3.8815952186994593,7
26129,-114.97887576889279,2.715056944934644,205514,-114.33047638704419,5.73481138949136,19
26130,47.332335197868765,2.2227792334357797,205525,47.997068783449585,1.2679199422360634,13
26131,-91.88177682385471,0.992118605383354,205528,-96.6939343764425,2.7165835152131033,15
26132,-106.15261207264018,3.592307001533505,205539,-104.7190727296112,3.8815952186994593,7
26133,84.68207746546099,-1.218832365145693,205555,78.01149217232324,3.6022338347977136,6
26134,-54.241760584718634,-22.011901753696115,205558,-49.93530245157272,-0.19848027172185767,2
26135,-154.16807077191632,3.141682600613144,205562,-152.23629829764135,4.213482038439798,37
26136,176.00821949689063,-3.2279255475301536,205563,172.66355239880147,-2.7112682595768685,38
26137,527.3575998042044,3.737677804268522,205567,586.0312761189704,-1.722944617346204,30
26138,-120.84543227746803,-0.31017897562438224,205568,-118.09857507912784,0.7103841694799473,11
26139,-84.25716624994496,-8.465370767395035,205582,-77.6204452281073,-4.536559244831727,5
26140,397.9769435000792,4.768801884306028,205588,417.6915390220547,-4.11857226961515,29
26141,79.22601834087519,4.59706781176262,205600,78.01149217232324,3.6022338347977136,6
26142,58.90204183787681,-5.957054814364244,205602,47.997068783449585,1.2679199422360634,13
26143,43.318652552149516,-26.993328145861334,205616,28.39696760572947,-22.91072472808294,12
26144,54.72728706621431,-3.2289246077340295,205622,47.997068783449585,1.2679199422360634,13
26145,-123.39022967934584,8.522675746974759,205625,-123.80894152337959,5.566802721935252,23
26146,-125.96855595265318,0.23381074026148013,205626,-123.94204162798616,-1.5144507595891967,3
26147,-146.88753732656755,-1.8710415055837901,205629,-148.09620948762597,-1.1157003398540595,36
26148,892.3370101045754,16.480910542172197,205631,861.6475783799328,6.515082937232454,35
26149,36.783808777333746,-19.49921050276164,205635,28.39696760572947,-22.91072472808294,12
26150,10.208842840176445,3.29275295792507,205643,18.937510567705566,1.034768221250525,27
26151,190.7045769736925,1.0980560335124814,205650,172.66355239880147,-2.7112682595768685,38
26152,-56.80159422647926,0.323642660880771,205674,-49.93530245157272,-0.19848027172185767,2
26153,-127.98271787498089,-0.5077554978294314,205675,-129.1025175244067,1.5488809909733745,1
26154,-123.708727397389,-3.8567150042628846,205679,-123.94204162798616,-1.5144507595891967,3
26155,-112.34602866114713,8.242219617277632,205682,-114.33047638704419,5.73481138949136,19
26156,-94.15824761251761,5.973420277953569,205687,-96.6939343764425,2.7165835152131033,15
26157,411.9938069245873,-9.575019899477716,205700,417.6915390220547,-4.11857226961515,29
26158,-106.31109956039543,7.588788824405733,205701,-104.7190727296112,3.8815952186994593,7
26159,-74.30307184327111,8.470938640668203,205711,-66.8889597803445,2.169628081691683,14
26160,-102.02345389768423,3.4051806823300836,205713,-104.7190727296112,3.8815952186994593,7
26161,-28.165141770507763,7.240162953782675,205720,-29.714479793685786,-1.264748112657314,8
26162,63.95627981015542,-6.545421881017642,205722,70.166569844569,-14.692630117552799,9
26163,-75.91301221856061,1.4219339711697176,205724,-77.6204452281073,-4.536559244831727,5
26164,-57.19014284915593,6.781608179631201,205732,-49.93530245157272,-0.19848027172185767,2
26165,-86.95213116372949,0.5552340144144196,205735,-85.91178621041317,3.2728237667350073,24
26166,-52.6613748885336,-2.1657283737683346,205744,-49.93530245157272,-0.19848027172185767,2
26167,-81.05735025860376,4.50295884117608,205749,-85.91178621041317,3.2728237667350073,24
26168,-131.26262201864893,6.095719638838804,205750,-132.1080396739421,5.887059356646324,17
26169,-73.06322745874603,4.764973478412746,205755,-66.8889597803445,2.169628081691683,14
26170,191.6685204741809,2.41396227669317,205756,172.66355239880147,-2.7112682595768685,38
26171,-100.24144253433899,7.174592202641837,205761,-104.7190727296112,3.8815952186994593,7
26172,79.74935492404029,-3.293824489412959,205770,78.01149217232324,3.6022338347977136,6
26173,-113.938911204589,1.3391225103899898,205772,-118.09857507912784,0.7103841694799473,11
26174,710.8390378407698,-11.263867876095249,205787,586.0312761189704,-1.722944617346204,30
26175,1382.0329554192867,23.3257465258183,205804,1342.5649032771717,32.04824045393157,32
26176,-155.2511505207566,4.927686513344054,205806,-152.23629829764135,4.213482038439798,37
26177,-98.05837982669453,3.2098588689476224,205807,-96.6939343764425,2.7165835152131033,15
26178,175.1898023872593,9.043046452753948,205811,172.66355239880147,-2.7112682595768685,38
26179,-32.695212045345485,-1.0934927432041228,205813,-29.714479793685786,-1.264748112657314,8
26180,192.58154718252075,3.2930808499139426,205822,172.66355239880147,-2.7112682595768685,38
26181,205.66507021425772,2.745512651444201,205823,227.03647807555316,-5.020718083634986,26
26182,-137.9681305014934,-0.46546959643854635,205825,-134.89656831690453,-0.030690791204986433,34
26183,-15.096225653092178,6.981786863111681,205827,-6.878718007946434,-1.0926682779646681,10
26184,-8.92673067483313,-25.06223562606433,205828,-6.878718007946434,-1.0926682779646681,10
26185,-85.39708745998942,-5.941951463476932,205838,-77.6204452281073,-4.536559244831727,5
26186,-89.82032198827673,-0.3324659517304839,205844,-85.91178621041317,3.2728237667350073,24
26187,188.88526631383544,-1.3500591910411446,205856,172.66355239880147,-2.7112682595768685,38
26188,-93.70781386161971,-1.3195452702027297,205859,-96.6939343764425,2.7165835152131033,15
26189,-96.78146284543165,-1.8134564452411317,205864,-96.6939343764425,2.7165835152131033,15
26190,-79.72803873921377,-0.6351458363112382,205865,-77.6204452281073,-4.536559244831727,5
26191,-137.2126551879203,4.8878299859101135,205870,-137.57400940459857,4.493303950559668,20
26192,-0.5338705006697276,-1.5136442409566422,205874,-6.878718007946434,-1.0926682779646681,10
26193,24.046977463339086,4.481865017703757,205883,18.937510567705566,1.034768221250525,27
26194,-48.322414732663056,9.309956805043443,205905,-49.93530245157272,-0.19848027172185767,2
26195,-119.98527963841953,0.7120722772292827,205911,-118.09857507912784,0.7103841694799473,11
26196,-50.221313809765974,8.099884522299865,205921,-49.93530245157272,-0.19848027172185767,2
26197,-96.92369963838054,0.2799981711864783,205924,-96.6939343764425,2.7165835152131033,15
26198,-143.0157116072986,-0.030629968646605634,205929,-141.0346653257256,-1.1036168920026446,0
26199,-10.81847063642092,3.017732170751123,205948,-6.878718007946434,-1.0926682779646681,10
26200,-67.11193953520241,4.3873298863057455,205954,-66.8889597803445,2.169628081691683,14
26201,85.82865322924663,11.329850488783825,205955,78.01149217232324,3.6022338347977136,6
26202,-95.26813568259641,7.341252408457935,205962,-96.6939343764425,2.7165835152131033,15
26203,-132.11133948254252,3.7918231917293737,205974,-132.1080396739421,5.887059356646324,17
26204,-127.72857810808937,-3.492062602755717,205977,-123.94204162798616,-1.5144507595891967,3
26205,-114.9743116134454,1.0799924170514095,205981,-118.09857507912784,0.7103841694799473,11
26206,52.006297253733884,6.3706162359601315,205982,47.997068783449585,1.2679199422360634,13
26207,-132.61261892468488,-5.603531083614006,205986,-130.75996572568545,-6.6137591708523855,18
26208,-94.55052760873485,-4.785285683903554,205987,-95.36861679384212,-10.95784818293233,28
26209,109.20990773879457,-23.003135298862013,205993,110.19899446847099,-35.665903512662624,21
26210,-95.3174927199255,7.923544057642565,206001,-96.6939343764425,2.7165835152131033,15
26211,-127.18892924806727,4.034973826744799,206014,-129.1025175244067,1.5488809909733745,1
26212,-45.62673167327696,-2.294771742588095,206015,-49.93530245157272,-0.19848027172185767,2
26213,235.09722222039053,-2.651500770652578,206016,227.03647807555316,-5.020718083634986,26
26214,6.504076960826981,-2.218011004991043,206018,18.937510567705566,1.034768221250525,27
26215,-130.21379445883093,-11.738396670429841,206026,-130.75996572568545,-6.6137591708523855,18
26216,-98.86305005806807,-0.5741620813194401,206048,-96.6939343764425,2.7165835152131033,15
26217,273.31169309807643,-4.66841306898847,206051,302.44973475302317,-5.405747081354008,25
26218,-0.5424096831414096,-15.534266935432266,206054,-6.878718007946434,-1.0926682779646681,10
26219,-56.74732277904282,0.6770278726468029,206065,-49.93530245157272,-0.19848027172185767,2
26220,-117.71734181121352,-1.5165589608138015,206073,-118.09857507912784,0.7103841694799473,11
26221,-140.18732807717166,3.781575493772793,206076,-142.14616351708418,5.245197398204194,22
26222,-138.18483379723511,4.280230823641106,206077,-137.57400940459857,4.493303950559668,20
26223,9.46349987469793,-0.77694712480486,206081,18.937510567705566,1.034768221250525,27
26224,-119.46545846304849,-6.551396565405185,206087,-115.69510858146283,-11.595084171039186,39
26225,-149.81931463496895,-1.881570231875678,206089,-148.09620948762597,-1.1157003398540595,36
26226,-42.69765504633173,0.34747562149411904,206099,-49.93530245157272,-0.19848027172185767,2
26227,-54.21998712957602,6.967107431294379,206111,-49.93530245157272,-0.19848027172185767,2
26228,-115.2594180520192,6.316910273291382,206115,-114.33047638704419,5.73481138949136,19
26229,-92.25792418624259,7.177597516396989,206132,-96.6939343764425,2.7165835152131033,15
26230,-137.21025088496307,4.844059658144882,206133,-137.57400940459857,4.493303950559668,20
26231,-129.37643754720995,8.142035411472198,206134,-132.1080396739421,5.887059356646324,17
26232,-153.25359135478791,5.538778866173993,206137,-152.23629829764135,4.213482038439798,37
26233,-111.99044345803688,0.4809135775641794,206141,-109.71624596876933,-1.0040630408538558,16
26234,-113.23794164462028,6.383358608936106,206144,-114.33047638704419,5.73481138949136,19
26235,77.66308034498589,13.803962423567333,206146,78.01149217232324,3.6022338347977136,6
26236,83.47828741847889,-27.769168897743032,206148,70.166569844569,-14.692630117552799,9
26237,38.71130323654762,-32.597212377534404,206158,28.39696760572947,-22.91072472808294,12
26238,36.437822525049484,0.7517214922534167,206162,47.997068783449585,1.2679199422360634,13
26239,-153.0191745185853,0.9198712728967618,206164,-152.23629829764135,4.213482038439798,37
26240,-91.20503375046614,6.554885678512299,206170,-85.91178621041317,3.2728237667350073,24
26241,-81.13005411981675,5.565330756945525,206177,-85.91178621041317,3.2728237667350073,24
